 v-sweep         v(in)           v(out)          i(vdd)         
 0.00000000e+00  0.00000000e+00  2.50000000e+00 -2.51000045e-12 
 4.16666670e-03  4.16666670e-03  2.50000344e+00 -2.51000306e-12 
 8.33333340e-03  8.33333340e-03  2.50000338e+00 -2.51000306e-12 
 1.25000001e-02  1.25000001e-02  2.50000000e+00 -2.50999959e-12 
 1.66666668e-02  1.66666668e-02  2.50000000e+00 -2.51000002e-12 
 2.08333335e-02  2.08333335e-02  2.50000000e+00 -2.51000002e-12 
 2.50000002e-02  2.50000002e-02  2.50000000e+00 -2.51000002e-12 
 2.91666669e-02  2.91666669e-02  2.50000000e+00 -2.51000089e-12 
 3.33333336e-02  3.33333336e-02  2.50000000e+00 -2.51000089e-12 
 3.75000003e-02  3.75000003e-02  2.50000000e+00 -2.51000002e-12 
 4.16666670e-02  4.16666670e-02  2.50000000e+00 -2.50999959e-12 
 4.58333337e-02  4.58333337e-02  2.50000000e+00 -2.51000002e-12 
 5.00000004e-02  5.00000004e-02  2.50000000e+00 -2.50999915e-12 
 5.41666671e-02  5.41666671e-02  2.50000000e+00 -2.51000002e-12 
 5.83333338e-02  5.83333338e-02  2.50000000e+00 -2.50999959e-12 
 6.25000005e-02  6.25000005e-02  2.50000000e+00 -2.50999959e-12 
 6.66666672e-02  6.66666672e-02  2.50000000e+00 -2.51000045e-12 
 7.08333339e-02  7.08333339e-02  2.50000000e+00 -2.51000002e-12 
 7.50000006e-02  7.50000006e-02  2.50000000e+00 -2.51000045e-12 
 7.91666673e-02  7.91666673e-02  2.50000000e+00 -2.50999959e-12 
 8.33333340e-02  8.33333340e-02  2.50000000e+00 -2.51000002e-12 
 8.75000007e-02  8.75000007e-02  2.50000000e+00 -2.51000002e-12 
 9.16666674e-02  9.16666674e-02  2.50000000e+00 -2.50999959e-12 
 9.58333341e-02  9.58333341e-02  2.50000000e+00 -2.50999959e-12 
 1.00000001e-01  1.00000001e-01  2.50000000e+00 -2.50999959e-12 
 1.04166668e-01  1.04166668e-01  2.50000000e+00 -2.50999959e-12 
 1.08333334e-01  1.08333334e-01  2.50000000e+00 -2.51000002e-12 
 1.12500001e-01  1.12500001e-01  2.50000000e+00 -2.50999959e-12 
 1.16666668e-01  1.16666668e-01  2.50000000e+00 -2.51000002e-12 
 1.20833334e-01  1.20833334e-01  2.50000000e+00 -2.50999959e-12 
 1.25000001e-01  1.25000001e-01  2.50000000e+00 -2.51000045e-12 
 1.29166668e-01  1.29166668e-01  2.50000000e+00 -2.51000002e-12 
 1.33333334e-01  1.33333334e-01  2.50000000e+00 -2.51000002e-12 
 1.37500001e-01  1.37500001e-01  2.50000000e+00 -2.51000002e-12 
 1.41666668e-01  1.41666668e-01  2.50000000e+00 -2.51000002e-12 
 1.45833334e-01  1.45833334e-01  2.50000000e+00 -2.51000002e-12 
 1.50000001e-01  1.50000001e-01  2.50000000e+00 -2.51000002e-12 
 1.54166668e-01  1.54166668e-01  2.50000000e+00 -2.50999959e-12 
 1.58333335e-01  1.58333335e-01  2.50000000e+00 -2.51000002e-12 
 1.62500001e-01  1.62500001e-01  2.50000000e+00 -2.51000045e-12 
 1.66666668e-01  1.66666668e-01  2.50000000e+00 -2.51000045e-12 
 1.70833335e-01  1.70833335e-01  2.50000000e+00 -2.50999915e-12 
 1.75000001e-01  1.75000001e-01  2.50000000e+00 -2.51000045e-12 
 1.79166668e-01  1.79166668e-01  2.50000000e+00 -2.51000045e-12 
 1.83333335e-01  1.83333335e-01  2.50000000e+00 -2.51000002e-12 
 1.87500001e-01  1.87500001e-01  2.50000000e+00 -2.51000045e-12 
 1.91666668e-01  1.91666668e-01  2.50000000e+00 -2.51000002e-12 
 1.95833335e-01  1.95833335e-01  2.50000000e+00 -2.51000045e-12 
 2.00000002e-01  2.00000002e-01  2.50000000e+00 -2.51000002e-12 
 2.04166668e-01  2.04166668e-01  2.50000000e+00 -2.50999959e-12 
 2.08333335e-01  2.08333335e-01  2.50000000e+00 -2.50999915e-12 
 2.12500002e-01  2.12500002e-01  2.50000000e+00 -2.50999959e-12 
 2.16666668e-01  2.16666668e-01  2.50000000e+00 -2.51000002e-12 
 2.20833335e-01  2.20833335e-01  2.50000000e+00 -2.50999959e-12 
 2.25000002e-01  2.25000002e-01  2.50000000e+00 -2.51000002e-12 
 2.29166668e-01  2.29166668e-01  2.50000000e+00 -2.51000002e-12 
 2.33333335e-01  2.33333335e-01  2.50000000e+00 -2.50999959e-12 
 2.37500002e-01  2.37500002e-01  2.50000000e+00 -2.50999959e-12 
 2.41666669e-01  2.41666669e-01  2.50000000e+00 -2.51000002e-12 
 2.45833335e-01  2.45833335e-01  2.50000000e+00 -2.50999959e-12 
 2.50000002e-01  2.50000002e-01  2.50000000e+00 -2.51000002e-12 
 2.54166669e-01  2.54166669e-01  2.50000000e+00 -2.51000002e-12 
 2.58333335e-01  2.58333335e-01  2.50000000e+00 -2.51000002e-12 
 2.62500002e-01  2.62500002e-01  2.50000000e+00 -2.50999959e-12 
 2.66666669e-01  2.66666669e-01  2.50000000e+00 -2.50999959e-12 
 2.70833335e-01  2.70833335e-01  2.50000000e+00 -2.51000002e-12 
 2.75000002e-01  2.75000002e-01  2.50000000e+00 -2.51000002e-12 
 2.79166669e-01  2.79166669e-01  2.50000000e+00 -2.51000002e-12 
 2.83333336e-01  2.83333336e-01  2.50000000e+00 -2.50999959e-12 
 2.87500002e-01  2.87500002e-01  2.50000000e+00 -2.51000002e-12 
 2.91666669e-01  2.91666669e-01  2.50000000e+00 -2.50999959e-12 
 2.95833336e-01  2.95833336e-01  2.50000000e+00 -2.51000002e-12 
 3.00000002e-01  3.00000002e-01  2.50000000e+00 -2.51000002e-12 
 3.04166669e-01  3.04166669e-01  2.50000000e+00 -2.51000002e-12 
 3.08333336e-01  3.08333336e-01  2.50000000e+00 -2.51000002e-12 
 3.12500002e-01  3.12500002e-01  2.50000000e+00 -2.51000045e-12 
 3.16666669e-01  3.16666669e-01  2.50000000e+00 -2.51000002e-12 
 3.20833336e-01  3.20833336e-01  2.50000000e+00 -2.51000045e-12 
 3.25000003e-01  3.25000003e-01  2.50000000e+00 -2.51000002e-12 
 3.29166669e-01  3.29166669e-01  2.50000000e+00 -2.51000002e-12 
 3.33333336e-01  3.33333336e-01  2.50000000e+00 -2.51000002e-12 
 3.37500003e-01  3.37500003e-01  2.50000000e+00 -2.51000002e-12 
 3.41666669e-01  3.41666669e-01  2.50000000e+00 -2.50999959e-12 
 3.45833336e-01  3.45833336e-01  2.50000000e+00 -2.51000002e-12 
 3.50000003e-01  3.50000003e-01  2.50000000e+00 -2.51000045e-12 
 3.54166669e-01  3.54166669e-01  2.50000000e+00 -2.51000002e-12 
 3.58333336e-01  3.58333336e-01  2.50000000e+00 -2.50999959e-12 
 3.62500003e-01  3.62500003e-01  2.50000000e+00 -2.51000045e-12 
 3.66666670e-01  3.66666670e-01  2.50000000e+00 -2.51000045e-12 
 3.70833336e-01  3.70833336e-01  2.50000000e+00 -2.51000002e-12 
 3.75000003e-01  3.75000003e-01  2.50000000e+00 -2.51000002e-12 
 3.79166670e-01  3.79166670e-01  2.50000000e+00 -2.51000045e-12 
 3.83333336e-01  3.83333336e-01  2.50000000e+00 -2.51000002e-12 
 3.87500003e-01  3.87500003e-01  2.50000000e+00 -2.51000002e-12 
 3.91666670e-01  3.91666670e-01  2.50000000e+00 -2.51000045e-12 
 3.95833336e-01  3.95833336e-01  2.50000000e+00 -2.51000002e-12 
 4.00000003e-01  4.00000003e-01  2.50000000e+00 -2.51000002e-12 
 4.04166670e-01  4.04166670e-01  2.50000000e+00 -2.50999959e-12 
 4.08333337e-01  4.08333337e-01  2.50000000e+00 -2.51000002e-12 
 4.12500003e-01  4.12500003e-01  2.50000000e+00 -2.50999959e-12 
 4.16666670e-01  4.16666670e-01  2.50000000e+00 -2.51000045e-12 
 4.20833337e-01  4.20833337e-01  2.50000000e+00 -2.50999959e-12 
 4.25000003e-01  4.25000003e-01  2.50000000e+00 -2.51000045e-12 
 4.29166670e-01  4.29166670e-01  2.50000000e+00 -2.51000045e-12 
 4.33333337e-01  4.33333337e-01  2.49999284e+00 -5.62474181e-09 
 4.37500003e-01  4.37500003e-01  2.49996367e+00 -2.84649826e-08 
 4.41666670e-01  4.41666670e-01  2.49991188e+00 -6.88744572e-08 
 4.45833337e-01  4.45833337e-01  2.49983728e+00 -1.26852879e-07 
 4.50000004e-01  4.50000004e-01  2.49973970e+00 -2.02399834e-07 
 4.54166670e-01  4.54166670e-01  2.49961895e+00 -2.95514779e-07 
 4.58333337e-01  4.58333337e-01  2.49947486e+00 -4.06197041e-07 
 4.62500004e-01  4.62500004e-01  2.49930723e+00 -5.34445813e-07 
 4.66666670e-01  4.66666670e-01  2.49911589e+00 -6.80260156e-07 
 4.70833337e-01  4.70833337e-01  2.49890063e+00 -8.43638995e-07 
 4.75000004e-01  4.75000004e-01  2.49866127e+00 -1.02458111e-06 
 4.79166670e-01  4.79166670e-01  2.49839761e+00 -1.22308516e-06 
 4.83333337e-01  4.83333337e-01  2.49810945e+00 -1.43914964e-06 
 4.87500004e-01  4.87500004e-01  2.49779658e+00 -1.67277291e-06 
 4.91666671e-01  4.91666671e-01  2.49745880e+00 -1.92395319e-06 
 4.95833337e-01  4.95833337e-01  2.49709591e+00 -2.19268855e-06 
 5.00000004e-01  5.00000004e-01  2.49670768e+00 -2.47897690e-06 
 5.04166671e-01  5.04166671e-01  2.49629391e+00 -2.78281601e-06 
 5.08333337e-01  5.08333337e-01  2.49585438e+00 -3.10420349e-06 
 5.12500004e-01  5.12500004e-01  2.49538886e+00 -3.44313680e-06 
 5.16666671e-01  5.16666671e-01  2.49489713e+00 -3.79961322e-06 
 5.20833337e-01  5.20833337e-01  2.49437896e+00 -4.17362991e-06 
 5.25000004e-01  5.25000004e-01  2.49383412e+00 -4.56518382e-06 
 5.29166671e-01  5.29166671e-01  2.49326236e+00 -4.97427177e-06 
 5.33333338e-01  5.33333338e-01  2.49266346e+00 -5.40089038e-06 
 5.37500004e-01  5.37500004e-01  2.49203716e+00 -5.84503613e-06 
 5.41666671e-01  5.41666671e-01  2.49138323e+00 -6.30670529e-06 
 5.45833338e-01  5.45833338e-01  2.49070139e+00 -6.78589400e-06 
 5.50000004e-01  5.50000004e-01  2.48999141e+00 -7.28259817e-06 
 5.54166671e-01  5.54166671e-01  2.48925301e+00 -7.79681356e-06 
 5.58333338e-01  5.58333338e-01  2.48848594e+00 -8.32853573e-06 
 5.62500004e-01  5.62500004e-01  2.48770444e+00 -8.86900977e-06 
 5.66666671e-01  5.66666671e-01  2.48687938e+00 -9.43573433e-06 
 5.70833338e-01  5.70833338e-01  2.48602477e+00 -1.00199509e-05 
 5.75000005e-01  5.75000005e-01  2.48514038e+00 -1.06216547e-05 
 5.79166671e-01  5.79166671e-01  2.48422592e+00 -1.12408403e-05 
 5.83333338e-01  5.83333338e-01  2.48328109e+00 -1.18775021e-05 
 5.87500005e-01  5.87500005e-01  2.48230559e+00 -1.25316342e-05 
 5.91666671e-01  5.91666671e-01  2.48129911e+00 -1.32032307e-05 
 5.95833338e-01  5.95833338e-01  2.48026135e+00 -1.38922853e-05 
 6.00000005e-01  6.00000005e-01  2.47919199e+00 -1.45987915e-05 
 6.04166671e-01  6.04166671e-01  2.47809070e+00 -1.53227425e-05 
 6.08333338e-01  6.08333338e-01  2.47695715e+00 -1.60641316e-05 
 6.12500005e-01  6.12500005e-01  2.47579102e+00 -1.68229514e-05 
 6.16666672e-01  6.16666672e-01  2.47459195e+00 -1.75991947e-05 
 6.20833338e-01  6.20833338e-01  2.47335960e+00 -1.83928537e-05 
 6.25000005e-01  6.25000005e-01  2.47209362e+00 -1.92039206e-05 
 6.29166672e-01  6.29166672e-01  2.47079363e+00 -2.00323872e-05 
 6.33333338e-01  6.33333338e-01  2.46945927e+00 -2.08782452e-05 
 6.37500005e-01  6.37500005e-01  2.46809017e+00 -2.17414858e-05 
 6.41666672e-01  6.41666672e-01  2.46668593e+00 -2.26221001e-05 
 6.45833338e-01  6.45833338e-01  2.46524617e+00 -2.35200790e-05 
 6.50000005e-01  6.50000005e-01  2.46377049e+00 -2.44354130e-05 
 6.54166672e-01  6.54166672e-01  2.46225846e+00 -2.53680922e-05 
 6.58333339e-01  6.58333339e-01  2.46070968e+00 -2.63181066e-05 
 6.62500005e-01  6.62500005e-01  2.45912372e+00 -2.72854460e-05 
 6.66666672e-01  6.66666672e-01  2.45750014e+00 -2.82700995e-05 
 6.70833339e-01  6.70833339e-01  2.45583849e+00 -2.92720563e-05 
 6.75000005e-01  6.75000005e-01  2.45413832e+00 -3.02913050e-05 
 6.79166672e-01  6.79166672e-01  2.45239916e+00 -3.13278341e-05 
 6.83333339e-01  6.83333339e-01  2.45062054e+00 -3.23816315e-05 
 6.87500005e-01  6.87500005e-01  2.44880196e+00 -3.34526851e-05 
 6.91666672e-01  6.91666672e-01  2.44694293e+00 -3.45409821e-05 
 6.95833339e-01  6.95833339e-01  2.44504293e+00 -3.56465096e-05 
 7.00000006e-01  7.00000006e-01  2.44310145e+00 -3.67692542e-05 
 7.04166672e-01  7.04166672e-01  2.44111795e+00 -3.79092022e-05 
 7.08333339e-01  7.08333339e-01  2.43909188e+00 -3.90663395e-05 
 7.12500006e-01  7.12500006e-01  2.43702268e+00 -4.02406514e-05 
 7.16666672e-01  7.16666672e-01  2.43490977e+00 -4.14321233e-05 
 7.20833339e-01  7.20833339e-01  2.43275257e+00 -4.26407396e-05 
 7.25000006e-01  7.25000006e-01  2.43055046e+00 -4.38664846e-05 
 7.29166672e-01  7.29166672e-01  2.42830284e+00 -4.51093422e-05 
 7.33333339e-01  7.33333339e-01  2.42600905e+00 -4.63692957e-05 
 7.37500006e-01  7.37500006e-01  2.42366846e+00 -4.76463280e-05 
 7.41666673e-01  7.41666673e-01  2.42128040e+00 -4.89404214e-05 
 7.45833339e-01  7.45833339e-01  2.41884416e+00 -5.02515580e-05 
 7.50000006e-01  7.50000006e-01  2.41635906e+00 -5.15797191e-05 
 7.54166673e-01  7.54166673e-01  2.41382436e+00 -5.29248856e-05 
 7.58333339e-01  7.58333339e-01  2.41123932e+00 -5.42870380e-05 
 7.62500006e-01  7.62500006e-01  2.40860318e+00 -5.56661560e-05 
 7.66666673e-01  7.66666673e-01  2.40591514e+00 -5.70622189e-05 
 7.70833339e-01  7.70833339e-01  2.40317440e+00 -5.84752054e-05 
 7.75000006e-01  7.75000006e-01  2.40038012e+00 -5.99050934e-05 
 7.79166673e-01  7.79166673e-01  2.39753144e+00 -6.13518606e-05 
 7.83333340e-01  7.83333340e-01  2.39462749e+00 -6.28154836e-05 
 7.87500006e-01  7.87500006e-01  2.39166734e+00 -6.42959386e-05 
 7.91666673e-01  7.91666673e-01  2.38865007e+00 -6.57932011e-05 
 7.95833340e-01  7.95833340e-01  2.38557471e+00 -6.73072457e-05 
 8.00000006e-01  8.00000006e-01  2.38244026e+00 -6.88380465e-05 
 8.04166673e-01  8.04166673e-01  2.37924569e+00 -7.03855767e-05 
 8.08333340e-01  8.08333340e-01  2.37598993e+00 -7.19498088e-05 
 8.12500006e-01  8.12500006e-01  2.37267190e+00 -7.35307143e-05 
 8.16666673e-01  8.16666673e-01  2.36929046e+00 -7.51282641e-05 
 8.20833340e-01  8.20833340e-01  2.36584444e+00 -7.67424281e-05 
 8.25000007e-01  8.25000007e-01  2.36233263e+00 -7.83731752e-05 
 8.29166673e-01  8.29166673e-01  2.35875378e+00 -8.00204734e-05 
 8.33333340e-01  8.33333340e-01  2.35510658e+00 -8.16842898e-05 
 8.37500007e-01  8.37500007e-01  2.35138970e+00 -8.33645904e-05 
 8.41666673e-01  8.41666673e-01  2.34760175e+00 -8.50613400e-05 
 8.45833340e-01  8.45833340e-01  2.34374128e+00 -8.67745025e-05 
 8.50000007e-01  8.50000007e-01  2.33980680e+00 -8.85040406e-05 
 8.54166673e-01  8.54166673e-01  2.33579676e+00 -9.02499155e-05 
 8.58333340e-01  8.58333340e-01  2.33170954e+00 -9.20120875e-05 
 8.62500007e-01  8.62500007e-01  2.32754347e+00 -9.37905152e-05 
 8.66666674e-01  8.66666674e-01  2.32329681e+00 -9.55851562e-05 
 8.70833340e-01  8.70833340e-01  2.31896774e+00 -9.73959664e-05 
 8.75000007e-01  8.75000007e-01  2.31455438e+00 -9.92229000e-05 
 8.79166674e-01  8.79166674e-01  2.31005476e+00 -1.01065910e-04 
 8.83333340e-01  8.83333340e-01  2.30546683e+00 -1.02924947e-04 
 8.87500007e-01  8.87500007e-01  2.30078845e+00 -1.04799961e-04 
 8.91666674e-01  8.91666674e-01  2.29601740e+00 -1.06690899e-04 
 8.95833340e-01  8.95833340e-01  2.29115134e+00 -1.08597706e-04 
 9.00000007e-01  9.00000007e-01  2.28618782e+00 -1.10520326e-04 
 9.04166674e-01  9.04166674e-01  2.28112430e+00 -1.12458700e-04 
 9.08333341e-01  9.08333341e-01  2.27595810e+00 -1.14412767e-04 
 9.12500007e-01  9.12500007e-01  2.27068641e+00 -1.16382463e-04 
 9.16666674e-01  9.16666674e-01  2.26530628e+00 -1.18367721e-04 
 9.20833341e-01  9.20833341e-01  2.25981464e+00 -1.20368473e-04 
 9.25000007e-01  9.25000007e-01  2.25420821e+00 -1.22384646e-04 
 9.29166674e-01  9.29166674e-01  2.24848357e+00 -1.24416165e-04 
 9.33333341e-01  9.33333341e-01  2.24263713e+00 -1.26462952e-04 
 9.37500007e-01  9.37500007e-01  2.23666505e+00 -1.28524924e-04 
 9.41666674e-01  9.41666674e-01  2.23056332e+00 -1.30601995e-04 
 9.45833341e-01  9.45833341e-01  2.22432768e+00 -1.32694075e-04 
 9.50000008e-01  9.50000008e-01  2.21795363e+00 -1.34801069e-04 
 9.54166674e-01  9.54166674e-01  2.21143636e+00 -1.36922878e-04 
 9.58333341e-01  9.58333341e-01  2.20477082e+00 -1.39059397e-04 
 9.62500008e-01  9.62500008e-01  2.19795157e+00 -1.41210515e-04 
 9.66666674e-01  9.66666674e-01  2.19097288e+00 -1.43376117e-04 
 9.70833341e-01  9.70833341e-01  2.18382858e+00 -1.45556080e-04 
 9.75000008e-01  9.75000008e-01  2.17651210e+00 -1.47750273e-04 
 9.79166674e-01  9.79166674e-01  2.16901639e+00 -1.49958559e-04 
 9.83333341e-01  9.83333341e-01  2.16133390e+00 -1.52180791e-04 
 9.87500008e-01  9.87500008e-01  2.15345648e+00 -1.54416814e-04 
 9.91666675e-01  9.91666675e-01  2.14537537e+00 -1.56666461e-04 
 9.95833341e-01  9.95833341e-01  2.13708110e+00 -1.58929555e-04 
 1.00000001e+00  1.00000001e+00  2.12856339e+00 -1.61205907e-04 
 1.00416667e+00  1.00416667e+00  2.11981109e+00 -1.63495311e-04 
 1.00833334e+00  1.00833334e+00  2.11081205e+00 -1.65797549e-04 
 1.01250001e+00  1.01250001e+00  2.10155299e+00 -1.68112382e-04 
 1.01666667e+00  1.01666667e+00  2.09201937e+00 -1.70439555e-04 
 1.02083334e+00  1.02083334e+00  2.08219515e+00 -1.72778786e-04 
 1.02500001e+00  1.02500001e+00  2.07206265e+00 -1.75129772e-04 
 1.02916667e+00  1.02916667e+00  2.06160225e+00 -1.77492177e-04 
 1.03333334e+00  1.03333334e+00  2.05079209e+00 -1.79865635e-04 
 1.03750001e+00  1.03750001e+00  2.03960769e+00 -1.82249739e-04 
 1.04166667e+00  1.04166667e+00  2.02802152e+00 -1.84644037e-04 
 1.04583334e+00  1.04583334e+00  2.01600237e+00 -1.87048023e-04 
 1.05000001e+00  1.05000001e+00  2.00351471e+00 -1.89461130e-04 
 1.05416668e+00  1.05416668e+00  1.99051771e+00 -1.91882712e-04 
 1.05833334e+00  1.05833334e+00  1.97696415e+00 -1.94312034e-04 
 1.06250001e+00  1.06250001e+00  1.96279887e+00 -1.96748248e-04 
 1.06666668e+00  1.06666668e+00  1.94795679e+00 -1.99190364e-04 
 1.07083334e+00  1.07083334e+00  1.93236023e+00 -2.01637218e-04 
 1.07500001e+00  1.07500001e+00  1.91591517e+00 -2.04087420e-04 
 1.07916668e+00  1.07916668e+00  1.89850608e+00 -2.06539282e-04 
 1.08333334e+00  1.08333334e+00  1.87998834e+00 -2.08990719e-04 
 1.08750001e+00  1.08750001e+00  1.86017684e+00 -2.11439098e-04 
 1.09166668e+00  1.09166668e+00  1.83882834e+00 -2.13881002e-04 
 1.09583334e+00  1.09583334e+00  1.81561239e+00 -2.16311849e-04 
 1.10000001e+00  1.10000001e+00  1.79006084e+00 -2.18725230e-04 
 1.10416668e+00  1.10416668e+00  1.75956077e+00 -2.21092963e-04 
 1.10833334e+00  1.10833334e+00  1.72591669e+00 -2.23425631e-04 
 1.11250001e+00  1.11250001e+00  1.68510266e+00 -2.25676945e-04 
 1.11666668e+00  1.11666668e+00  1.63028326e+00 -2.27758489e-04 
 1.12083334e+00  1.12083334e+00  1.51188508e+00 -2.29039186e-04 
 1.12500001e+00  1.12500001e+00  1.32521220e+00 -2.29450053e-04 
 1.12916668e+00  1.12916668e+00  1.13893375e+00 -2.29805489e-04 
 1.13333334e+00  1.13333334e+00  9.52964084e-01 -2.30123987e-04 
 1.13750001e+00  1.13750001e+00  7.67332590e-01 -2.30405548e-04 
 1.14166668e+00  1.14166668e+00  6.49897056e-01 -2.29792368e-04 
 1.14583334e+00  1.14583334e+00  6.06409579e-01 -2.28269073e-04 
 1.15000001e+00  1.15000001e+00  5.76245922e-01 -2.26583020e-04 
 1.15416668e+00  1.15416668e+00  5.51526716e-01 -2.24833844e-04 
 1.15833334e+00  1.15833334e+00  5.30383969e-01 -2.23045738e-04 
 1.16250001e+00  1.16250001e+00  5.11741511e-01 -2.21232672e-04 
 1.16666668e+00  1.16666668e+00  4.94970050e-01 -2.19402889e-04 
 1.17083334e+00  1.17083334e+00  4.79665913e-01 -2.17561722e-04 
 1.17500001e+00  1.17500001e+00  4.65552212e-01 -2.15712864e-04 
 1.17916668e+00  1.17916668e+00  4.52429340e-01 -2.13859003e-04 
 1.18333334e+00  1.18333334e+00  4.39749017e-01 -2.12003357e-04 
 1.18750001e+00  1.18750001e+00  4.28264468e-01 -2.10144155e-04 
 1.19166668e+00  1.19166668e+00  4.17381308e-01 -2.08285274e-04 
 1.19583334e+00  1.19583334e+00  4.07053219e-01 -2.06427370e-04 
 1.20000001e+00  1.20000001e+00  3.97220279e-01 -2.04571290e-04 
 1.20416668e+00  1.20416668e+00  3.87833357e-01 -2.02717732e-04 
 1.20833334e+00  1.20833334e+00  3.78850848e-01 -2.00867294e-04 
 1.21250001e+00  1.21250001e+00  3.70237193e-01 -1.99020491e-04 
 1.21666668e+00  1.21666668e+00  3.61961717e-01 -1.97177771e-04 
 1.22083334e+00  1.22083334e+00  3.53997745e-01 -1.95339527e-04 
 1.22500001e+00  1.22500001e+00  3.46321909e-01 -1.93506107e-04 
 1.22916668e+00  1.22916668e+00  3.38913604e-01 -1.91677819e-04 
 1.23333334e+00  1.23333334e+00  3.31754551e-01 -1.89854939e-04 
 1.23750001e+00  1.23750001e+00  3.24828449e-01 -1.88037716e-04 
 1.24166668e+00  1.24166668e+00  3.18120686e-01 -1.86226375e-04 
 1.24583334e+00  1.24583334e+00  3.11618104e-01 -1.84421120e-04 
 1.25000001e+00  1.25000001e+00  3.05308809e-01 -1.82622136e-04 
 1.25416668e+00  1.25416668e+00  2.99182002e-01 -1.80829592e-04 
 1.25833334e+00  1.25833334e+00  2.93227847e-01 -1.79043647e-04 
 1.26250001e+00  1.26250001e+00  2.87437355e-01 -1.77264442e-04 
 1.26666668e+00  1.26666668e+00  2.81802282e-01 -1.75492112e-04 
 1.27083334e+00  1.27083334e+00  2.76315051e-01 -1.73726779e-04 
 1.27500001e+00  1.27500001e+00  2.70968674e-01 -1.71968557e-04 
 1.27916668e+00  1.27916668e+00  2.65756693e-01 -1.70217554e-04 
 1.28333334e+00  1.28333334e+00  2.60673124e-01 -1.68473868e-04 
 1.28750001e+00  1.28750001e+00  2.55712410e-01 -1.66737593e-04 
 1.29166668e+00  1.29166668e+00  2.50869382e-01 -1.65008816e-04 
 1.29583334e+00  1.29583334e+00  2.46139217e-01 -1.63287619e-04 
 1.30000001e+00  1.30000001e+00  2.41517411e-01 -1.61574078e-04 
 1.30416668e+00  1.30416668e+00  2.36999750e-01 -1.59868267e-04 
 1.30833334e+00  1.30833334e+00  2.32582282e-01 -1.58170254e-04 
 1.31250001e+00  1.31250001e+00  2.28261296e-01 -1.56480104e-04 
 1.31666668e+00  1.31666668e+00  2.24033302e-01 -1.54797877e-04 
 1.32083334e+00  1.32083334e+00  2.19895015e-01 -1.53123633e-04 
 1.32500001e+00  1.32500001e+00  2.15843335e-01 -1.51457427e-04 
 1.32916668e+00  1.32916668e+00  2.11875335e-01 -1.49799310e-04 
 1.33333334e+00  1.33333334e+00  2.07988247e-01 -1.48149334e-04 
 1.33750001e+00  1.33750001e+00  2.04179451e-01 -1.46507545e-04 
 1.34166668e+00  1.34166668e+00  2.00446463e-01 -1.44873989e-04 
 1.34583334e+00  1.34583334e+00  1.96786927e-01 -1.43248709e-04 
 1.35000001e+00  1.35000001e+00  1.93198604e-01 -1.41631747e-04 
 1.35416668e+00  1.35416668e+00  1.89679366e-01 -1.40023142e-04 
 1.35833334e+00  1.35833334e+00  1.86227185e-01 -1.38422932e-04 
 1.36250001e+00  1.36250001e+00  1.82840133e-01 -1.36831153e-04 
 1.36666668e+00  1.36666668e+00  1.79516367e-01 -1.35247840e-04 
 1.37083334e+00  1.37083334e+00  1.76254132e-01 -1.33673028e-04 
 1.37500001e+00  1.37500001e+00  1.73051749e-01 -1.32106747e-04 
 1.37916668e+00  1.37916668e+00  1.69907613e-01 -1.30549028e-04 
 1.38333334e+00  1.38333334e+00  1.66820189e-01 -1.28999902e-04 
 1.38750001e+00  1.38750001e+00  1.63788006e-01 -1.27459396e-04 
 1.39166668e+00  1.39166668e+00  1.60809658e-01 -1.25927539e-04 
 1.39583334e+00  1.39583334e+00  1.57883792e-01 -1.24404356e-04 
 1.40000001e+00  1.40000001e+00  1.55009112e-01 -1.22889874e-04 
 1.40416668e+00  1.40416668e+00  1.52184375e-01 -1.21384117e-04 
 1.40833334e+00  1.40833334e+00  1.49408384e-01 -1.19887108e-04 
 1.41250001e+00  1.41250001e+00  1.46679989e-01 -1.18398871e-04 
 1.41666668e+00  1.41666668e+00  1.43998084e-01 -1.16919428e-04 
 1.42083334e+00  1.42083334e+00  1.41361606e-01 -1.15448800e-04 
 1.42500001e+00  1.42500001e+00  1.38769528e-01 -1.13987008e-04 
 1.42916668e+00  1.42916668e+00  1.36220862e-01 -1.12534073e-04 
 1.43333334e+00  1.43333334e+00  1.33714656e-01 -1.11090012e-04 
 1.43750001e+00  1.43750001e+00  1.31249991e-01 -1.09654847e-04 
 1.44166668e+00  1.44166668e+00  1.28825979e-01 -1.08228593e-04 
 1.44583334e+00  1.44583334e+00  1.26441763e-01 -1.06811270e-04 
 1.45000001e+00  1.45000001e+00  1.24096517e-01 -1.05402895e-04 
 1.45416668e+00  1.45416668e+00  1.21789441e-01 -1.04003483e-04 
 1.45833334e+00  1.45833334e+00  1.19519760e-01 -1.02613051e-04 
 1.46250001e+00  1.46250001e+00  1.17286726e-01 -1.01231615e-04 
 1.46666668e+00  1.46666668e+00  1.15089616e-01 -9.98591903e-05 
 1.47083335e+00  1.47083335e+00  1.12927728e-01 -9.84957910e-05 
 1.47500001e+00  1.47500001e+00  1.10800383e-01 -9.71414316e-05 
 1.47916668e+00  1.47916668e+00  1.08706922e-01 -9.57961262e-05 
 1.48333335e+00  1.48333335e+00  1.06646707e-01 -9.44598882e-05 
 1.48750001e+00  1.48750001e+00  1.04619119e-01 -9.31327308e-05 
 1.49166668e+00  1.49166668e+00  1.02623559e-01 -9.18146668e-05 
 1.49583335e+00  1.49583335e+00  1.00659443e-01 -9.05057086e-05 
 1.50000001e+00  1.50000001e+00  9.87262057e-02 -8.92058684e-05 
 1.50416668e+00  1.50416668e+00  9.68232978e-02 -8.79151579e-05 
 1.50833335e+00  1.50833335e+00  9.49501855e-02 -8.66335887e-05 
 1.51250001e+00  1.51250001e+00  9.31063502e-02 -8.53611719e-05 
 1.51666668e+00  1.51666668e+00  9.12912876e-02 -8.40979183e-05 
 1.52083335e+00  1.52083335e+00  8.95045075e-02 -8.28438387e-05 
 1.52500001e+00  1.52500001e+00  8.77455328e-02 -8.15989433e-05 
 1.52916668e+00  1.52916668e+00  8.60138995e-02 -8.03632421e-05 
 1.53333335e+00  1.53333335e+00  8.43091559e-02 -7.91367451e-05 
 1.53750001e+00  1.53750001e+00  8.26308622e-02 -7.79194617e-05 
 1.54166668e+00  1.54166668e+00  8.09785901e-02 -7.67114014e-05 
 1.54583335e+00  1.54583335e+00  7.93519223e-02 -7.55125731e-05 
 1.55000001e+00  1.55000001e+00  7.77504524e-02 -7.43229858e-05 
 1.55416668e+00  1.55416668e+00  7.61737840e-02 -7.31426481e-05 
 1.55833335e+00  1.55833335e+00  7.46215308e-02 -7.19715685e-05 
 1.56250001e+00  1.56250001e+00  7.30933161e-02 -7.08097552e-05 
 1.56666668e+00  1.56666668e+00  7.15887725e-02 -6.96572162e-05 
 1.57083335e+00  1.57083335e+00  7.01075415e-02 -6.85139594e-05 
 1.57500001e+00  1.57500001e+00  6.86492731e-02 -6.73799925e-05 
 1.57916668e+00  1.57916668e+00  6.72136258e-02 -6.62553229e-05 
 1.58333335e+00  1.58333335e+00  6.58002662e-02 -6.51399580e-05 
 1.58750001e+00  1.58750001e+00  6.44088687e-02 -6.40339048e-05 
 1.59166668e+00  1.59166668e+00  6.30391152e-02 -6.29371704e-05 
 1.59583335e+00  1.59583335e+00  6.16906950e-02 -6.18497615e-05 
 1.60000001e+00  1.60000001e+00  6.03633044e-02 -6.07716848e-05 
 1.60416668e+00  1.60416668e+00  5.90566465e-02 -5.97029468e-05 
 1.60833335e+00  1.60833335e+00  5.77704312e-02 -5.86435538e-05 
 1.61250001e+00  1.61250001e+00  5.65043749e-02 -5.75935121e-05 
 1.61666668e+00  1.61666668e+00  5.52581999e-02 -5.65528276e-05 
 1.62083335e+00  1.62083335e+00  5.40316349e-02 -5.55215062e-05 
 1.62500001e+00  1.62500001e+00  5.28244142e-02 -5.44995539e-05 
 1.62916668e+00  1.62916668e+00  5.16362780e-02 -5.34869762e-05 
 1.63333335e+00  1.63333335e+00  5.04669720e-02 -5.24837786e-05 
 1.63750001e+00  1.63750001e+00  4.93162471e-02 -5.14899666e-05 
 1.64166668e+00  1.64166668e+00  4.81838595e-02 -5.05055454e-05 
 1.64583335e+00  1.64583335e+00  4.70695705e-02 -4.95305201e-05 
 1.65000001e+00  1.65000001e+00  4.59731462e-02 -4.85648959e-05 
 1.65416668e+00  1.65416668e+00  4.48943575e-02 -4.76086776e-05 
 1.65833335e+00  1.65833335e+00  4.38329799e-02 -4.66618701e-05 
 1.66250001e+00  1.66250001e+00  4.27887936e-02 -4.57244781e-05 
 1.66666668e+00  1.66666668e+00  4.17615830e-02 -4.47965062e-05 
 1.67083335e+00  1.67083335e+00  4.07511366e-02 -4.38779588e-05 
 1.67500001e+00  1.67500001e+00  3.97572473e-02 -4.29688404e-05 
 1.67916668e+00  1.67916668e+00  3.87797120e-02 -4.20691554e-05 
 1.68333335e+00  1.68333335e+00  3.78183314e-02 -4.11789078e-05 
 1.68750001e+00  1.68750001e+00  3.68729101e-02 -4.02981018e-05 
 1.69166668e+00  1.69166668e+00  3.59432563e-02 -3.94267415e-05 
 1.69583335e+00  1.69583335e+00  3.50291819e-02 -3.85648308e-05 
 1.70000001e+00  1.70000001e+00  3.41305023e-02 -3.77123734e-05 
 1.70416668e+00  1.70416668e+00  3.32470363e-02 -3.68693732e-05 
 1.70833335e+00  1.70833335e+00  3.23786062e-02 -3.60358339e-05 
 1.71250001e+00  1.71250001e+00  3.15250372e-02 -3.52117590e-05 
 1.71666668e+00  1.71666668e+00  3.06861581e-02 -3.43971521e-05 
 1.72083335e+00  1.72083335e+00  2.98618004e-02 -3.35920166e-05 
 1.72500001e+00  1.72500001e+00  2.90517988e-02 -3.27963558e-05 
 1.72916668e+00  1.72916668e+00  2.82559911e-02 -3.20101730e-05 
 1.73333335e+00  1.73333335e+00  2.74742176e-02 -3.12334714e-05 
 1.73750001e+00  1.73750001e+00  2.67063216e-02 -3.04662542e-05 
 1.74166668e+00  1.74166668e+00  2.59521491e-02 -2.97085245e-05 
 1.74583335e+00  1.74583335e+00  2.52115488e-02 -2.89602851e-05 
 1.75000001e+00  1.75000001e+00  2.44843720e-02 -2.82215391e-05 
 1.75416668e+00  1.75416668e+00  2.37704724e-02 -2.74922893e-05 
 1.75833335e+00  1.75833335e+00  2.30697063e-02 -2.67725384e-05 
 1.76250001e+00  1.76250001e+00  2.23819324e-02 -2.60622893e-05 
 1.76666668e+00  1.76666668e+00  2.17070117e-02 -2.53615445e-05 
 1.77083335e+00  1.77083335e+00  2.10448076e-02 -2.46703068e-05 
 1.77500001e+00  1.77500001e+00  2.03951856e-02 -2.39885785e-05 
 1.77916668e+00  1.77916668e+00  1.97580136e-02 -2.33163622e-05 
 1.78333335e+00  1.78333335e+00  1.91331615e-02 -2.26536604e-05 
 1.78750001e+00  1.78750001e+00  1.85205013e-02 -2.20004754e-05 
 1.79166668e+00  1.79166668e+00  1.79199071e-02 -2.13568094e-05 
 1.79583335e+00  1.79583335e+00  1.73312551e-02 -2.07226648e-05 
 1.80000001e+00  1.80000001e+00  1.67544232e-02 -2.00980437e-05 
 1.80416668e+00  1.80416668e+00  1.61892915e-02 -1.94829484e-05 
 1.80833335e+00  1.80833335e+00  1.56357419e-02 -1.88773808e-05 
 1.81250001e+00  1.81250001e+00  1.50936580e-02 -1.82813430e-05 
 1.81666668e+00  1.81666668e+00  1.45629253e-02 -1.76948370e-05 
 1.82083335e+00  1.82083335e+00  1.40434311e-02 -1.71178648e-05 
 1.82500001e+00  1.82500001e+00  1.35350643e-02 -1.65504283e-05 
 1.82916668e+00  1.82916668e+00  1.30377156e-02 -1.59925292e-05 
 1.83333335e+00  1.83333335e+00  1.25512773e-02 -1.54441694e-05 
 1.83750001e+00  1.83750001e+00  1.20756434e-02 -1.49053507e-05 
 1.84166668e+00  1.84166668e+00  1.16107092e-02 -1.43760747e-05 
 1.84583335e+00  1.84583335e+00  1.11563720e-02 -1.38563430e-05 
 1.85000001e+00  1.85000001e+00  1.07125301e-02 -1.33461574e-05 
 1.85416668e+00  1.85416668e+00  1.02790837e-02 -1.28455194e-05 
 1.85833335e+00  1.85833335e+00  9.85593423e-03 -1.23544305e-05 
 1.86250001e+00  1.86250001e+00  9.44298465e-03 -1.18728922e-05 
 1.86666668e+00  1.86666668e+00  9.04013925e-03 -1.14009060e-05 
 1.87083335e+00  1.87083335e+00  8.64730372e-03 -1.09384732e-05 
 1.87500001e+00  1.87500001e+00  8.26438507e-03 -1.04855952e-05 
 1.87916668e+00  1.87916668e+00  7.89129166e-03 -1.00422734e-05 
 1.88333335e+00  1.88333335e+00  7.52793309e-03 -9.60850894e-06 
 1.88750002e+00  1.88750002e+00  7.17422026e-03 -9.18430320e-06 
 1.89166668e+00  1.89166668e+00  6.83006529e-03 -8.76965736e-06 
 1.89583335e+00  1.89583335e+00  6.49538151e-03 -8.36457258e-06 
 1.90000002e+00  1.90000002e+00  6.17008346e-03 -7.96905001e-06 
 1.90416668e+00  1.90416668e+00  5.85408683e-03 -7.58309074e-06 
 1.90833335e+00  1.90833335e+00  5.54730846e-03 -7.20669585e-06 
 1.91250002e+00  1.91250002e+00  5.24966633e-03 -6.83986636e-06 
 1.91666668e+00  1.91666668e+00  4.96107948e-03 -6.48260328e-06 
 1.92083335e+00  1.92083335e+00  4.68146808e-03 -6.13490757e-06 
 1.92500002e+00  1.92500002e+00  4.41075334e-03 -5.79678016e-06 
 1.92916668e+00  1.92916668e+00  4.14885751e-03 -5.46822195e-06 
 1.93333335e+00  1.93333335e+00  3.89570386e-03 -5.14923380e-06 
 1.93750002e+00  1.93750002e+00  3.65121668e-03 -4.83981656e-06 
 1.94166668e+00  1.94166668e+00  3.41959251e-03 -4.54475708e-06 
 1.94583335e+00  1.94583335e+00  3.19217846e-03 -4.25448441e-06 
 1.95000002e+00  1.95000002e+00  2.97321002e-03 -3.97378495e-06 
 1.95416668e+00  1.95416668e+00  2.76261530e-03 -3.70265941e-06 
 1.95833335e+00  1.95833335e+00  2.56032334e-03 -3.44110848e-06 
 1.96250002e+00  1.96250002e+00  2.36626405e-03 -3.18913281e-06 
 1.96666668e+00  1.96666668e+00  2.18036825e-03 -2.94673302e-06 
 1.97083335e+00  1.97083335e+00  2.00256760e-03 -2.71390973e-06 
 1.97500002e+00  1.97500002e+00  1.83279466e-03 -2.49066349e-06 
 1.97916668e+00  1.97916668e+00  1.67098277e-03 -2.27699485e-06 
 1.98333335e+00  1.98333335e+00  1.51706615e-03 -2.07290433e-06 
 1.98750002e+00  1.98750002e+00  1.37097979e-03 -1.87839241e-06 
 1.99166668e+00  1.99166668e+00  1.23265950e-03 -1.69345957e-06 
 1.99583335e+00  1.99583335e+00  1.10204186e-03 -1.51810623e-06 
 2.00000002e+00  2.00000002e+00  9.79064216e-04 -1.35233281e-06 
 2.00416668e+00  2.00416668e+00  8.63664683e-04 -1.19613969e-06 
 2.00833335e+00  2.00833335e+00  7.55782110e-04 -1.04952724e-06 
 2.01250002e+00  2.01250002e+00  6.55356081e-04 -9.12495797e-07 
 2.01666668e+00  2.01666668e+00  5.62326897e-04 -7.85045668e-07 
 2.02083335e+00  2.02083335e+00  4.76635564e-04 -6.67177146e-07 
 2.02500002e+00  2.02500002e+00  3.98223787e-04 -5.58890495e-07 
 2.02916668e+00  2.02916668e+00  3.27033951e-04 -4.60185958e-07 
 2.03333335e+00  2.03333335e+00  2.63009115e-04 -3.71063755e-07 
 2.03750002e+00  2.03750002e+00  2.06093001e-04 -2.91524083e-07 
 2.04166668e+00  2.04166668e+00  1.56229978e-04 -2.21567115e-07 
 2.04583335e+00  2.04583335e+00  1.13365060e-04 -1.61193005e-07 
 2.05000002e+00  2.05000002e+00  7.74438856e-05 -1.10401883e-07 
 2.05416668e+00  2.05416668e+00  4.84127176e-05 -6.91938582e-08 
 2.05833335e+00  2.05833335e+00  2.62184270e-05 -3.75690192e-08 
 2.06250002e+00  2.06250002e+00  1.08084853e-05 -1.55274329e-08 
 2.06666668e+00  2.06666668e+00  2.13095302e-06 -3.06914590e-09 
 2.07083335e+00  2.07083335e+00  1.73276238e-09 -2.51000000e-12 
 2.07500002e+00  2.07500002e+00  1.73390727e-09 -2.51000000e-12 
 2.07916668e+00  2.07916668e+00  1.72951251e-09 -2.51000000e-12 
 2.08333335e+00  2.08333335e+00  1.72515395e-09 -2.51000000e-12 
 2.08750002e+00  2.08750002e+00  1.72081727e-09 -2.51000000e-12 
 2.09166668e+00  2.09166668e+00  1.71650234e-09 -2.51000000e-12 
 2.09583335e+00  2.09583335e+00  1.71220899e-09 -2.51000000e-12 
 2.10000002e+00  2.10000002e+00  1.70793706e-09 -2.51000000e-12 
 2.10416668e+00  2.10416668e+00  1.70368640e-09 -2.51000000e-12 
 2.10833335e+00  2.10833335e+00  1.69945684e-09 -2.51000000e-12 
 2.11250002e+00  2.11250002e+00  1.69524824e-09 -2.51000000e-12 
 2.11666668e+00  2.11666668e+00  1.69106042e-09 -2.51000000e-12 
 2.12083335e+00  2.12083335e+00  1.68689325e-09 -2.51000000e-12 
 2.12500002e+00  2.12500002e+00  1.68274656e-09 -2.51000000e-12 
 2.12916668e+00  2.12916668e+00  1.67862021e-09 -2.51000000e-12 
 2.13333335e+00  2.13333335e+00  1.67451404e-09 -2.51000000e-12 
 2.13750002e+00  2.13750002e+00  1.67042792e-09 -2.51000000e-12 
 2.14166668e+00  2.14166668e+00  1.66636169e-09 -2.51000000e-12 
 2.14583335e+00  2.14583335e+00  1.66231520e-09 -2.51000000e-12 
 2.15000002e+00  2.15000002e+00  1.65828832e-09 -2.51000000e-12 
 2.15416668e+00  2.15416668e+00  1.65428091e-09 -2.51000000e-12 
 2.15833335e+00  2.15833335e+00  1.65029281e-09 -2.51000000e-12 
 2.16250002e+00  2.16250002e+00  1.64632390e-09 -2.51000000e-12 
 2.16666668e+00  2.16666668e+00  1.64237403e-09 -2.51000000e-12 
 2.17083335e+00  2.17083335e+00  1.63844307e-09 -2.51000000e-12 
 2.17500002e+00  2.17500002e+00  1.63453088e-09 -2.51000000e-12 
 2.17916668e+00  2.17916668e+00  1.63063734e-09 -2.51000000e-12 
 2.18333335e+00  2.18333335e+00  1.62676229e-09 -2.51000000e-12 
 2.18750002e+00  2.18750002e+00  1.62290562e-09 -2.51000000e-12 
 2.19166668e+00  2.19166668e+00  1.61906719e-09 -2.51000000e-12 
 2.19583335e+00  2.19583335e+00  1.61524688e-09 -2.51000000e-12 
 2.20000002e+00  2.20000002e+00  1.61144455e-09 -2.51000000e-12 
 2.20416668e+00  2.20416668e+00  1.60766008e-09 -2.51000000e-12 
 2.20833335e+00  2.20833335e+00  1.60389335e-09 -2.51000000e-12 
 2.21250002e+00  2.21250002e+00  1.60014422e-09 -2.51000000e-12 
 2.21666668e+00  2.21666668e+00  1.59641258e-09 -2.51000000e-12 
 2.22083335e+00  2.22083335e+00  1.59269831e-09 -2.51000000e-12 
 2.22500002e+00  2.22500002e+00  1.58900128e-09 -2.51000000e-12 
 2.22916668e+00  2.22916668e+00  1.58532137e-09 -2.51000000e-12 
 2.23333335e+00  2.23333335e+00  1.58165847e-09 -2.51000000e-12 
 2.23750002e+00  2.23750002e+00  1.57801245e-09 -2.51000000e-12 
 2.24166668e+00  2.24166668e+00  1.57438321e-09 -2.51000000e-12 
 2.24583335e+00  2.24583335e+00  1.57077062e-09 -2.51000000e-12 
 2.25000002e+00  2.25000002e+00  1.56717457e-09 -2.51000000e-12 
 2.25416668e+00  2.25416668e+00  1.56359495e-09 -2.51000000e-12 
 2.25833335e+00  2.25833335e+00  1.56003164e-09 -2.51000000e-12 
 2.26250002e+00  2.26250002e+00  1.55648454e-09 -2.51000000e-12 
 2.26666668e+00  2.26666668e+00  1.55295353e-09 -2.51000000e-12 
 2.27083335e+00  2.27083335e+00  1.54943851e-09 -2.51000000e-12 
 2.27500002e+00  2.27500002e+00  1.54593936e-09 -2.51000000e-12 
 2.27916668e+00  2.27916668e+00  1.54245598e-09 -2.51000000e-12 
 2.28333335e+00  2.28333335e+00  1.53898826e-09 -2.51000000e-12 
 2.28750002e+00  2.28750002e+00  1.53553610e-09 -2.51000000e-12 
 2.29166669e+00  2.29166669e+00  1.53209940e-09 -2.51000000e-12 
 2.29583335e+00  2.29583335e+00  1.52867804e-09 -2.51000000e-12 
 2.30000002e+00  2.30000002e+00  1.52527193e-09 -2.51000000e-12 
 2.30416669e+00  2.30416669e+00  1.52188096e-09 -2.51000000e-12 
 2.30833335e+00  2.30833335e+00  1.51850504e-09 -2.51000000e-12 
 2.31250002e+00  2.31250002e+00  1.51514406e-09 -2.51000000e-12 
 2.31666669e+00  2.31666669e+00  1.51179793e-09 -2.51000000e-12 
 2.32083335e+00  2.32083335e+00  1.50846654e-09 -2.51000000e-12 
 2.32500002e+00  2.32500002e+00  1.50514980e-09 -2.51000000e-12 
 2.32916669e+00  2.32916669e+00  1.50184762e-09 -2.51000000e-12 
 2.33333335e+00  2.33333335e+00  1.49855989e-09 -2.51000000e-12 
 2.33750002e+00  2.33750002e+00  1.49528653e-09 -2.51000000e-12 
 2.34166669e+00  2.34166669e+00  1.49202744e-09 -2.51000000e-12 
 2.34583335e+00  2.34583335e+00  1.48878252e-09 -2.51000000e-12 
 2.35000002e+00  2.35000002e+00  1.48555168e-09 -2.51000000e-12 
 2.35416669e+00  2.35416669e+00  1.48233484e-09 -2.51000000e-12 
 2.35833335e+00  2.35833335e+00  1.47913190e-09 -2.51000000e-12 
 2.36250002e+00  2.36250002e+00  1.47594277e-09 -2.51000000e-12 
 2.36666669e+00  2.36666669e+00  1.47276737e-09 -2.51000000e-12 
 2.37083335e+00  2.37083335e+00  1.46960559e-09 -2.51000000e-12 
 2.37500002e+00  2.37500002e+00  1.46645737e-09 -2.51000000e-12 
 2.37916669e+00  2.37916669e+00  1.46332260e-09 -2.51000000e-12 
 2.38333335e+00  2.38333335e+00  1.46020121e-09 -2.51000000e-12 
 2.38750002e+00  2.38750002e+00  1.45709310e-09 -2.51000000e-12 
 2.39166669e+00  2.39166669e+00  1.45399820e-09 -2.51000000e-12 
 2.39583335e+00  2.39583335e+00  1.45091642e-09 -2.51000000e-12 
 2.40000002e+00  2.40000002e+00  1.44784767e-09 -2.51000000e-12 
 2.40416669e+00  2.40416669e+00  1.44479188e-09 -2.51000000e-12 
 2.40833335e+00  2.40833335e+00  1.44174896e-09 -2.51000000e-12 
 2.41250002e+00  2.41250002e+00  1.43871883e-09 -2.51000000e-12 
 2.41666669e+00  2.41666669e+00  1.43570140e-09 -2.51000000e-12 
 2.42083335e+00  2.42083335e+00  1.43269661e-09 -2.51000000e-12 
 2.42500002e+00  2.42500002e+00  1.42970438e-09 -2.51000000e-12 
 2.42916669e+00  2.42916669e+00  1.42672461e-09 -2.51000000e-12 
 2.43333335e+00  2.43333335e+00  1.42375724e-09 -2.51000000e-12 
 2.43750002e+00  2.43750002e+00  1.42080218e-09 -2.51000000e-12 
 2.44166669e+00  2.44166669e+00  1.41785937e-09 -2.51000000e-12 
 2.44583335e+00  2.44583335e+00  1.41492872e-09 -2.51000000e-12 
 2.45000002e+00  2.45000002e+00  1.41201017e-09 -2.51000000e-12 
 2.45416669e+00  2.45416669e+00  1.40910362e-09 -2.51000000e-12 
 2.45833335e+00  2.45833335e+00  1.40620902e-09 -2.51000000e-12 
 2.46250002e+00  2.46250002e+00  1.40332629e-09 -2.51000000e-12 
 2.46666669e+00  2.46666669e+00  1.40045535e-09 -2.51000000e-12 
 2.47083335e+00  2.47083335e+00  1.39759614e-09 -2.51000000e-12 
 2.47500002e+00  2.47500002e+00  1.39474857e-09 -2.51000000e-12 
 2.47916669e+00  2.47916669e+00  1.39191259e-09 -2.51000000e-12 
 2.48333335e+00  2.48333335e+00  1.38908811e-09 -2.51000000e-12 
 2.48750002e+00  2.48750002e+00  1.38627508e-09 -2.51000000e-12 
 2.49166669e+00  2.49166669e+00  1.38347341e-09 -2.51000000e-12 
 2.49583335e+00  2.49583335e+00  1.38068305e-09 -2.51000000e-12 
