 v-sweep         v(in)           v(out)          i(vdd)         
 0.00000000e+00  0.00000000e+00  2.50000000e+00 -2.51000002e-12 
 4.16666670e-03  4.16666670e-03  2.50000344e+00 -2.51000262e-12 
 8.33333340e-03  8.33333340e-03  2.50000339e+00 -2.51000436e-12 
 1.25000001e-02  1.25000001e-02  2.50000001e+00 -2.51000002e-12 
 1.66666668e-02  1.66666668e-02  2.50000000e+00 -2.51000002e-12 
 2.08333335e-02  2.08333335e-02  2.50000000e+00 -2.51000002e-12 
 2.50000002e-02  2.50000002e-02  2.50000000e+00 -2.50999915e-12 
 2.91666669e-02  2.91666669e-02  2.50000000e+00 -2.51000002e-12 
 3.33333336e-02  3.33333336e-02  2.50000000e+00 -2.51000002e-12 
 3.75000003e-02  3.75000003e-02  2.50000000e+00 -2.51000002e-12 
 4.16666670e-02  4.16666670e-02  2.50000000e+00 -2.51000002e-12 
 4.58333337e-02  4.58333337e-02  2.50000000e+00 -2.51000002e-12 
 5.00000004e-02  5.00000004e-02  2.50000000e+00 -2.51000089e-12 
 5.41666671e-02  5.41666671e-02  2.50000000e+00 -2.51000089e-12 
 5.83333338e-02  5.83333338e-02  2.50000000e+00 -2.51000002e-12 
 6.25000005e-02  6.25000005e-02  2.50000000e+00 -2.51000002e-12 
 6.66666672e-02  6.66666672e-02  2.50000000e+00 -2.51000089e-12 
 7.08333339e-02  7.08333339e-02  2.50000000e+00 -2.51000002e-12 
 7.50000006e-02  7.50000006e-02  2.50000000e+00 -2.51000002e-12 
 7.91666673e-02  7.91666673e-02  2.50000000e+00 -2.51000089e-12 
 8.33333340e-02  8.33333340e-02  2.50000000e+00 -2.51000002e-12 
 8.75000007e-02  8.75000007e-02  2.50000000e+00 -2.50999915e-12 
 9.16666674e-02  9.16666674e-02  2.50000000e+00 -2.51000002e-12 
 9.58333341e-02  9.58333341e-02  2.50000000e+00 -2.51000002e-12 
 1.00000001e-01  1.00000001e-01  2.50000000e+00 -2.50999915e-12 
 1.04166668e-01  1.04166668e-01  2.50000000e+00 -2.51000002e-12 
 1.08333334e-01  1.08333334e-01  2.50000000e+00 -2.50999915e-12 
 1.12500001e-01  1.12500001e-01  2.50000000e+00 -2.51000002e-12 
 1.16666668e-01  1.16666668e-01  2.50000000e+00 -2.51000089e-12 
 1.20833334e-01  1.20833334e-01  2.50000000e+00 -2.51000002e-12 
 1.25000001e-01  1.25000001e-01  2.50000000e+00 -2.51000002e-12 
 1.29166668e-01  1.29166668e-01  2.50000000e+00 -2.51000002e-12 
 1.33333334e-01  1.33333334e-01  2.50000000e+00 -2.51000089e-12 
 1.37500001e-01  1.37500001e-01  2.50000000e+00 -2.51000002e-12 
 1.41666668e-01  1.41666668e-01  2.50000000e+00 -2.51000089e-12 
 1.45833334e-01  1.45833334e-01  2.50000000e+00 -2.51000089e-12 
 1.50000001e-01  1.50000001e-01  2.50000000e+00 -2.51000089e-12 
 1.54166668e-01  1.54166668e-01  2.50000000e+00 -2.51000089e-12 
 1.58333335e-01  1.58333335e-01  2.50000000e+00 -2.50999915e-12 
 1.62500001e-01  1.62500001e-01  2.50000000e+00 -2.51000002e-12 
 1.66666668e-01  1.66666668e-01  2.50000000e+00 -2.51000002e-12 
 1.70833335e-01  1.70833335e-01  2.50000000e+00 -2.51000002e-12 
 1.75000001e-01  1.75000001e-01  2.50000000e+00 -2.51000002e-12 
 1.79166668e-01  1.79166668e-01  2.50000000e+00 -2.51000089e-12 
 1.83333335e-01  1.83333335e-01  2.50000000e+00 -2.51000002e-12 
 1.87500001e-01  1.87500001e-01  2.50000000e+00 -2.51000002e-12 
 1.91666668e-01  1.91666668e-01  2.50000000e+00 -2.51000002e-12 
 1.95833335e-01  1.95833335e-01  2.50000000e+00 -2.51000089e-12 
 2.00000002e-01  2.00000002e-01  2.50000000e+00 -2.50999915e-12 
 2.04166668e-01  2.04166668e-01  2.50000000e+00 -2.51000002e-12 
 2.08333335e-01  2.08333335e-01  2.50000000e+00 -2.51000002e-12 
 2.12500002e-01  2.12500002e-01  2.50000000e+00 -2.50999915e-12 
 2.16666668e-01  2.16666668e-01  2.50000000e+00 -2.51000002e-12 
 2.20833335e-01  2.20833335e-01  2.50000000e+00 -2.51000002e-12 
 2.25000002e-01  2.25000002e-01  2.50000000e+00 -2.51000002e-12 
 2.29166668e-01  2.29166668e-01  2.50000000e+00 -2.51000002e-12 
 2.33333335e-01  2.33333335e-01  2.50000000e+00 -2.51000089e-12 
 2.37500002e-01  2.37500002e-01  2.50000000e+00 -2.51000002e-12 
 2.41666669e-01  2.41666669e-01  2.50000000e+00 -2.51000089e-12 
 2.45833335e-01  2.45833335e-01  2.50000000e+00 -2.51000002e-12 
 2.50000002e-01  2.50000002e-01  2.50000000e+00 -2.51000089e-12 
 2.54166669e-01  2.54166669e-01  2.50000000e+00 -2.51000002e-12 
 2.58333335e-01  2.58333335e-01  2.50000000e+00 -2.51000002e-12 
 2.62500002e-01  2.62500002e-01  2.50000000e+00 -2.51000176e-12 
 2.66666669e-01  2.66666669e-01  2.50000000e+00 -2.51000002e-12 
 2.70833335e-01  2.70833335e-01  2.50000000e+00 -2.51000176e-12 
 2.75000002e-01  2.75000002e-01  2.50000000e+00 -2.51000089e-12 
 2.79166669e-01  2.79166669e-01  2.50000000e+00 -2.51000089e-12 
 2.83333336e-01  2.83333336e-01  2.50000000e+00 -2.51000089e-12 
 2.87500002e-01  2.87500002e-01  2.50000000e+00 -2.51000089e-12 
 2.91666669e-01  2.91666669e-01  2.50000000e+00 -2.50999915e-12 
 2.95833336e-01  2.95833336e-01  2.50000000e+00 -2.50999915e-12 
 3.00000002e-01  3.00000002e-01  2.50000000e+00 -2.51000002e-12 
 3.04166669e-01  3.04166669e-01  2.50000000e+00 -2.50999915e-12 
 3.08333336e-01  3.08333336e-01  2.50000000e+00 -2.51000089e-12 
 3.12500002e-01  3.12500002e-01  2.50000000e+00 -2.51000176e-12 
 3.16666669e-01  3.16666669e-01  2.50000000e+00 -2.51000002e-12 
 3.20833336e-01  3.20833336e-01  2.50000000e+00 -2.51000089e-12 
 3.25000003e-01  3.25000003e-01  2.50000000e+00 -2.50999915e-12 
 3.29166669e-01  3.29166669e-01  2.50000000e+00 -2.51000002e-12 
 3.33333336e-01  3.33333336e-01  2.50000000e+00 -2.51000002e-12 
 3.37500003e-01  3.37500003e-01  2.50000000e+00 -2.51000002e-12 
 3.41666669e-01  3.41666669e-01  2.50000000e+00 -2.50999915e-12 
 3.45833336e-01  3.45833336e-01  2.50000000e+00 -2.51000002e-12 
 3.50000003e-01  3.50000003e-01  2.50000000e+00 -2.50999915e-12 
 3.54166669e-01  3.54166669e-01  2.50000000e+00 -2.50999915e-12 
 3.58333336e-01  3.58333336e-01  2.50000000e+00 -2.51000002e-12 
 3.62500003e-01  3.62500003e-01  2.50000000e+00 -2.51000002e-12 
 3.66666670e-01  3.66666670e-01  2.50000000e+00 -2.51000002e-12 
 3.70833336e-01  3.70833336e-01  2.50000000e+00 -2.51000089e-12 
 3.75000003e-01  3.75000003e-01  2.50000000e+00 -2.51000002e-12 
 3.79166670e-01  3.79166670e-01  2.50000000e+00 -2.51000002e-12 
 3.83333336e-01  3.83333336e-01  2.50000000e+00 -2.51000002e-12 
 3.87500003e-01  3.87500003e-01  2.50000000e+00 -2.51000002e-12 
 3.91666670e-01  3.91666670e-01  2.50000000e+00 -2.51000176e-12 
 3.95833336e-01  3.95833336e-01  2.50000000e+00 -2.51000002e-12 
 4.00000003e-01  4.00000003e-01  2.50000000e+00 -2.51000176e-12 
 4.04166670e-01  4.04166670e-01  2.50000000e+00 -2.51000176e-12 
 4.08333337e-01  4.08333337e-01  2.50000000e+00 -2.51000002e-12 
 4.12500003e-01  4.12500003e-01  2.50000000e+00 -2.50999915e-12 
 4.16666670e-01  4.16666670e-01  2.50000000e+00 -2.50999915e-12 
 4.20833337e-01  4.20833337e-01  2.50000000e+00 -2.51000002e-12 
 4.25000003e-01  4.25000003e-01  2.50000000e+00 -2.51000002e-12 
 4.29166670e-01  4.29166670e-01  2.50000000e+00 -2.51000176e-12 
 4.33333337e-01  4.33333337e-01  2.49999732e+00 -5.62474313e-09 
 4.37500003e-01  4.37500003e-01  2.49998638e+00 -2.84650163e-08 
 4.41666670e-01  4.41666670e-01  2.49996695e+00 -6.88746552e-08 
 4.45833337e-01  4.45833337e-01  2.49993898e+00 -1.26853552e-07 
 4.50000004e-01  4.50000004e-01  2.49990239e+00 -2.02401552e-07 
 4.54166670e-01  4.54166670e-01  2.49985711e+00 -2.95518451e-07 
 4.58333337e-01  4.58333337e-01  2.49980308e+00 -4.06203997e-07 
 4.62500004e-01  4.62500004e-01  2.49974023e+00 -5.34457888e-07 
 4.66666670e-01  4.66666670e-01  2.49966850e+00 -6.80279771e-07 
 4.70833337e-01  4.70833337e-01  2.49958779e+00 -8.43669243e-07 
 4.75000004e-01  4.75000004e-01  2.49949806e+00 -1.02462585e-06 
 4.79166670e-01  4.79166670e-01  2.49939923e+00 -1.22314908e-06 
 4.83333337e-01  4.83333337e-01  2.49929121e+00 -1.43923838e-06 
 4.87500004e-01  4.87500004e-01  2.49917395e+00 -1.67289313e-06 
 4.91666671e-01  4.91666671e-01  2.49904736e+00 -1.92411267e-06 
 4.95833337e-01  4.95833337e-01  2.49891137e+00 -2.19289627e-06 
 5.00000004e-01  5.00000004e-01  2.49876591e+00 -2.47924315e-06 
 5.04166671e-01  5.04166671e-01  2.49861089e+00 -2.78315248e-06 
 5.08333337e-01  5.08333337e-01  2.49844623e+00 -3.10462335e-06 
 5.12500004e-01  5.12500004e-01  2.49827187e+00 -3.44365483e-06 
 5.16666671e-01  5.16666671e-01  2.49808771e+00 -3.80024590e-06 
 5.20833337e-01  5.20833337e-01  2.49789367e+00 -4.17439548e-06 
 5.25000004e-01  5.25000004e-01  2.49768968e+00 -4.56610245e-06 
 5.29166671e-01  5.29166671e-01  2.49747565e+00 -4.97536562e-06 
 5.33333338e-01  5.33333338e-01  2.49725149e+00 -5.40218372e-06 
 5.37500004e-01  5.37500004e-01  2.49701713e+00 -5.84655544e-06 
 5.41666671e-01  5.41666671e-01  2.49677246e+00 -6.30847940e-06 
 5.45833338e-01  5.45833338e-01  2.49651741e+00 -6.78795414e-06 
 5.50000004e-01  5.50000004e-01  2.49625189e+00 -7.28497816e-06 
 5.54166671e-01  5.54166671e-01  2.49597579e+00 -7.79954986e-06 
 5.58333338e-01  5.58333338e-01  2.49568905e+00 -8.33166760e-06 
 5.62500004e-01  5.62500004e-01  2.49539694e+00 -8.87255779e-06 
 5.66666671e-01  5.66666671e-01  2.49508866e+00 -9.43976345e-06 
 5.70833338e-01  5.70833338e-01  2.49476943e+00 -1.00245097e-05 
 5.75000005e-01  5.75000005e-01  2.49443916e+00 -1.06267946e-05 
 5.79166671e-01  5.79166671e-01  2.49409776e+00 -1.12466164e-05 
 5.83333338e-01  5.83333338e-01  2.49374513e+00 -1.18839728e-05 
 5.87500005e-01  5.87500005e-01  2.49338116e+00 -1.25388618e-05 
 5.91666671e-01  5.91666671e-01  2.49300576e+00 -1.32112810e-05 
 5.95833338e-01  5.95833338e-01  2.49261882e+00 -1.39012282e-05 
 6.00000005e-01  6.00000005e-01  2.49222023e+00 -1.46087011e-05 
 6.04166671e-01  6.04166671e-01  2.49180990e+00 -1.53336970e-05 
 6.08333338e-01  6.08333338e-01  2.49138770e+00 -1.60762135e-05 
 6.12500005e-01  6.12500005e-01  2.49095354e+00 -1.68362479e-05 
 6.16666672e-01  6.16666672e-01  2.49050730e+00 -1.76137976e-05 
 6.20833338e-01  6.20833338e-01  2.49004886e+00 -1.84088596e-05 
 6.25000005e-01  6.25000005e-01  2.48957812e+00 -1.92214312e-05 
 6.29166672e-01  6.29166672e-01  2.48909496e+00 -2.00515093e-05 
 6.33333338e-01  6.33333338e-01  2.48859925e+00 -2.08990908e-05 
 6.37500005e-01  6.37500005e-01  2.48809089e+00 -2.17641726e-05 
 6.41666672e-01  6.41666672e-01  2.48756974e+00 -2.26467515e-05 
 6.45833338e-01  6.45833338e-01  2.48703568e+00 -2.35468240e-05 
 6.50000005e-01  6.50000005e-01  2.48648860e+00 -2.44643868e-05 
 6.54166672e-01  6.54166672e-01  2.48592835e+00 -2.53994362e-05 
 6.58333339e-01  6.58333339e-01  2.48535482e+00 -2.63519687e-05 
 6.62500005e-01  6.62500005e-01  2.48476787e+00 -2.73219804e-05 
 6.66666672e-01  6.66666672e-01  2.48416737e+00 -2.83094676e-05 
 6.70833339e-01  6.70833339e-01  2.48355318e+00 -2.93144263e-05 
 6.75000005e-01  6.75000005e-01  2.48292516e+00 -3.03368524e-05 
 6.79166672e-01  6.79166672e-01  2.48228318e+00 -3.13767417e-05 
 6.83333339e-01  6.83333339e-01  2.48162709e+00 -3.24340900e-05 
 6.87500005e-01  6.87500005e-01  2.48095676e+00 -3.35088929e-05 
 6.91666672e-01  6.91666672e-01  2.48027202e+00 -3.46011458e-05 
 6.95833339e-01  6.95833339e-01  2.47957274e+00 -3.57108441e-05 
 7.00000006e-01  7.00000006e-01  2.47885876e+00 -3.68379832e-05 
 7.04166672e-01  7.04166672e-01  2.47812993e+00 -3.79825580e-05 
 7.08333339e-01  7.08333339e-01  2.47738609e+00 -3.91445637e-05 
 7.12500006e-01  7.12500006e-01  2.47662708e+00 -4.03239950e-05 
 7.16666672e-01  7.16666672e-01  2.47585274e+00 -4.15208468e-05 
 7.20833339e-01  7.20833339e-01  2.47506290e+00 -4.27351138e-05 
 7.25000006e-01  7.25000006e-01  2.47425741e+00 -4.39667902e-05 
 7.29166672e-01  7.29166672e-01  2.47343607e+00 -4.52158707e-05 
 7.33333339e-01  7.33333339e-01  2.47259874e+00 -4.64823492e-05 
 7.37500006e-01  7.37500006e-01  2.47174522e+00 -4.77662200e-05 
 7.41666673e-01  7.41666673e-01  2.47087533e+00 -4.90674769e-05 
 7.45833339e-01  7.45833339e-01  2.46998890e+00 -5.03861138e-05 
 7.50000006e-01  7.50000006e-01  2.46908574e+00 -5.17221242e-05 
 7.54166673e-01  7.54166673e-01  2.46816565e+00 -5.30755017e-05 
 7.58333339e-01  7.58333339e-01  2.46722845e+00 -5.44462396e-05 
 7.62500006e-01  7.62500006e-01  2.46627393e+00 -5.58343309e-05 
 7.66666673e-01  7.66666673e-01  2.46530190e+00 -5.72397689e-05 
 7.70833339e-01  7.70833339e-01  2.46431216e+00 -5.86625461e-05 
 7.75000006e-01  7.75000006e-01  2.46330449e+00 -6.01026555e-05 
 7.79166673e-01  7.79166673e-01  2.46227868e+00 -6.15600893e-05 
 7.83333340e-01  7.83333340e-01  2.46123452e+00 -6.30348400e-05 
 7.87500006e-01  7.87500006e-01  2.46017179e+00 -6.45268996e-05 
 7.91666673e-01  7.91666673e-01  2.45909025e+00 -6.60362602e-05 
 7.95833340e-01  7.95833340e-01  2.45798969e+00 -6.75629134e-05 
 8.00000006e-01  8.00000006e-01  2.45686987e+00 -6.91068508e-05 
 8.04166673e-01  8.04166673e-01  2.45573055e+00 -7.06680639e-05 
 8.08333340e-01  8.08333340e-01  2.45457148e+00 -7.22465437e-05 
 8.12500006e-01  8.12500006e-01  2.45339243e+00 -7.38422812e-05 
 8.16666673e-01  8.16666673e-01  2.45219313e+00 -7.54552672e-05 
 8.20833340e-01  8.20833340e-01  2.45097333e+00 -7.70854921e-05 
 8.25000007e-01  8.25000007e-01  2.44973276e+00 -7.87329463e-05 
 8.29166673e-01  8.29166673e-01  2.44847116e+00 -8.03976199e-05 
 8.33333340e-01  8.33333340e-01  2.44718825e+00 -8.20795026e-05 
 8.37500007e-01  8.37500007e-01  2.44588374e+00 -8.37785841e-05 
 8.41666673e-01  8.41666673e-01  2.44455736e+00 -8.54948537e-05 
 8.45833340e-01  8.45833340e-01  2.44320880e+00 -8.72283006e-05 
 8.50000007e-01  8.50000007e-01  2.44183778e+00 -8.89789135e-05 
 8.54166673e-01  8.54166673e-01  2.44044397e+00 -9.07466811e-05 
 8.58333340e-01  8.58333340e-01  2.43902707e+00 -9.25315917e-05 
 8.62500007e-01  8.62500007e-01  2.43758676e+00 -9.43336332e-05 
 8.66666674e-01  8.66666674e-01  2.43612271e+00 -9.61527935e-05 
 8.70833340e-01  8.70833340e-01  2.43463459e+00 -9.79890599e-05 
 8.75000007e-01  8.75000007e-01  2.43312204e+00 -9.98424196e-05 
 8.79166674e-01  8.79166674e-01  2.43158473e+00 -1.01712859e-04 
 8.83333340e-01  8.83333340e-01  2.43002228e+00 -1.03600366e-04 
 8.87500007e-01  8.87500007e-01  2.42843434e+00 -1.05504925e-04 
 8.91666674e-01  8.91666674e-01  2.42682053e+00 -1.07426523e-04 
 8.95833340e-01  8.95833340e-01  2.42518045e+00 -1.09365146e-04 
 9.00000007e-01  9.00000007e-01  2.42351371e+00 -1.11320777e-04 
 9.04166674e-01  9.04166674e-01  2.42181991e+00 -1.13293403e-04 
 9.08333341e-01  9.08333341e-01  2.42009864e+00 -1.15283007e-04 
 9.12500007e-01  9.12500007e-01  2.41834945e+00 -1.17289574e-04 
 9.16666674e-01  9.16666674e-01  2.41657193e+00 -1.19313087e-04 
 9.20833341e-01  9.20833341e-01  2.41476561e+00 -1.21353529e-04 
 9.25000007e-01  9.25000007e-01  2.41293003e+00 -1.23410883e-04 
 9.29166674e-01  9.29166674e-01  2.41106473e+00 -1.25485132e-04 
 9.33333341e-01  9.33333341e-01  2.40916922e+00 -1.27576257e-04 
 9.37500007e-01  9.37500007e-01  2.40724300e+00 -1.29684240e-04 
 9.41666674e-01  9.41666674e-01  2.40528555e+00 -1.31809061e-04 
 9.45833341e-01  9.45833341e-01  2.40329635e+00 -1.33950702e-04 
 9.50000008e-01  9.50000008e-01  2.40127486e+00 -1.36109141e-04 
 9.54166674e-01  9.54166674e-01  2.39922051e+00 -1.38284359e-04 
 9.58333341e-01  9.58333341e-01  2.39713275e+00 -1.40476333e-04 
 9.62500008e-01  9.62500008e-01  2.39501097e+00 -1.42685043e-04 
 9.66666674e-01  9.66666674e-01  2.39285456e+00 -1.44910466e-04 
 9.70833341e-01  9.70833341e-01  2.39066292e+00 -1.47152579e-04 
 9.75000008e-01  9.75000008e-01  2.38843538e+00 -1.49411359e-04 
 9.79166674e-01  9.79166674e-01  2.38617128e+00 -1.51686780e-04 
 9.83333341e-01  9.83333341e-01  2.38386995e+00 -1.53978819e-04 
 9.87500008e-01  9.87500008e-01  2.38153067e+00 -1.56287449e-04 
 9.91666675e-01  9.91666675e-01  2.37915272e+00 -1.58612644e-04 
 9.95833341e-01  9.95833341e-01  2.37673534e+00 -1.60954378e-04 
 1.00000001e+00  1.00000001e+00  2.37427776e+00 -1.63312621e-04 
 1.00416667e+00  1.00416667e+00  2.37177917e+00 -1.65687345e-04 
 1.00833334e+00  1.00833334e+00  2.36923875e+00 -1.68078521e-04 
 1.01250001e+00  1.01250001e+00  2.36665564e+00 -1.70486118e-04 
 1.01666667e+00  1.01666667e+00  2.36402896e+00 -1.72910104e-04 
 1.02083334e+00  1.02083334e+00  2.36135778e+00 -1.75350447e-04 
 1.02500001e+00  1.02500001e+00  2.35864116e+00 -1.77807114e-04 
 1.02916667e+00  1.02916667e+00  2.35587811e+00 -1.80280069e-04 
 1.03333334e+00  1.03333334e+00  2.35306761e+00 -1.82769278e-04 
 1.03750001e+00  1.03750001e+00  2.35020861e+00 -1.85274703e-04 
 1.04166667e+00  1.04166667e+00  2.34730001e+00 -1.87796306e-04 
 1.04583334e+00  1.04583334e+00  2.34434067e+00 -1.90334049e-04 
 1.05000001e+00  1.05000001e+00  2.34132941e+00 -1.92887889e-04 
 1.05416668e+00  1.05416668e+00  2.33826499e+00 -1.95457786e-04 
 1.05833334e+00  1.05833334e+00  2.33514615e+00 -1.98043695e-04 
 1.06250001e+00  1.06250001e+00  2.33197155e+00 -2.00645571e-04 
 1.06666668e+00  1.06666668e+00  2.32873980e+00 -2.03263369e-04 
 1.07083334e+00  1.07083334e+00  2.32544946e+00 -2.05897038e-04 
 1.07500001e+00  1.07500001e+00  2.32209903e+00 -2.08546530e-04 
 1.07916668e+00  1.07916668e+00  2.31868694e+00 -2.11211792e-04 
 1.08333334e+00  1.08333334e+00  2.31521155e+00 -2.13892769e-04 
 1.08750001e+00  1.08750001e+00  2.31167114e+00 -2.16589405e-04 
 1.09166668e+00  1.09166668e+00  2.30806393e+00 -2.19301643e-04 
 1.09583334e+00  1.09583334e+00  2.30438804e+00 -2.22029420e-04 
 1.10000001e+00  1.10000001e+00  2.30064151e+00 -2.24772674e-04 
 1.10416668e+00  1.10416668e+00  2.29682227e+00 -2.27531338e-04 
 1.10833334e+00  1.10833334e+00  2.29292816e+00 -2.30305344e-04 
 1.11250001e+00  1.11250001e+00  2.28895693e+00 -2.33094619e-04 
 1.11666668e+00  1.11666668e+00  2.28490617e+00 -2.35899088e-04 
 1.12083334e+00  1.12083334e+00  2.28077338e+00 -2.38718672e-04 
 1.12500001e+00  1.12500001e+00  2.27655590e+00 -2.41553289e-04 
 1.12916668e+00  1.12916668e+00  2.27225096e+00 -2.44402853e-04 
 1.13333334e+00  1.13333334e+00  2.26785560e+00 -2.47267274e-04 
 1.13750001e+00  1.13750001e+00  2.26336670e+00 -2.50146455e-04 
 1.14166668e+00  1.14166668e+00  2.25878095e+00 -2.53040297e-04 
 1.14583334e+00  1.14583334e+00  2.25409487e+00 -2.55948695e-04 
 1.15000001e+00  1.15000001e+00  2.24930474e+00 -2.58871538e-04 
 1.15416668e+00  1.15416668e+00  2.24440660e+00 -2.61808709e-04 
 1.15833334e+00  1.15833334e+00  2.23939626e+00 -2.64760084e-04 
 1.16250001e+00  1.16250001e+00  2.23426922e+00 -2.67725531e-04 
 1.16666668e+00  1.16666668e+00  2.22902069e+00 -2.70704912e-04 
 1.17083334e+00  1.17083334e+00  2.22364555e+00 -2.73698080e-04 
 1.17500001e+00  1.17500001e+00  2.21813829e+00 -2.76704878e-04 
 1.17916668e+00  1.17916668e+00  2.21249301e+00 -2.79725137e-04 
 1.18333334e+00  1.18333334e+00  2.20670335e+00 -2.82758679e-04 
 1.18750001e+00  1.18750001e+00  2.20076243e+00 -2.85805313e-04 
 1.19166668e+00  1.19166668e+00  2.19466283e+00 -2.88864834e-04 
 1.19583334e+00  1.19583334e+00  2.18839651e+00 -2.91937019e-04 
 1.20000001e+00  1.20000001e+00  2.18195469e+00 -2.95021633e-04 
 1.20416668e+00  1.20416668e+00  2.17532782e+00 -2.98118415e-04 
 1.20833334e+00  1.20833334e+00  2.16850546e+00 -3.01227088e-04 
 1.21250001e+00  1.21250001e+00  2.16147614e+00 -3.04347347e-04 
 1.21666668e+00  1.21666668e+00  2.15422722e+00 -3.07478860e-04 
 1.22083334e+00  1.22083334e+00  2.14674473e+00 -3.10621262e-04 
 1.22500001e+00  1.22500001e+00  2.13901315e+00 -3.13774154e-04 
 1.22916668e+00  1.22916668e+00  2.13101516e+00 -3.16937092e-04 
 1.23333334e+00  1.23333334e+00  2.12273137e+00 -3.20109583e-04 
 1.23750001e+00  1.23750001e+00  2.11413988e+00 -3.23291077e-04 
 1.24166668e+00  1.24166668e+00  2.10521588e+00 -3.26480957e-04 
 1.24583334e+00  1.24583334e+00  2.09593104e+00 -3.29678522e-04 
 1.25000001e+00  1.25000001e+00  2.08625278e+00 -3.32882976e-04 
 1.25416668e+00  1.25416668e+00  2.07614330e+00 -3.36093404e-04 
 1.25833334e+00  1.25833334e+00  2.06555840e+00 -3.39308744e-04 
 1.26250001e+00  1.26250001e+00  2.05444575e+00 -3.42527752e-04 
 1.26666668e+00  1.26666668e+00  2.04274277e+00 -3.45748953e-04 
 1.27083334e+00  1.27083334e+00  2.03037348e+00 -3.48970575e-04 
 1.27500001e+00  1.27500001e+00  2.01724419e+00 -3.52190453e-04 
 1.27916668e+00  1.27916668e+00  2.00323714e+00 -3.55405891e-04 
 1.28333334e+00  1.28333334e+00  1.98820099e+00 -3.58613455e-04 
 1.28750001e+00  1.28750001e+00  1.97193570e+00 -3.61808655e-04 
 1.29166668e+00  1.29166668e+00  1.95416770e+00 -3.64985403e-04 
 1.29583334e+00  1.29583334e+00  1.93450619e+00 -3.68135086e-04 
 1.30000001e+00  1.30000001e+00  1.91235957e+00 -3.71244789e-04 
 1.30416668e+00  1.30416668e+00  1.88440179e+00 -3.74249606e-04 
 1.30833334e+00  1.30833334e+00  1.85187101e+00 -3.77163241e-04 
 1.31250001e+00  1.31250001e+00  1.80659651e+00 -3.79819261e-04 
 1.31666668e+00  1.31666668e+00  1.68681829e+00 -3.80928304e-04 
 1.32083334e+00  1.32083334e+00  1.50363578e+00 -3.80706487e-04 
 1.32500001e+00  1.32500001e+00  1.32010667e+00 -3.80395110e-04 
 1.32916668e+00  1.32916668e+00  1.13639053e+00 -3.80023925e-04 
 1.33333334e+00  1.33333334e+00  9.52516237e-01 -3.79592962e-04 
 1.33750001e+00  1.33750001e+00  8.31064077e-01 -3.77782346e-04 
 1.34166668e+00  1.34166668e+00  7.77768026e-01 -3.74582346e-04 
 1.34583334e+00  1.34583334e+00  7.39162937e-01 -3.71086181e-04 
 1.35000001e+00  1.35000001e+00  7.07253991e-01 -3.67463397e-04 
 1.35416668e+00  1.35416668e+00  6.79734084e-01 -3.63764159e-04 
 1.35833334e+00  1.35833334e+00  6.55314394e-01 -3.60016668e-04 
 1.36250001e+00  1.36250001e+00  6.33232351e-01 -3.56237804e-04 
 1.36666668e+00  1.36666668e+00  6.12994609e-01 -3.52438619e-04 
 1.37083334e+00  1.37083334e+00  5.94260594e-01 -3.48626835e-04 
 1.37500001e+00  1.37500001e+00  5.76783563e-01 -3.44808117e-04 
 1.37916668e+00  1.37916668e+00  5.59869469e-01 -3.40987453e-04 
 1.38333334e+00  1.38333334e+00  5.44480042e-01 -3.37164786e-04 
 1.38750001e+00  1.38750001e+00  5.29863273e-01 -3.33346535e-04 
 1.39166668e+00  1.39166668e+00  5.15960623e-01 -3.29534146e-04 
 1.39583334e+00  1.39583334e+00  5.02696928e-01 -3.25729456e-04 
 1.40000001e+00  1.40000001e+00  4.90010386e-01 -3.21933996e-04 
 1.40416668e+00  1.40416668e+00  4.77848572e-01 -3.18149077e-04 
 1.40833334e+00  1.40833334e+00  4.66166610e-01 -3.14375839e-04 
 1.41250001e+00  1.41250001e+00  4.54925730e-01 -3.10615275e-04 
 1.41666668e+00  1.41666668e+00  4.44092169e-01 -3.06868262e-04 
 1.42083334e+00  1.42083334e+00  4.33636312e-01 -3.03135579e-04 
 1.42500001e+00  1.42500001e+00  4.23532012e-01 -2.99417919e-04 
 1.42916668e+00  1.42916668e+00  4.13756047e-01 -2.95715907e-04 
 1.43333334e+00  1.43333334e+00  4.04287682e-01 -2.92030107e-04 
 1.43750001e+00  1.43750001e+00  3.95108311e-01 -2.88361030e-04 
 1.44166668e+00  1.44166668e+00  3.86201163e-01 -2.84709144e-04 
 1.44583334e+00  1.44583334e+00  3.77551059e-01 -2.81074875e-04 
 1.45000001e+00  1.45000001e+00  3.69144207e-01 -2.77458616e-04 
 1.45416668e+00  1.45416668e+00  3.60968031e-01 -2.73860729e-04 
 1.45833334e+00  1.45833334e+00  3.53011025e-01 -2.70281547e-04 
 1.46250001e+00  1.46250001e+00  3.45262631e-01 -2.66721382e-04 
 1.46666668e+00  1.46666668e+00  3.37713132e-01 -2.63180522e-04 
 1.47083335e+00  1.47083335e+00  3.30353562e-01 -2.59659236e-04 
 1.47500001e+00  1.47500001e+00  3.23175625e-01 -2.56157776e-04 
 1.47916668e+00  1.47916668e+00  3.16171628e-01 -2.52676377e-04 
 1.48333335e+00  1.48333335e+00  3.09334423e-01 -2.49215262e-04 
 1.48750001e+00  1.48750001e+00  3.02657349e-01 -2.45774638e-04 
 1.49166668e+00  1.49166668e+00  2.96134193e-01 -2.42354702e-04 
 1.49583335e+00  1.49583335e+00  2.89759145e-01 -2.38955639e-04 
 1.50000001e+00  1.50000001e+00  2.83526763e-01 -2.35577623e-04 
 1.50416668e+00  1.50416668e+00  2.77431940e-01 -2.32220822e-04 
 1.50833335e+00  1.50833335e+00  2.71469880e-01 -2.28885393e-04 
 1.51250001e+00  1.51250001e+00  2.65636065e-01 -2.25571484e-04 
 1.51666668e+00  1.51666668e+00  2.59926239e-01 -2.22279239e-04 
 1.52083335e+00  1.52083335e+00  2.54336384e-01 -2.19008793e-04 
 1.52500001e+00  1.52500001e+00  2.48862703e-01 -2.15760274e-04 
 1.52916668e+00  1.52916668e+00  2.43501603e-01 -2.12533807e-04 
 1.53333335e+00  1.53333335e+00  2.38249679e-01 -2.09329508e-04 
 1.53750001e+00  1.53750001e+00  2.33103700e-01 -2.06147490e-04 
 1.54166668e+00  1.54166668e+00  2.28060601e-01 -2.02987862e-04 
 1.54583335e+00  1.54583335e+00  2.23117466e-01 -1.99850726e-04 
 1.55000001e+00  1.55000001e+00  2.18271519e-01 -1.96736182e-04 
 1.55416668e+00  1.55416668e+00  2.13520117e-01 -1.93644324e-04 
 1.55833335e+00  1.55833335e+00  2.08860741e-01 -1.90575244e-04 
 1.56250001e+00  1.56250001e+00  2.04290986e-01 -1.87529029e-04 
 1.56666668e+00  1.56666668e+00  1.99808553e-01 -1.84505765e-04 
 1.57083335e+00  1.57083335e+00  1.95411248e-01 -1.81505532e-04 
 1.57500001e+00  1.57500001e+00  1.91096968e-01 -1.78528408e-04 
 1.57916668e+00  1.57916668e+00  1.86863701e-01 -1.75574470e-04 
 1.58333335e+00  1.58333335e+00  1.82709520e-01 -1.72643790e-04 
 1.58750001e+00  1.58750001e+00  1.78632574e-01 -1.69736437e-04 
 1.59166668e+00  1.59166668e+00  1.74631091e-01 -1.66852481e-04 
 1.59583335e+00  1.59583335e+00  1.70703364e-01 -1.63991986e-04 
 1.60000001e+00  1.60000001e+00  1.66847758e-01 -1.61155016e-04 
 1.60416668e+00  1.60416668e+00  1.63062697e-01 -1.58341632e-04 
 1.60833335e+00  1.60833335e+00  1.59346666e-01 -1.55551893e-04 
 1.61250001e+00  1.61250001e+00  1.55698206e-01 -1.52785856e-04 
 1.61666668e+00  1.61666668e+00  1.52115913e-01 -1.50043578e-04 
 1.62083335e+00  1.62083335e+00  1.48598431e-01 -1.47325111e-04 
 1.62500001e+00  1.62500001e+00  1.45144454e-01 -1.44630508e-04 
 1.62916668e+00  1.62916668e+00  1.41752722e-01 -1.41959819e-04 
 1.63333335e+00  1.63333335e+00  1.38422017e-01 -1.39313093e-04 
 1.63750001e+00  1.63750001e+00  1.35151163e-01 -1.36690378e-04 
 1.64166668e+00  1.64166668e+00  1.31939026e-01 -1.34091720e-04 
 1.64583335e+00  1.64583335e+00  1.28784506e-01 -1.31517163e-04 
 1.65000001e+00  1.65000001e+00  1.25686540e-01 -1.28966750e-04 
 1.65416668e+00  1.65416668e+00  1.22644100e-01 -1.26440525e-04 
 1.65833335e+00  1.65833335e+00  1.19656191e-01 -1.23938527e-04 
 1.66250001e+00  1.66250001e+00  1.16721847e-01 -1.21460797e-04 
 1.66666668e+00  1.66666668e+00  1.13840134e-01 -1.19007373e-04 
 1.67083335e+00  1.67083335e+00  1.11010146e-01 -1.16578293e-04 
 1.67500001e+00  1.67500001e+00  1.08231004e-01 -1.14173593e-04 
 1.67916668e+00  1.67916668e+00  1.05501855e-01 -1.11793309e-04 
 1.68333335e+00  1.68333335e+00  1.02821872e-01 -1.09437475e-04 
 1.68750001e+00  1.68750001e+00  1.00190251e-01 -1.07106125e-04 
 1.69166668e+00  1.69166668e+00  9.76062118e-02 -1.04799291e-04 
 1.69583335e+00  1.69583335e+00  9.50689957e-02 -1.02517005e-04 
 1.70000001e+00  1.70000001e+00  9.25778657e-02 -1.00259299e-04 
 1.70416668e+00  1.70416668e+00  9.01321049e-02 -9.80262021e-05 
 1.70833335e+00  1.70833335e+00  8.77310163e-02 -9.58177437e-05 
 1.71250001e+00  1.71250001e+00  8.53739213e-02 -9.36339525e-05 
 1.71666668e+00  1.71666668e+00  8.30601600e-02 -9.14748561e-05 
 1.72083335e+00  1.72083335e+00  8.07890894e-02 -8.93404817e-05 
 1.72500001e+00  1.72500001e+00  7.85600836e-02 -8.72308555e-05 
 1.72916668e+00  1.72916668e+00  7.63725327e-02 -8.51460033e-05 
 1.73333335e+00  1.73333335e+00  7.42258425e-02 -8.30859500e-05 
 1.73750001e+00  1.73750001e+00  7.21194337e-02 -8.10507199e-05 
 1.74166668e+00  1.74166668e+00  7.00527416e-02 -7.90403368e-05 
 1.74583335e+00  1.74583335e+00  6.80252153e-02 -7.70548237e-05 
 1.75000001e+00  1.75000001e+00  6.60363175e-02 -7.50942031e-05 
 1.75416668e+00  1.75416668e+00  6.40855239e-02 -7.31584969e-05 
 1.75833335e+00  1.75833335e+00  6.21723225e-02 -7.12477264e-05 
 1.76250001e+00  1.76250001e+00  6.02962139e-02 -6.93619125e-05 
 1.76666668e+00  1.76666668e+00  5.84567099e-02 -6.75010753e-05 
 1.77083335e+00  1.77083335e+00  5.66533340e-02 -6.56652347e-05 
 1.77500001e+00  1.77500001e+00  5.48856205e-02 -6.38544098e-05 
 1.77916668e+00  1.77916668e+00  5.31531142e-02 -6.20686193e-05 
 1.78333335e+00  1.78333335e+00  5.14553704e-02 -6.03078815e-05 
 1.78750001e+00  1.78750001e+00  4.97919541e-02 -5.85722141e-05 
 1.79166668e+00  1.79166668e+00  4.81624400e-02 -5.68616344e-05 
 1.79583335e+00  1.79583335e+00  4.65664120e-02 -5.51761593e-05 
 1.80000001e+00  1.80000001e+00  4.50034631e-02 -5.35158052e-05 
 1.80416668e+00  1.80416668e+00  4.34731951e-02 -5.18805880e-05 
 1.80833335e+00  1.80833335e+00  4.19752181e-02 -5.02705233e-05 
 1.81250001e+00  1.81250001e+00  4.05091504e-02 -4.86856262e-05 
 1.81666668e+00  1.81666668e+00  3.90746184e-02 -4.71259115e-05 
 1.82083335e+00  1.82083335e+00  3.76712561e-02 -4.55913934e-05 
 1.82500001e+00  1.82500001e+00  3.62987051e-02 -4.40820860e-05 
 1.82916668e+00  1.82916668e+00  3.49566141e-02 -4.25980029e-05 
 1.83333335e+00  1.83333335e+00  3.36446389e-02 -4.11391571e-05 
 1.83750001e+00  1.83750001e+00  3.23624424e-02 -3.97055617e-05 
 1.84166668e+00  1.84166668e+00  3.11096937e-02 -3.82972290e-05 
 1.84583335e+00  1.84583335e+00  2.98860688e-02 -3.69141713e-05 
 1.85000001e+00  1.85000001e+00  2.86912497e-02 -3.55564003e-05 
 1.85416668e+00  1.85416668e+00  2.75249246e-02 -3.42239276e-05 
 1.85833335e+00  1.85833335e+00  2.63867877e-02 -3.29167642e-05 
 1.86250001e+00  1.86250001e+00  2.52765389e-02 -3.16349210e-05 
 1.86666668e+00  1.86666668e+00  2.41938836e-02 -3.03784085e-05 
 1.87083335e+00  1.87083335e+00  2.31385330e-02 -2.91472370e-05 
 1.87500001e+00  1.87500001e+00  2.21102033e-02 -2.79414163e-05 
 1.87916668e+00  1.87916668e+00  2.11086159e-02 -2.67609560e-05 
 1.88333335e+00  1.88333335e+00  2.01334975e-02 -2.56058655e-05 
 1.88750002e+00  1.88750002e+00  1.91845794e-02 -2.44761538e-05 
 1.89166668e+00  1.89166668e+00  1.82615978e-02 -2.33718297e-05 
 1.89583335e+00  1.89583335e+00  1.73642936e-02 -2.22929017e-05 
 1.90000002e+00  1.90000002e+00  1.64924121e-02 -2.12393779e-05 
 1.90416668e+00  1.90416668e+00  1.56457033e-02 -2.02112663e-05 
 1.90833335e+00  1.90833335e+00  1.48239211e-02 -1.92085747e-05 
 1.91250002e+00  1.91250002e+00  1.40268239e-02 -1.82313104e-05 
 1.91666668e+00  1.91666668e+00  1.32541741e-02 -1.72794806e-05 
 1.92083335e+00  1.92083335e+00  1.25057381e-02 -1.63530923e-05 
 1.92500002e+00  1.92500002e+00  1.17812861e-02 -1.54521521e-05 
 1.92916668e+00  1.92916668e+00  1.10805924e-02 -1.45766666e-05 
 1.93333335e+00  1.93333335e+00  1.04151296e-02 -1.37393738e-05 
 1.93750002e+00  1.93750002e+00  9.76118104e-03 -1.29148189e-05 
 1.94166668e+00  1.94166668e+00  9.13033654e-03 -1.21157364e-05 
 1.94583335e+00  1.94583335e+00  8.52238444e-03 -1.13421320e-05 
 1.95000002e+00  1.95000002e+00  7.93711645e-03 -1.05940108e-05 
 1.95416668e+00  1.95416668e+00  7.37432757e-03 -9.87137817e-06 
 1.95833335e+00  1.95833335e+00  6.83381603e-03 -9.17423883e-06 
 1.96250002e+00  1.96250002e+00  6.31538317e-03 -8.50259751e-06 
 1.96666668e+00  1.96666668e+00  5.81883341e-03 -7.85645868e-06 
 1.97083335e+00  1.97083335e+00  5.34397417e-03 -7.23582662e-06 
 1.97500002e+00  1.97500002e+00  4.89061577e-03 -6.64070540e-06 
 1.97916668e+00  1.97916668e+00  4.45857144e-03 -6.07109891e-06 
 1.98333335e+00  1.98333335e+00  4.04765716e-03 -5.52701081e-06 
 1.98750002e+00  1.98750002e+00  3.65769168e-03 -5.00844460e-06 
 1.99166668e+00  1.99166668e+00  3.28849641e-03 -4.51540359e-06 
 1.99583335e+00  1.99583335e+00  2.93989537e-03 -4.04789089e-06 
 2.00000002e+00  2.00000002e+00  2.61171515e-03 -3.60590944e-06 
 2.00416668e+00  2.00416668e+00  2.30378486e-03 -3.18946199e-06 
 2.00833335e+00  2.00833335e+00  2.01593603e-03 -2.79855111e-06 
 2.01250002e+00  2.01250002e+00  1.74800260e-03 -2.43317922e-06 
 2.01666668e+00  2.01666668e+00  1.49982086e-03 -2.09334853e-06 
 2.02083335e+00  2.02083335e+00  1.27122941e-03 -1.77906111e-06 
 2.02500002e+00  2.02500002e+00  1.06206907e-03 -1.49031885e-06 
 2.02916668e+00  2.02916668e+00  8.72182897e-04 -1.22712347e-06 
 2.03333335e+00  2.03333335e+00  7.01416075e-04 -9.89476531e-07 
 2.03750002e+00  2.03750002e+00  5.49615917e-04 -7.77379437e-07 
 2.04166668e+00  2.04166668e+00  4.16631803e-04 -5.90833429e-07 
 2.04583335e+00  2.04583335e+00  3.02315139e-04 -4.29839592e-07 
 2.05000002e+00  2.05000002e+00  2.06519318e-04 -2.94398855e-07 
 2.05416668e+00  2.05416668e+00  1.29099679e-04 -1.84511995e-07 
 2.05833335e+00  2.05833335e+00  6.99134686e-05 -1.00179640e-07 
 2.06250002e+00  2.06250002e+00  2.88198038e-05 -4.14022656e-08 
 2.06666668e+00  2.06666668e+00  5.67961952e-06 -8.18020423e-09 
 2.07083335e+00  2.07083335e+00  1.69887629e-09 -2.51000000e-12 
 2.07500002e+00  2.07500002e+00  1.73399332e-09 -2.51000000e-12 
 2.07916668e+00  2.07916668e+00  1.72951229e-09 -2.51000000e-12 
 2.08333335e+00  2.08333335e+00  1.72515395e-09 -2.51000000e-12 
 2.08750002e+00  2.08750002e+00  1.72081727e-09 -2.51000000e-12 
 2.09166668e+00  2.09166668e+00  1.71650234e-09 -2.51000000e-12 
 2.09583335e+00  2.09583335e+00  1.71220899e-09 -2.51000000e-12 
 2.10000002e+00  2.10000002e+00  1.70793706e-09 -2.51000000e-12 
 2.10416668e+00  2.10416668e+00  1.70368640e-09 -2.51000000e-12 
 2.10833335e+00  2.10833335e+00  1.69945684e-09 -2.51000000e-12 
 2.11250002e+00  2.11250002e+00  1.69524824e-09 -2.51000000e-12 
 2.11666668e+00  2.11666668e+00  1.69106042e-09 -2.51000000e-12 
 2.12083335e+00  2.12083335e+00  1.68689325e-09 -2.51000000e-12 
 2.12500002e+00  2.12500002e+00  1.68274656e-09 -2.51000000e-12 
 2.12916668e+00  2.12916668e+00  1.67862021e-09 -2.51000000e-12 
 2.13333335e+00  2.13333335e+00  1.67451404e-09 -2.51000000e-12 
 2.13750002e+00  2.13750002e+00  1.67042792e-09 -2.51000000e-12 
 2.14166668e+00  2.14166668e+00  1.66636169e-09 -2.51000000e-12 
 2.14583335e+00  2.14583335e+00  1.66231520e-09 -2.51000000e-12 
 2.15000002e+00  2.15000002e+00  1.65828832e-09 -2.51000000e-12 
 2.15416668e+00  2.15416668e+00  1.65428091e-09 -2.51000000e-12 
 2.15833335e+00  2.15833335e+00  1.65029281e-09 -2.51000000e-12 
 2.16250002e+00  2.16250002e+00  1.64632390e-09 -2.51000000e-12 
 2.16666668e+00  2.16666668e+00  1.64237403e-09 -2.51000000e-12 
 2.17083335e+00  2.17083335e+00  1.63844307e-09 -2.51000000e-12 
 2.17500002e+00  2.17500002e+00  1.63453088e-09 -2.51000000e-12 
 2.17916668e+00  2.17916668e+00  1.63063734e-09 -2.51000000e-12 
 2.18333335e+00  2.18333335e+00  1.62676229e-09 -2.51000000e-12 
 2.18750002e+00  2.18750002e+00  1.62290562e-09 -2.51000000e-12 
 2.19166668e+00  2.19166668e+00  1.61906719e-09 -2.51000000e-12 
 2.19583335e+00  2.19583335e+00  1.61524688e-09 -2.51000000e-12 
 2.20000002e+00  2.20000002e+00  1.61144455e-09 -2.51000000e-12 
 2.20416668e+00  2.20416668e+00  1.60766008e-09 -2.51000000e-12 
 2.20833335e+00  2.20833335e+00  1.60389335e-09 -2.51000000e-12 
 2.21250002e+00  2.21250002e+00  1.60014422e-09 -2.51000000e-12 
 2.21666668e+00  2.21666668e+00  1.59641258e-09 -2.51000000e-12 
 2.22083335e+00  2.22083335e+00  1.59269831e-09 -2.51000000e-12 
 2.22500002e+00  2.22500002e+00  1.58900128e-09 -2.51000000e-12 
 2.22916668e+00  2.22916668e+00  1.58532137e-09 -2.51000000e-12 
 2.23333335e+00  2.23333335e+00  1.58165847e-09 -2.51000000e-12 
 2.23750002e+00  2.23750002e+00  1.57801245e-09 -2.51000000e-12 
 2.24166668e+00  2.24166668e+00  1.57438321e-09 -2.51000000e-12 
 2.24583335e+00  2.24583335e+00  1.57077062e-09 -2.51000000e-12 
 2.25000002e+00  2.25000002e+00  1.56717457e-09 -2.51000000e-12 
 2.25416668e+00  2.25416668e+00  1.56359495e-09 -2.51000000e-12 
 2.25833335e+00  2.25833335e+00  1.56003164e-09 -2.51000000e-12 
 2.26250002e+00  2.26250002e+00  1.55648454e-09 -2.51000000e-12 
 2.26666668e+00  2.26666668e+00  1.55295353e-09 -2.51000000e-12 
 2.27083335e+00  2.27083335e+00  1.54943851e-09 -2.51000000e-12 
 2.27500002e+00  2.27500002e+00  1.54593936e-09 -2.51000000e-12 
 2.27916668e+00  2.27916668e+00  1.54245598e-09 -2.51000000e-12 
 2.28333335e+00  2.28333335e+00  1.53898826e-09 -2.51000000e-12 
 2.28750002e+00  2.28750002e+00  1.53553610e-09 -2.51000000e-12 
 2.29166669e+00  2.29166669e+00  1.53209940e-09 -2.51000000e-12 
 2.29583335e+00  2.29583335e+00  1.52867804e-09 -2.51000000e-12 
 2.30000002e+00  2.30000002e+00  1.52527193e-09 -2.51000000e-12 
 2.30416669e+00  2.30416669e+00  1.52188096e-09 -2.51000000e-12 
 2.30833335e+00  2.30833335e+00  1.51850504e-09 -2.51000000e-12 
 2.31250002e+00  2.31250002e+00  1.51514406e-09 -2.51000000e-12 
 2.31666669e+00  2.31666669e+00  1.51179793e-09 -2.51000000e-12 
 2.32083335e+00  2.32083335e+00  1.50846654e-09 -2.51000000e-12 
 2.32500002e+00  2.32500002e+00  1.50514980e-09 -2.51000000e-12 
 2.32916669e+00  2.32916669e+00  1.50184762e-09 -2.51000000e-12 
 2.33333335e+00  2.33333335e+00  1.49855989e-09 -2.51000000e-12 
 2.33750002e+00  2.33750002e+00  1.49528653e-09 -2.51000000e-12 
 2.34166669e+00  2.34166669e+00  1.49202744e-09 -2.51000000e-12 
 2.34583335e+00  2.34583335e+00  1.48878252e-09 -2.51000000e-12 
 2.35000002e+00  2.35000002e+00  1.48555168e-09 -2.51000000e-12 
 2.35416669e+00  2.35416669e+00  1.48233484e-09 -2.51000000e-12 
 2.35833335e+00  2.35833335e+00  1.47913190e-09 -2.51000000e-12 
 2.36250002e+00  2.36250002e+00  1.47594277e-09 -2.51000000e-12 
 2.36666669e+00  2.36666669e+00  1.47276737e-09 -2.51000000e-12 
 2.37083335e+00  2.37083335e+00  1.46960559e-09 -2.51000000e-12 
 2.37500002e+00  2.37500002e+00  1.46645737e-09 -2.51000000e-12 
 2.37916669e+00  2.37916669e+00  1.46332260e-09 -2.51000000e-12 
 2.38333335e+00  2.38333335e+00  1.46020121e-09 -2.51000000e-12 
 2.38750002e+00  2.38750002e+00  1.45709310e-09 -2.51000000e-12 
 2.39166669e+00  2.39166669e+00  1.45399820e-09 -2.51000000e-12 
 2.39583335e+00  2.39583335e+00  1.45091642e-09 -2.51000000e-12 
 2.40000002e+00  2.40000002e+00  1.44784767e-09 -2.51000000e-12 
 2.40416669e+00  2.40416669e+00  1.44479188e-09 -2.51000000e-12 
 2.40833335e+00  2.40833335e+00  1.44174896e-09 -2.51000000e-12 
 2.41250002e+00  2.41250002e+00  1.43871883e-09 -2.51000000e-12 
 2.41666669e+00  2.41666669e+00  1.43570140e-09 -2.51000000e-12 
 2.42083335e+00  2.42083335e+00  1.43269661e-09 -2.51000000e-12 
 2.42500002e+00  2.42500002e+00  1.42970438e-09 -2.51000000e-12 
 2.42916669e+00  2.42916669e+00  1.42672461e-09 -2.51000000e-12 
 2.43333335e+00  2.43333335e+00  1.42375724e-09 -2.51000000e-12 
 2.43750002e+00  2.43750002e+00  1.42080218e-09 -2.51000000e-12 
 2.44166669e+00  2.44166669e+00  1.41785937e-09 -2.51000000e-12 
 2.44583335e+00  2.44583335e+00  1.41492872e-09 -2.51000000e-12 
 2.45000002e+00  2.45000002e+00  1.41201017e-09 -2.51000000e-12 
 2.45416669e+00  2.45416669e+00  1.40910362e-09 -2.51000000e-12 
 2.45833335e+00  2.45833335e+00  1.40620902e-09 -2.51000000e-12 
 2.46250002e+00  2.46250002e+00  1.40332629e-09 -2.51000000e-12 
 2.46666669e+00  2.46666669e+00  1.40045535e-09 -2.51000000e-12 
 2.47083335e+00  2.47083335e+00  1.39759614e-09 -2.51000000e-12 
 2.47500002e+00  2.47500002e+00  1.39474857e-09 -2.51000000e-12 
 2.47916669e+00  2.47916669e+00  1.39191259e-09 -2.51000000e-12 
 2.48333335e+00  2.48333335e+00  1.38908811e-09 -2.51000000e-12 
 2.48750002e+00  2.48750002e+00  1.38627508e-09 -2.51000000e-12 
 2.49166669e+00  2.49166669e+00  1.38347341e-09 -2.51000000e-12 
 2.49583335e+00  2.49583335e+00  1.38068305e-09 -2.51000000e-12 
