 v-sweep         v(in)           v(out)          i(vdd)         
 0.00000000e+00  0.00000000e+00  2.50000000e+00 -2.50999959e-12 
 4.16666670e-03  4.16666670e-03  2.50000344e+00 -2.51000349e-12 
 8.33333340e-03  8.33333340e-03  2.50000338e+00 -2.51000349e-12 
 1.25000001e-02  1.25000001e-02  2.50000000e+00 -2.51000002e-12 
 1.66666668e-02  1.66666668e-02  2.50000000e+00 -2.50999959e-12 
 2.08333335e-02  2.08333335e-02  2.50000000e+00 -2.50999959e-12 
 2.50000002e-02  2.50000002e-02  2.50000000e+00 -2.51000045e-12 
 2.91666669e-02  2.91666669e-02  2.50000000e+00 -2.51000002e-12 
 3.33333336e-02  3.33333336e-02  2.50000000e+00 -2.50999959e-12 
 3.75000003e-02  3.75000003e-02  2.50000000e+00 -2.51000045e-12 
 4.16666670e-02  4.16666670e-02  2.50000000e+00 -2.51000045e-12 
 4.58333337e-02  4.58333337e-02  2.50000000e+00 -2.51000002e-12 
 5.00000004e-02  5.00000004e-02  2.50000000e+00 -2.51000002e-12 
 5.41666671e-02  5.41666671e-02  2.50000000e+00 -2.51000045e-12 
 5.83333338e-02  5.83333338e-02  2.50000000e+00 -2.51000089e-12 
 6.25000005e-02  6.25000005e-02  2.50000000e+00 -2.50999959e-12 
 6.66666672e-02  6.66666672e-02  2.50000000e+00 -2.51000002e-12 
 7.08333339e-02  7.08333339e-02  2.50000000e+00 -2.51000045e-12 
 7.50000006e-02  7.50000006e-02  2.50000000e+00 -2.51000132e-12 
 7.91666673e-02  7.91666673e-02  2.50000000e+00 -2.51000089e-12 
 8.33333340e-02  8.33333340e-02  2.50000000e+00 -2.51000089e-12 
 8.75000007e-02  8.75000007e-02  2.50000000e+00 -2.50999959e-12 
 9.16666674e-02  9.16666674e-02  2.50000000e+00 -2.51000045e-12 
 9.58333341e-02  9.58333341e-02  2.50000000e+00 -2.51000002e-12 
 1.00000001e-01  1.00000001e-01  2.50000000e+00 -2.50999959e-12 
 1.04166668e-01  1.04166668e-01  2.50000000e+00 -2.51000002e-12 
 1.08333334e-01  1.08333334e-01  2.50000000e+00 -2.51000002e-12 
 1.12500001e-01  1.12500001e-01  2.50000000e+00 -2.51000045e-12 
 1.16666668e-01  1.16666668e-01  2.50000000e+00 -2.51000002e-12 
 1.20833334e-01  1.20833334e-01  2.50000000e+00 -2.51000002e-12 
 1.25000001e-01  1.25000001e-01  2.50000000e+00 -2.51000045e-12 
 1.29166668e-01  1.29166668e-01  2.50000000e+00 -2.51000002e-12 
 1.33333334e-01  1.33333334e-01  2.50000000e+00 -2.51000002e-12 
 1.37500001e-01  1.37500001e-01  2.50000000e+00 -2.51000002e-12 
 1.41666668e-01  1.41666668e-01  2.50000000e+00 -2.51000045e-12 
 1.45833334e-01  1.45833334e-01  2.50000000e+00 -2.51000002e-12 
 1.50000001e-01  1.50000001e-01  2.50000000e+00 -2.51000002e-12 
 1.54166668e-01  1.54166668e-01  2.50000000e+00 -2.51000045e-12 
 1.58333335e-01  1.58333335e-01  2.50000000e+00 -2.51000045e-12 
 1.62500001e-01  1.62500001e-01  2.50000000e+00 -2.51000002e-12 
 1.66666668e-01  1.66666668e-01  2.50000000e+00 -2.51000002e-12 
 1.70833335e-01  1.70833335e-01  2.50000000e+00 -2.50999959e-12 
 1.75000001e-01  1.75000001e-01  2.50000000e+00 -2.51000045e-12 
 1.79166668e-01  1.79166668e-01  2.50000000e+00 -2.51000002e-12 
 1.83333335e-01  1.83333335e-01  2.50000000e+00 -2.50999959e-12 
 1.87500001e-01  1.87500001e-01  2.50000000e+00 -2.51000045e-12 
 1.91666668e-01  1.91666668e-01  2.50000000e+00 -2.51000045e-12 
 1.95833335e-01  1.95833335e-01  2.50000000e+00 -2.51000002e-12 
 2.00000002e-01  2.00000002e-01  2.50000000e+00 -2.51000089e-12 
 2.04166668e-01  2.04166668e-01  2.50000000e+00 -2.51000045e-12 
 2.08333335e-01  2.08333335e-01  2.50000000e+00 -2.51000002e-12 
 2.12500002e-01  2.12500002e-01  2.50000000e+00 -2.50999959e-12 
 2.16666668e-01  2.16666668e-01  2.50000000e+00 -2.51000045e-12 
 2.20833335e-01  2.20833335e-01  2.50000000e+00 -2.51000002e-12 
 2.25000002e-01  2.25000002e-01  2.50000000e+00 -2.51000002e-12 
 2.29166668e-01  2.29166668e-01  2.50000000e+00 -2.50999959e-12 
 2.33333335e-01  2.33333335e-01  2.50000000e+00 -2.51000002e-12 
 2.37500002e-01  2.37500002e-01  2.50000000e+00 -2.51000045e-12 
 2.41666669e-01  2.41666669e-01  2.50000000e+00 -2.51000002e-12 
 2.45833335e-01  2.45833335e-01  2.50000000e+00 -2.51000132e-12 
 2.50000002e-01  2.50000002e-01  2.50000000e+00 -2.51000002e-12 
 2.54166669e-01  2.54166669e-01  2.50000000e+00 -2.51000089e-12 
 2.58333335e-01  2.58333335e-01  2.50000000e+00 -2.51000045e-12 
 2.62500002e-01  2.62500002e-01  2.50000000e+00 -2.51000045e-12 
 2.66666669e-01  2.66666669e-01  2.50000000e+00 -2.50999959e-12 
 2.70833335e-01  2.70833335e-01  2.50000000e+00 -2.51000045e-12 
 2.75000002e-01  2.75000002e-01  2.50000000e+00 -2.51000045e-12 
 2.79166669e-01  2.79166669e-01  2.50000000e+00 -2.51000002e-12 
 2.83333336e-01  2.83333336e-01  2.50000000e+00 -2.51000089e-12 
 2.87500002e-01  2.87500002e-01  2.50000000e+00 -2.51000002e-12 
 2.91666669e-01  2.91666669e-01  2.50000000e+00 -2.50999959e-12 
 2.95833336e-01  2.95833336e-01  2.50000000e+00 -2.50999959e-12 
 3.00000002e-01  3.00000002e-01  2.50000000e+00 -2.51000045e-12 
 3.04166669e-01  3.04166669e-01  2.50000000e+00 -2.50999959e-12 
 3.08333336e-01  3.08333336e-01  2.50000000e+00 -2.50999959e-12 
 3.12500002e-01  3.12500002e-01  2.50000000e+00 -2.50999959e-12 
 3.16666669e-01  3.16666669e-01  2.50000000e+00 -2.51000002e-12 
 3.20833336e-01  3.20833336e-01  2.50000000e+00 -2.51000045e-12 
 3.25000003e-01  3.25000003e-01  2.50000000e+00 -2.51000132e-12 
 3.29166669e-01  3.29166669e-01  2.50000000e+00 -2.51000045e-12 
 3.33333336e-01  3.33333336e-01  2.50000000e+00 -2.51000002e-12 
 3.37500003e-01  3.37500003e-01  2.50000000e+00 -2.51000002e-12 
 3.41666669e-01  3.41666669e-01  2.50000000e+00 -2.50999959e-12 
 3.45833336e-01  3.45833336e-01  2.50000000e+00 -2.51000045e-12 
 3.50000003e-01  3.50000003e-01  2.50000000e+00 -2.51000045e-12 
 3.54166669e-01  3.54166669e-01  2.50000000e+00 -2.51000002e-12 
 3.58333336e-01  3.58333336e-01  2.50000000e+00 -2.51000002e-12 
 3.62500003e-01  3.62500003e-01  2.50000000e+00 -2.50999959e-12 
 3.66666670e-01  3.66666670e-01  2.50000000e+00 -2.51000089e-12 
 3.70833336e-01  3.70833336e-01  2.50000000e+00 -2.51000089e-12 
 3.75000003e-01  3.75000003e-01  2.50000000e+00 -2.51000045e-12 
 3.79166670e-01  3.79166670e-01  2.50000000e+00 -2.51000002e-12 
 3.83333336e-01  3.83333336e-01  2.50000000e+00 -2.51000132e-12 
 3.87500003e-01  3.87500003e-01  2.50000000e+00 -2.51000045e-12 
 3.91666670e-01  3.91666670e-01  2.50000000e+00 -2.50999959e-12 
 3.95833336e-01  3.95833336e-01  2.50000000e+00 -2.51000002e-12 
 4.00000003e-01  4.00000003e-01  2.50000000e+00 -2.51000045e-12 
 4.04166670e-01  4.04166670e-01  2.50000000e+00 -2.51000002e-12 
 4.08333337e-01  4.08333337e-01  2.50000000e+00 -2.50999959e-12 
 4.12500003e-01  4.12500003e-01  2.50000000e+00 -2.51000045e-12 
 4.16666670e-01  4.16666670e-01  2.50000000e+00 -2.50999959e-12 
 4.20833337e-01  4.20833337e-01  2.50000000e+00 -2.51000045e-12 
 4.25000003e-01  4.25000003e-01  2.50000000e+00 -2.51000045e-12 
 4.29166670e-01  4.29166670e-01  2.50000000e+00 -2.51000002e-12 
 4.33333337e-01  4.33333337e-01  2.49999463e+00 -5.62474234e-09 
 4.37500003e-01  4.37500003e-01  2.49997276e+00 -2.84649961e-08 
 4.41666670e-01  4.41666670e-01  2.49993391e+00 -6.88745364e-08 
 4.45833337e-01  4.45833337e-01  2.49987796e+00 -1.26853148e-07 
 4.50000004e-01  4.50000004e-01  2.49980477e+00 -2.02400521e-07 
 4.54166670e-01  4.54166670e-01  2.49971422e+00 -2.95516248e-07 
 4.58333337e-01  4.58333337e-01  2.49960615e+00 -4.06199823e-07 
 4.62500004e-01  4.62500004e-01  2.49948044e+00 -5.34450643e-07 
 4.66666670e-01  4.66666670e-01  2.49933695e+00 -6.80268003e-07 
 4.70833337e-01  4.70833337e-01  2.49917552e+00 -8.43651095e-07 
 4.75000004e-01  4.75000004e-01  2.49899602e+00 -1.02459901e-06 
 4.79166670e-01  4.79166670e-01  2.49879831e+00 -1.22311073e-06 
 4.83333337e-01  4.83333337e-01  2.49858222e+00 -1.43918514e-06 
 4.87500004e-01  4.87500004e-01  2.49834762e+00 -1.67282101e-06 
 4.91666671e-01  4.91666671e-01  2.49809435e+00 -1.92401699e-06 
 4.95833337e-01  4.95833337e-01  2.49782226e+00 -2.19277165e-06 
 5.00000004e-01  5.00000004e-01  2.49753118e+00 -2.47908342e-06 
 5.04166671e-01  5.04166671e-01  2.49722097e+00 -2.78295063e-06 
 5.08333337e-01  5.08333337e-01  2.49689146e+00 -3.10437149e-06 
 5.12500004e-01  5.12500004e-01  2.49654248e+00 -3.44334408e-06 
 5.16666671e-01  5.16666671e-01  2.49617387e+00 -3.79986640e-06 
 5.20833337e-01  5.20833337e-01  2.49578547e+00 -4.17393628e-06 
 5.25000004e-01  5.25000004e-01  2.49537710e+00 -4.56555146e-06 
 5.29166671e-01  5.29166671e-01  2.49494859e+00 -4.97470955e-06 
 5.33333338e-01  5.33333338e-01  2.49449976e+00 -5.40140802e-06 
 5.37500004e-01  5.37500004e-01  2.49403043e+00 -5.84564425e-06 
 5.41666671e-01  5.41666671e-01  2.49354043e+00 -6.30741543e-06 
 5.45833338e-01  5.45833338e-01  2.49302956e+00 -6.78671868e-06 
 5.50000004e-01  5.50000004e-01  2.49249765e+00 -7.28355094e-06 
 5.54166671e-01  5.54166671e-01  2.49194450e+00 -7.79790905e-06 
 5.58333338e-01  5.58333338e-01  2.49136992e+00 -8.32978967e-06 
 5.62500004e-01  5.62500004e-01  2.49078456e+00 -8.87043042e-06 
 5.66666671e-01  5.66666671e-01  2.49016667e+00 -9.43734773e-06 
 5.70833338e-01  5.70833338e-01  2.48952671e+00 -1.00217765e-05 
 5.75000005e-01  5.75000005e-01  2.48886453e+00 -1.06237132e-05 
 5.79166671e-01  5.79166671e-01  2.48817991e+00 -1.12431538e-05 
 5.83333338e-01  5.83333338e-01  2.48747263e+00 -1.18800940e-05 
 5.87500005e-01  5.87500005e-01  2.48674249e+00 -1.25345296e-05 
 5.91666671e-01  5.91666671e-01  2.48598927e+00 -1.32064560e-05 
 5.95833338e-01  5.95833338e-01  2.48521274e+00 -1.38958685e-05 
 6.00000005e-01  6.00000005e-01  2.48441267e+00 -1.46027624e-05 
 6.04166671e-01  6.04166671e-01  2.48358883e+00 -1.53271326e-05 
 6.08333338e-01  6.08333338e-01  2.48274100e+00 -1.60689741e-05 
 6.12500005e-01  6.12500005e-01  2.48186893e+00 -1.68282813e-05 
 6.16666672e-01  6.16666672e-01  2.48097238e+00 -1.76050489e-05 
 6.20833338e-01  6.20833338e-01  2.48005110e+00 -1.83992712e-05 
 6.25000005e-01  6.25000005e-01  2.47910485e+00 -1.92109422e-05 
 6.29166672e-01  6.29166672e-01  2.47813336e+00 -2.00400560e-05 
 6.33333338e-01  6.33333338e-01  2.47713637e+00 -2.08866064e-05 
 6.37500005e-01  6.37500005e-01  2.47611362e+00 -2.17505867e-05 
 6.41666672e-01  6.41666672e-01  2.47506485e+00 -2.26319906e-05 
 6.45833338e-01  6.45833338e-01  2.47398977e+00 -2.35308111e-05 
 6.50000005e-01  6.50000005e-01  2.47288811e+00 -2.44470412e-05 
 6.54166672e-01  6.54166672e-01  2.47175957e+00 -2.53806736e-05 
 6.58333339e-01  6.58333339e-01  2.47060388e+00 -2.63317010e-05 
 6.62500005e-01  6.62500005e-01  2.46942072e+00 -2.73001157e-05 
 6.66666672e-01  6.66666672e-01  2.46820981e+00 -2.82859098e-05 
 6.70833339e-01  6.70833339e-01  2.46697083e+00 -2.92890752e-05 
 6.75000005e-01  6.75000005e-01  2.46570347e+00 -3.03096036e-05 
 6.79166672e-01  6.79166672e-01  2.46440740e+00 -3.13474864e-05 
 6.83333339e-01  6.83333339e-01  2.46308231e+00 -3.24027149e-05 
 6.87500005e-01  6.87500005e-01  2.46172785e+00 -3.34752799e-05 
 6.91666672e-01  6.91666672e-01  2.46034369e+00 -3.45651722e-05 
 6.95833339e-01  6.95833339e-01  2.45892949e+00 -3.56723823e-05 
 7.00000006e-01  7.00000006e-01  2.45748487e+00 -3.67969003e-05 
 7.04166672e-01  7.04166672e-01  2.45600950e+00 -3.79387163e-05 
 7.08333339e-01  7.08333339e-01  2.45450298e+00 -3.90978197e-05 
 7.12500006e-01  7.12500006e-01  2.45296496e+00 -4.02742002e-05 
 7.16666672e-01  7.16666672e-01  2.45139503e+00 -4.14678466e-05 
 7.20833339e-01  7.20833339e-01  2.44979281e+00 -4.26787480e-05 
 7.25000006e-01  7.25000006e-01  2.44815790e+00 -4.39068927e-05 
 7.29166672e-01  7.29166672e-01  2.44648988e+00 -4.51522690e-05 
 7.33333339e-01  7.33333339e-01  2.44478833e+00 -4.64148647e-05 
 7.37500006e-01  7.37500006e-01  2.44305282e+00 -4.76946676e-05 
 7.41666673e-01  7.41666673e-01  2.44128292e+00 -4.89916648e-05 
 7.45833339e-01  7.45833339e-01  2.43947816e+00 -5.03058432e-05 
 7.50000006e-01  7.50000006e-01  2.43763810e+00 -5.16371894e-05 
 7.54166673e-01  7.54166673e-01  2.43576225e+00 -5.29856897e-05 
 7.58333339e-01  7.58333339e-01  2.43385013e+00 -5.43513299e-05 
 7.62500006e-01  7.62500006e-01  2.43190126e+00 -5.57340955e-05 
 7.66666673e-01  7.66666673e-01  2.42991512e+00 -5.71339716e-05 
 7.70833339e-01  7.70833339e-01  2.42789119e+00 -5.85509429e-05 
 7.75000006e-01  7.75000006e-01  2.42582894e+00 -5.99849937e-05 
 7.79166673e-01  7.79166673e-01  2.42372783e+00 -6.14361080e-05 
 7.83333340e-01  7.83333340e-01  2.42158729e+00 -6.29042693e-05 
 7.87500006e-01  7.87500006e-01  2.41940675e+00 -6.43894604e-05 
 7.91666673e-01  7.91666673e-01  2.41718562e+00 -6.58916642e-05 
 7.95833340e-01  7.95833340e-01  2.41492330e+00 -6.74108625e-05 
 8.00000006e-01  8.00000006e-01  2.41261917e+00 -6.89470373e-05 
 8.04166673e-01  8.04166673e-01  2.41027258e+00 -7.05001695e-05 
 8.08333340e-01  8.08333340e-01  2.40788289e+00 -7.20702398e-05 
 8.12500006e-01  8.12500006e-01  2.40544942e+00 -7.36572284e-05 
 8.16666673e-01  8.16666673e-01  2.40297147e+00 -7.52611148e-05 
 8.20833340e-01  8.20833340e-01  2.40044835e+00 -7.68818781e-05 
 8.25000007e-01  8.25000007e-01  2.39787931e+00 -7.85194967e-05 
 8.29166673e-01  8.29166673e-01  2.39526360e+00 -8.01739486e-05 
 8.33333340e-01  8.33333340e-01  2.39260045e+00 -8.18452109e-05 
 8.37500007e-01  8.37500007e-01  2.38988906e+00 -8.35332603e-05 
 8.41666673e-01  8.41666673e-01  2.38712861e+00 -8.52380727e-05 
 8.45833340e-01  8.45833340e-01  2.38431825e+00 -8.69596235e-05 
 8.50000007e-01  8.50000007e-01  2.38145711e+00 -8.86978871e-05 
 8.54166673e-01  8.54166673e-01  2.37854428e+00 -9.04528375e-05 
 8.58333340e-01  8.58333340e-01  2.37557885e+00 -9.22244478e-05 
 8.62500007e-01  8.62500007e-01  2.37255984e+00 -9.40126902e-05 
 8.66666674e-01  8.66666674e-01  2.36948627e+00 -9.58175364e-05 
 8.70833340e-01  8.70833340e-01  2.36635713e+00 -9.76389568e-05 
 8.75000007e-01  8.75000007e-01  2.36317134e+00 -9.94769214e-05 
 8.79166674e-01  8.79166674e-01  2.35992781e+00 -1.01331399e-04 
 8.83333340e-01  8.83333340e-01  2.35662543e+00 -1.03202357e-04 
 8.87500007e-01  8.87500007e-01  2.35326301e+00 -1.05089764e-04 
 8.91666674e-01  8.91666674e-01  2.34983935e+00 -1.06993584e-04 
 8.95833340e-01  8.95833340e-01  2.34635319e+00 -1.08913782e-04 
 9.00000007e-01  9.00000007e-01  2.34280323e+00 -1.10850323e-04 
 9.04166674e-01  9.04166674e-01  2.33918812e+00 -1.12803169e-04 
 9.08333341e-01  9.08333341e-01  2.33550646e+00 -1.14772280e-04 
 9.12500007e-01  9.12500007e-01  2.33175680e+00 -1.16757618e-04 
 9.16666674e-01  9.16666674e-01  2.32793763e+00 -1.18759141e-04 
 9.20833341e-01  9.20833341e-01  2.32404737e+00 -1.20776806e-04 
 9.25000007e-01  9.25000007e-01  2.32008440e+00 -1.22810569e-04 
 9.29166674e-01  9.29166674e-01  2.31604701e+00 -1.24860384e-04 
 9.33333341e-01  9.33333341e-01  2.31193344e+00 -1.26926204e-04 
 9.37500007e-01  9.37500007e-01  2.30774184e+00 -1.29007980e-04 
 9.41666674e-01  9.41666674e-01  2.30347029e+00 -1.31105661e-04 
 9.45833341e-01  9.45833341e-01  2.29911677e+00 -1.33219194e-04 
 9.50000008e-01  9.50000008e-01  2.29467918e+00 -1.35348524e-04 
 9.54166674e-01  9.54166674e-01  2.29015534e+00 -1.37493596e-04 
 9.58333341e-01  9.58333341e-01  2.28554295e+00 -1.39654349e-04 
 9.62500008e-01  9.62500008e-01  2.28083960e+00 -1.41830722e-04 
 9.66666674e-01  9.66666674e-01  2.27604278e+00 -1.44022651e-04 
 9.70833341e-01  9.70833341e-01  2.27114983e+00 -1.46230071e-04 
 9.75000008e-01  9.75000008e-01  2.26615799e+00 -1.48452910e-04 
 9.79166674e-01  9.79166674e-01  2.26106433e+00 -1.50691098e-04 
 9.83333341e-01  9.83333341e-01  2.25586578e+00 -1.52944558e-04 
 9.87500008e-01  9.87500008e-01  2.25055911e+00 -1.55213211e-04 
 9.91666675e-01  9.91666675e-01  2.24514090e+00 -1.57496975e-04 
 9.95833341e-01  9.95833341e-01  2.23960756e+00 -1.59795764e-04 
 1.00000001e+00  1.00000001e+00  2.23395527e+00 -1.62109486e-04 
 1.00416667e+00  1.00416667e+00  2.22818000e+00 -1.64438047e-04 
 1.00833334e+00  1.00833334e+00  2.22227747e+00 -1.66781346e-04 
 1.01250001e+00  1.01250001e+00  2.21624315e+00 -1.69139278e-04 
 1.01666667e+00  1.01666667e+00  2.21007222e+00 -1.71511733e-04 
 1.02083334e+00  1.02083334e+00  2.20375954e+00 -1.73898593e-04 
 1.02500001e+00  1.02500001e+00  2.19729964e+00 -1.76299735e-04 
 1.02916667e+00  1.02916667e+00  2.19068667e+00 -1.78715027e-04 
 1.03333334e+00  1.03333334e+00  2.18391435e+00 -1.81144333e-04 
 1.03750001e+00  1.03750001e+00  2.17697599e+00 -1.83587504e-04 
 1.04166667e+00  1.04166667e+00  2.16986437e+00 -1.86044383e-04 
 1.04583334e+00  1.04583334e+00  2.16257171e+00 -1.88514804e-04 
 1.05000001e+00  1.05000001e+00  2.15508964e+00 -1.90998589e-04 
 1.05416668e+00  1.05416668e+00  2.14740909e+00 -1.93495546e-04 
 1.05833334e+00  1.05833334e+00  2.13952022e+00 -1.96005471e-04 
 1.06250001e+00  1.06250001e+00  2.13141233e+00 -1.98528142e-04 
 1.06666668e+00  1.06666668e+00  2.12307375e+00 -2.01063322e-04 
 1.07083334e+00  1.07083334e+00  2.11449170e+00 -2.03610752e-04 
 1.07500001e+00  1.07500001e+00  2.10565216e+00 -2.06170154e-04 
 1.07916668e+00  1.07916668e+00  2.09653968e+00 -2.08741221e-04 
 1.08333334e+00  1.08333334e+00  2.08713715e+00 -2.11323619e-04 
 1.08750001e+00  1.08750001e+00  2.07742558e+00 -2.13916982e-04 
 1.09166668e+00  1.09166668e+00  2.06738374e+00 -2.16520904e-04 
 1.09583334e+00  1.09583334e+00  2.05698784e+00 -2.19134935e-04 
 1.10000001e+00  1.10000001e+00  2.04621102e+00 -2.21758575e-04 
 1.10416668e+00  1.10416668e+00  2.03502279e+00 -2.24391260e-04 
 1.10833334e+00  1.10833334e+00  2.02338830e+00 -2.27032354e-04 
 1.11250001e+00  1.11250001e+00  2.01126741e+00 -2.29681135e-04 
 1.11666668e+00  1.11666668e+00  1.99861351e+00 -2.32336770e-04 
 1.12083334e+00  1.12083334e+00  1.98537193e+00 -2.34998297e-04 
 1.12500001e+00  1.12500001e+00  1.97147790e+00 -2.37664587e-04 
 1.12916668e+00  1.12916668e+00  1.95685367e+00 -2.40334305e-04 
 1.13333334e+00  1.13333334e+00  1.94140461e+00 -2.43005839e-04 
 1.13750001e+00  1.13750001e+00  1.92501361e+00 -2.45677222e-04 
 1.14166668e+00  1.14166668e+00  1.90753284e+00 -2.48345999e-04 
 1.14583334e+00  1.14583334e+00  1.88877123e+00 -2.51009034e-04 
 1.15000001e+00  1.15000001e+00  1.86847459e+00 -2.53662204e-04 
 1.15416668e+00  1.15416668e+00  1.84629232e+00 -2.56299888e-04 
 1.15833334e+00  1.15833334e+00  1.82171780e+00 -2.58914058e-04 
 1.16250001e+00  1.16250001e+00  1.79193068e+00 -2.61467609e-04 
 1.16666668e+00  1.16666668e+00  1.75863195e+00 -2.63973611e-04 
 1.17083334e+00  1.17083334e+00  1.71697145e+00 -2.66364555e-04 
 1.17500001e+00  1.17500001e+00  1.65616719e+00 -2.68478263e-04 
 1.17916668e+00  1.17916668e+00  1.50026140e+00 -2.69179715e-04 
 1.18333334e+00  1.18333334e+00  1.31684839e+00 -2.69456293e-04 
 1.18750001e+00  1.18750001e+00  1.13361920e+00 -2.69669580e-04 
 1.19166668e+00  1.19166668e+00  9.50557024e-01 -2.69840674e-04 
 1.19583334e+00  1.19583334e+00  7.67690299e-01 -2.69969588e-04 
 1.20000001e+00  1.20000001e+00  6.87759776e-01 -2.68544341e-04 
 1.20416668e+00  1.20416668e+00  6.46866703e-01 -2.66566836e-04 
 1.20833334e+00  1.20833334e+00  6.16337141e-01 -2.64442611e-04 
 1.21250001e+00  1.21250001e+00  5.90934508e-01 -2.62249954e-04 
 1.21666668e+00  1.21666668e+00  5.68929610e-01 -2.60015206e-04 
 1.22083334e+00  1.22083334e+00  5.49361018e-01 -2.57753118e-04 
 1.22500001e+00  1.22500001e+00  5.31647529e-01 -2.55472691e-04 
 1.22916668e+00  1.22916668e+00  5.15407285e-01 -2.53179900e-04 
 1.23333334e+00  1.23333334e+00  5.00373702e-01 -2.50878956e-04 
 1.23750001e+00  1.23750001e+00  4.85874264e-01 -2.48575037e-04 
 1.24166668e+00  1.24166668e+00  4.72807224e-01 -2.46264920e-04 
 1.24583334e+00  1.24583334e+00  4.60446470e-01 -2.43954690e-04 
 1.25000001e+00  1.25000001e+00  4.48736281e-01 -2.41645280e-04 
 1.25416668e+00  1.25416668e+00  4.37603177e-01 -2.39337912e-04 
 1.25833334e+00  1.25833334e+00  4.26987578e-01 -2.37033586e-04 
 1.26250001e+00  1.26250001e+00  4.16839405e-01 -2.34733152e-04 
 1.26666668e+00  1.26666668e+00  4.07116139e-01 -2.32437336e-04 
 1.27083334e+00  1.27083334e+00  3.97781320e-01 -2.30146770e-04 
 1.27500001e+00  1.27500001e+00  3.88803407e-01 -2.27862002e-04 
 1.27916668e+00  1.27916668e+00  3.80154899e-01 -2.25583518e-04 
 1.28333334e+00  1.28333334e+00  3.71811648e-01 -2.23311746e-04 
 1.28750001e+00  1.28750001e+00  3.63752312e-01 -2.21047069e-04 
 1.29166668e+00  1.29166668e+00  3.55957926e-01 -2.18789830e-04 
 1.29583334e+00  1.29583334e+00  3.48411541e-01 -2.16540340e-04 
 1.30000001e+00  1.30000001e+00  3.41097942e-01 -2.14298877e-04 
 1.30416668e+00  1.30416668e+00  3.34003407e-01 -2.12065698e-04 
 1.30833334e+00  1.30833334e+00  3.27115509e-01 -2.09841036e-04 
 1.31250001e+00  1.31250001e+00  3.20422954e-01 -2.07625105e-04 
 1.31666668e+00  1.31666668e+00  3.13915442e-01 -2.05418100e-04 
 1.32083334e+00  1.32083334e+00  3.07583545e-01 -2.03220204e-04 
 1.32500001e+00  1.32500001e+00  3.01418610e-01 -2.01031586e-04 
 1.32916668e+00  1.32916668e+00  2.95412674e-01 -1.98852400e-04 
 1.33333334e+00  1.33333334e+00  2.89558385e-01 -1.96682792e-04 
 1.33750001e+00  1.33750001e+00  2.83848943e-01 -1.94522897e-04 
 1.34166668e+00  1.34166668e+00  2.78278040e-01 -1.92372843e-04 
 1.34583334e+00  1.34583334e+00  2.72839815e-01 -1.90232748e-04 
 1.35000001e+00  1.35000001e+00  2.67528808e-01 -1.88102723e-04 
 1.35416668e+00  1.35416668e+00  2.62339923e-01 -1.85982873e-04 
 1.35833334e+00  1.35833334e+00  2.57268398e-01 -1.83873297e-04 
 1.36250001e+00  1.36250001e+00  2.52309771e-01 -1.81774088e-04 
 1.36666668e+00  1.36666668e+00  2.47459857e-01 -1.79685334e-04 
 1.37083334e+00  1.37083334e+00  2.42714722e-01 -1.77607118e-04 
 1.37500001e+00  1.37500001e+00  2.38070666e-01 -1.75539520e-04 
 1.37916668e+00  1.37916668e+00  2.33524200e-01 -1.73482615e-04 
 1.38333334e+00  1.38333334e+00  2.29072033e-01 -1.71436473e-04 
 1.38750001e+00  1.38750001e+00  2.24711054e-01 -1.69401163e-04 
 1.39166668e+00  1.39166668e+00  2.20438320e-01 -1.67376750e-04 
 1.39583334e+00  1.39583334e+00  2.16251044e-01 -1.65363294e-04 
 1.40000001e+00  1.40000001e+00  2.12146580e-01 -1.63360855e-04 
 1.40416668e+00  1.40416668e+00  2.08122419e-01 -1.61369490e-04 
 1.40833334e+00  1.40833334e+00  2.04176174e-01 -1.59389252e-04 
 1.41250001e+00  1.41250001e+00  2.00305576e-01 -1.57420192e-04 
 1.41666668e+00  1.41666668e+00  1.96508463e-01 -1.55462360e-04 
 1.42083334e+00  1.42083334e+00  1.92782774e-01 -1.53515804e-04 
 1.42500001e+00  1.42500001e+00  1.89126543e-01 -1.51580569e-04 
 1.42916668e+00  1.42916668e+00  1.85537892e-01 -1.49656698e-04 
 1.43333334e+00  1.43333334e+00  1.82015028e-01 -1.47744233e-04 
 1.43750001e+00  1.43750001e+00  1.78556234e-01 -1.45843215e-04 
 1.44166668e+00  1.44166668e+00  1.75159867e-01 -1.43953683e-04 
 1.44583334e+00  1.44583334e+00  1.71824353e-01 -1.42075675e-04 
 1.45000001e+00  1.45000001e+00  1.68548184e-01 -1.40209225e-04 
 1.45416668e+00  1.45416668e+00  1.65329911e-01 -1.38354370e-04 
 1.45833334e+00  1.45833334e+00  1.62168146e-01 -1.36511142e-04 
 1.46250001e+00  1.46250001e+00  1.59061553e-01 -1.34679574e-04 
 1.46666668e+00  1.46666668e+00  1.56008850e-01 -1.32859698e-04 
 1.47083335e+00  1.47083335e+00  1.53008801e-01 -1.31051543e-04 
 1.47500001e+00  1.47500001e+00  1.50060220e-01 -1.29255140e-04 
 1.47916668e+00  1.47916668e+00  1.47161963e-01 -1.27470515e-04 
 1.48333335e+00  1.48333335e+00  1.44312926e-01 -1.25697697e-04 
 1.48750001e+00  1.48750001e+00  1.41512049e-01 -1.23936713e-04 
 1.49166668e+00  1.49166668e+00  1.38758305e-01 -1.22187587e-04 
 1.49583335e+00  1.49583335e+00  1.36050705e-01 -1.20450345e-04 
 1.50000001e+00  1.50000001e+00  1.33388296e-01 -1.18725011e-04 
 1.50416668e+00  1.50416668e+00  1.30770153e-01 -1.17011608e-04 
 1.50833335e+00  1.50833335e+00  1.28195386e-01 -1.15310159e-04 
 1.51250001e+00  1.51250001e+00  1.25663132e-01 -1.13620686e-04 
 1.51666668e+00  1.51666668e+00  1.23172556e-01 -1.11943210e-04 
 1.52083335e+00  1.52083335e+00  1.20722853e-01 -1.10277753e-04 
 1.52500001e+00  1.52500001e+00  1.18313239e-01 -1.08624334e-04 
 1.52916668e+00  1.52916668e+00  1.15942959e-01 -1.06982972e-04 
 1.53333335e+00  1.53333335e+00  1.13611278e-01 -1.05353688e-04 
 1.53750001e+00  1.53750001e+00  1.11317485e-01 -1.03736499e-04 
 1.54166668e+00  1.54166668e+00  1.09060890e-01 -1.02131424e-04 
 1.54583335e+00  1.54583335e+00  1.06840825e-01 -1.00538479e-04 
 1.55000001e+00  1.55000001e+00  1.04656639e-01 -9.89576831e-05 
 1.55416668e+00  1.55416668e+00  1.02507704e-01 -9.73890513e-05 
 1.55833335e+00  1.55833335e+00  1.00393405e-01 -9.58326002e-05 
 1.56250001e+00  1.56250001e+00  9.83131489e-02 -9.42883456e-05 
 1.56666668e+00  1.56666668e+00  9.62663568e-02 -9.27563027e-05 
 1.57083335e+00  1.57083335e+00  9.42524669e-02 -9.12364864e-05 
 1.57500001e+00  1.57500001e+00  9.22709325e-02 -8.97289112e-05 
 1.57916668e+00  1.57916668e+00  9.03212220e-02 -8.82335914e-05 
 1.58333335e+00  1.58333335e+00  8.84028179e-02 -8.67505405e-05 
 1.58750001e+00  1.58750001e+00  8.65152165e-02 -8.52797722e-05 
 1.59166668e+00  1.59166668e+00  8.46579276e-02 -8.38212995e-05 
 1.59583335e+00  1.59583335e+00  8.28304735e-02 -8.23751351e-05 
 1.60000001e+00  1.60000001e+00  8.10323889e-02 -8.09412915e-05 
 1.60416668e+00  1.60416668e+00  7.92632203e-02 -7.95197808e-05 
 1.60833335e+00  1.60833335e+00  7.75225257e-02 -7.81106149e-05 
 1.61250001e+00  1.61250001e+00  7.58098743e-02 -7.67138054e-05 
 1.61666668e+00  1.61666668e+00  7.41248457e-02 -7.53293634e-05 
 1.62083335e+00  1.62083335e+00  7.24670298e-02 -7.39573000e-05 
 1.62500001e+00  1.62500001e+00  7.08360267e-02 -7.25976259e-05 
 1.62916668e+00  1.62916668e+00  6.92314458e-02 -7.12503516e-05 
 1.63333335e+00  1.63333335e+00  6.76529060e-02 -6.99154873e-05 
 1.63750001e+00  1.63750001e+00  6.61000350e-02 -6.85930430e-05 
 1.64166668e+00  1.64166668e+00  6.45724693e-02 -6.72830284e-05 
 1.64583335e+00  1.64583335e+00  6.30698536e-02 -6.59854530e-05 
 1.65000001e+00  1.65000001e+00  6.15918411e-02 -6.47003262e-05 
 1.65416668e+00  1.65416668e+00  6.01380925e-02 -6.34276569e-05 
 1.65833335e+00  1.65833335e+00  5.87082761e-02 -6.21674540e-05 
 1.66250001e+00  1.66250001e+00  5.73020680e-02 -6.09197263e-05 
 1.66666668e+00  1.66666668e+00  5.59191509e-02 -5.96844820e-05 
 1.67083335e+00  1.67083335e+00  5.45592148e-02 -5.84617295e-05 
 1.67500001e+00  1.67500001e+00  5.32219562e-02 -5.72514769e-05 
 1.67916668e+00  1.67916668e+00  5.19070783e-02 -5.60537319e-05 
 1.68333335e+00  1.68333335e+00  5.06142905e-02 -5.48685023e-05 
 1.68750001e+00  1.68750001e+00  4.93433083e-02 -5.36957956e-05 
 1.69166668e+00  1.69166668e+00  4.80938531e-02 -5.25356190e-05 
 1.69583335e+00  1.69583335e+00  4.68656522e-02 -5.13879799e-05 
 1.70000001e+00  1.70000001e+00  4.56584385e-02 -5.02528851e-05 
 1.70416668e+00  1.70416668e+00  4.44719502e-02 -4.91303415e-05 
 1.70833335e+00  1.70833335e+00  4.33059309e-02 -4.80203558e-05 
 1.71250001e+00  1.71250001e+00  4.21601294e-02 -4.69229344e-05 
 1.71666668e+00  1.71666668e+00  4.10342992e-02 -4.58380839e-05 
 1.72083335e+00  1.72083335e+00  3.99281990e-02 -4.47658103e-05 
 1.72500001e+00  1.72500001e+00  3.88415920e-02 -4.37061198e-05 
 1.72916668e+00  1.72916668e+00  3.77742461e-02 -4.26590183e-05 
 1.73333335e+00  1.73333335e+00  3.67259335e-02 -4.16245117e-05 
 1.73750001e+00  1.73750001e+00  3.56964310e-02 -4.06026054e-05 
 1.74166668e+00  1.74166668e+00  3.46855193e-02 -3.95933052e-05 
 1.74583335e+00  1.74583335e+00  3.36929836e-02 -3.85966164e-05 
 1.75000001e+00  1.75000001e+00  3.27186128e-02 -3.76125443e-05 
 1.75416668e+00  1.75416668e+00  3.17621997e-02 -3.66410941e-05 
 1.75833335e+00  1.75833335e+00  3.08235412e-02 -3.56822707e-05 
 1.76250001e+00  1.76250001e+00  2.99024375e-02 -3.47360790e-05 
 1.76666668e+00  1.76666668e+00  2.89986928e-02 -3.38025240e-05 
 1.77083335e+00  1.77083335e+00  2.81121144e-02 -3.28816102e-05 
 1.77500001e+00  1.77500001e+00  2.72425133e-02 -3.19733423e-05 
 1.77916668e+00  1.77916668e+00  2.63897039e-02 -3.10777246e-05 
 1.78333335e+00  1.78333335e+00  2.55535036e-02 -3.01947616e-05 
 1.78750001e+00  1.78750001e+00  2.47337332e-02 -2.93244575e-05 
 1.79166668e+00  1.79166668e+00  2.39302164e-02 -2.84668164e-05 
 1.79583335e+00  1.79583335e+00  2.31427801e-02 -2.76218424e-05 
 1.80000001e+00  1.80000001e+00  2.23712541e-02 -2.67895394e-05 
 1.80416668e+00  1.80416668e+00  2.16154709e-02 -2.59699114e-05 
 1.80833335e+00  1.80833335e+00  2.08752662e-02 -2.51629619e-05 
 1.81250001e+00  1.81250001e+00  2.01504780e-02 -2.43686947e-05 
 1.81666668e+00  1.81666668e+00  1.94409473e-02 -2.35871134e-05 
 1.82083335e+00  1.82083335e+00  1.87465176e-02 -2.28182215e-05 
 1.82500001e+00  1.82500001e+00  1.80670348e-02 -2.20620222e-05 
 1.82916668e+00  1.82916668e+00  1.74023477e-02 -2.13185189e-05 
 1.83333335e+00  1.83333335e+00  1.67523070e-02 -2.05877149e-05 
 1.83750001e+00  1.83750001e+00  1.61167663e-02 -1.98696133e-05 
 1.84166668e+00  1.84166668e+00  1.54955813e-02 -1.91642170e-05 
 1.84583335e+00  1.84583335e+00  1.48886098e-02 -1.84715291e-05 
 1.85000001e+00  1.85000001e+00  1.42957121e-02 -1.77915525e-05 
 1.85416668e+00  1.85416668e+00  1.37167506e-02 -1.71242900e-05 
 1.85833335e+00  1.85833335e+00  1.31515899e-02 -1.64697442e-05 
 1.86250001e+00  1.86250001e+00  1.26000963e-02 -1.58279180e-05 
 1.86666668e+00  1.86666668e+00  1.20621387e-02 -1.51988137e-05 
 1.87083335e+00  1.87083335e+00  1.15375876e-02 -1.45824340e-05 
 1.87500001e+00  1.87500001e+00  1.10263157e-02 -1.39787813e-05 
 1.87916668e+00  1.87916668e+00  1.05281973e-02 -1.33878580e-05 
 1.88333335e+00  1.88333335e+00  1.00431088e-02 -1.28096663e-05 
 1.88750002e+00  1.88750002e+00  9.57092837e-03 -1.22442085e-05 
 1.89166668e+00  1.89166668e+00  9.11153604e-03 -1.16914867e-05 
 1.89583335e+00  1.89583335e+00  8.66481348e-03 -1.11515030e-05 
 1.90000002e+00  1.90000002e+00  8.23064413e-03 -1.06242595e-05 
 1.90416668e+00  1.90416668e+00  7.80891310e-03 -1.01097582e-05 
 1.90833335e+00  1.90833335e+00  7.39950716e-03 -9.60800084e-06 
 1.91250002e+00  1.91250002e+00  7.00231467e-03 -9.11898939e-06 
 1.91666668e+00  1.91666668e+00  6.61722560e-03 -8.64272558e-06 
 1.92083335e+00  1.92083335e+00  6.24413145e-03 -8.17921114e-06 
 1.92500002e+00  1.92500002e+00  5.88292523e-03 -7.72844773e-06 
 1.92916668e+00  1.92916668e+00  5.53350146e-03 -7.29043696e-06 
 1.93333335e+00  1.93333335e+00  5.19575610e-03 -6.86518036e-06 
 1.93750002e+00  1.93750002e+00  4.86958656e-03 -6.45267942e-06 
 1.94166668e+00  1.94166668e+00  4.56059565e-03 -6.05931447e-06 
 1.94583335e+00  1.94583335e+00  4.25722604e-03 -5.67232978e-06 
 1.95000002e+00  1.95000002e+00  3.96513339e-03 -5.29810485e-06 
 1.95416668e+00  1.95416668e+00  3.68422054e-03 -4.93664096e-06 
 1.95833335e+00  1.95833335e+00  3.41439162e-03 -4.58793932e-06 
 1.96250002e+00  1.96250002e+00  3.15555203e-03 -4.25200111e-06 
 1.96666668e+00  1.96666668e+00  2.90760841e-03 -3.92882743e-06 
 1.97083335e+00  1.97083335e+00  2.67046864e-03 -3.61841936e-06 
 1.97500002e+00  1.97500002e+00  2.44404180e-03 -3.32077790e-06 
 1.97916668e+00  1.97916668e+00  2.22823813e-03 -3.03590402e-06 
 1.98333335e+00  1.98333335e+00  2.02296906e-03 -2.76379865e-06 
 1.98750002e+00  1.98750002e+00  1.82814713e-03 -2.50446264e-06 
 1.99166668e+00  1.99166668e+00  1.64368601e-03 -2.25789683e-06 
 1.99583335e+00  1.99583335e+00  1.46950046e-03 -2.02410199e-06 
 2.00000002e+00  2.00000002e+00  1.30550631e-03 -1.80307886e-06 
 2.00416668e+00  2.00416668e+00  1.15162047e-03 -1.59482812e-06 
 2.00833335e+00  2.00833335e+00  1.00776086e-03 -1.39935042e-06 
 2.01250002e+00  2.01250002e+00  8.73846427e-04 -1.21664636e-06 
 2.01666668e+00  2.01666668e+00  7.49797131e-04 -1.04671648e-06 
 2.02083335e+00  2.02083335e+00  6.35533903e-04 -8.89561316e-07 
 2.02500002e+00  2.02500002e+00  5.30978644e-04 -7.45181328e-07 
 2.02916668e+00  2.02916668e+00  4.36054204e-04 -6.13576951e-07 
 2.03333335e+00  2.03333335e+00  3.50684366e-04 -4.94748574e-07 
 2.03750002e+00  2.03750002e+00  2.74793830e-04 -3.88696547e-07 
 2.04166668e+00  2.04166668e+00  2.08308195e-04 -2.95421181e-07 
 2.04583335e+00  2.04583335e+00  1.51153950e-04 -2.14922746e-07 
 2.05000002e+00  2.05000002e+00  1.03258450e-04 -1.47201475e-07 
 2.05416668e+00  2.05416668e+00  6.45499073e-05 -9.22575633e-08 
 2.05833335e+00  2.05833335e+00  3.49573771e-05 -5.00911661e-08 
 2.06250002e+00  2.06250002e+00  1.44107402e-05 -2.07024033e-08 
 2.06666668e+00  2.06666668e+00  2.84068805e-06 -4.09135772e-09 
 2.07083335e+00  2.07083335e+00  1.72844961e-09 -2.51000000e-12 
 2.07500002e+00  2.07500002e+00  1.73391822e-09 -2.51000000e-12 
 2.07916668e+00  2.07916668e+00  1.72951248e-09 -2.51000000e-12 
 2.08333335e+00  2.08333335e+00  1.72515395e-09 -2.51000000e-12 
 2.08750002e+00  2.08750002e+00  1.72081727e-09 -2.51000000e-12 
 2.09166668e+00  2.09166668e+00  1.71650234e-09 -2.51000000e-12 
 2.09583335e+00  2.09583335e+00  1.71220899e-09 -2.51000000e-12 
 2.10000002e+00  2.10000002e+00  1.70793706e-09 -2.51000000e-12 
 2.10416668e+00  2.10416668e+00  1.70368640e-09 -2.51000000e-12 
 2.10833335e+00  2.10833335e+00  1.69945684e-09 -2.51000000e-12 
 2.11250002e+00  2.11250002e+00  1.69524824e-09 -2.51000000e-12 
 2.11666668e+00  2.11666668e+00  1.69106042e-09 -2.51000000e-12 
 2.12083335e+00  2.12083335e+00  1.68689325e-09 -2.51000000e-12 
 2.12500002e+00  2.12500002e+00  1.68274656e-09 -2.51000000e-12 
 2.12916668e+00  2.12916668e+00  1.67862021e-09 -2.51000000e-12 
 2.13333335e+00  2.13333335e+00  1.67451404e-09 -2.51000000e-12 
 2.13750002e+00  2.13750002e+00  1.67042792e-09 -2.51000000e-12 
 2.14166668e+00  2.14166668e+00  1.66636169e-09 -2.51000000e-12 
 2.14583335e+00  2.14583335e+00  1.66231520e-09 -2.51000000e-12 
 2.15000002e+00  2.15000002e+00  1.65828832e-09 -2.51000000e-12 
 2.15416668e+00  2.15416668e+00  1.65428091e-09 -2.51000000e-12 
 2.15833335e+00  2.15833335e+00  1.65029281e-09 -2.51000000e-12 
 2.16250002e+00  2.16250002e+00  1.64632390e-09 -2.51000000e-12 
 2.16666668e+00  2.16666668e+00  1.64237403e-09 -2.51000000e-12 
 2.17083335e+00  2.17083335e+00  1.63844307e-09 -2.51000000e-12 
 2.17500002e+00  2.17500002e+00  1.63453088e-09 -2.51000000e-12 
 2.17916668e+00  2.17916668e+00  1.63063734e-09 -2.51000000e-12 
 2.18333335e+00  2.18333335e+00  1.62676229e-09 -2.51000000e-12 
 2.18750002e+00  2.18750002e+00  1.62290562e-09 -2.51000000e-12 
 2.19166668e+00  2.19166668e+00  1.61906719e-09 -2.51000000e-12 
 2.19583335e+00  2.19583335e+00  1.61524688e-09 -2.51000000e-12 
 2.20000002e+00  2.20000002e+00  1.61144455e-09 -2.51000000e-12 
 2.20416668e+00  2.20416668e+00  1.60766008e-09 -2.51000000e-12 
 2.20833335e+00  2.20833335e+00  1.60389335e-09 -2.51000000e-12 
 2.21250002e+00  2.21250002e+00  1.60014422e-09 -2.51000000e-12 
 2.21666668e+00  2.21666668e+00  1.59641258e-09 -2.51000000e-12 
 2.22083335e+00  2.22083335e+00  1.59269831e-09 -2.51000000e-12 
 2.22500002e+00  2.22500002e+00  1.58900128e-09 -2.51000000e-12 
 2.22916668e+00  2.22916668e+00  1.58532137e-09 -2.51000000e-12 
 2.23333335e+00  2.23333335e+00  1.58165847e-09 -2.51000000e-12 
 2.23750002e+00  2.23750002e+00  1.57801245e-09 -2.51000000e-12 
 2.24166668e+00  2.24166668e+00  1.57438321e-09 -2.51000000e-12 
 2.24583335e+00  2.24583335e+00  1.57077062e-09 -2.51000000e-12 
 2.25000002e+00  2.25000002e+00  1.56717457e-09 -2.51000000e-12 
 2.25416668e+00  2.25416668e+00  1.56359495e-09 -2.51000000e-12 
 2.25833335e+00  2.25833335e+00  1.56003164e-09 -2.51000000e-12 
 2.26250002e+00  2.26250002e+00  1.55648454e-09 -2.51000000e-12 
 2.26666668e+00  2.26666668e+00  1.55295353e-09 -2.51000000e-12 
 2.27083335e+00  2.27083335e+00  1.54943851e-09 -2.51000000e-12 
 2.27500002e+00  2.27500002e+00  1.54593936e-09 -2.51000000e-12 
 2.27916668e+00  2.27916668e+00  1.54245598e-09 -2.51000000e-12 
 2.28333335e+00  2.28333335e+00  1.53898826e-09 -2.51000000e-12 
 2.28750002e+00  2.28750002e+00  1.53553610e-09 -2.51000000e-12 
 2.29166669e+00  2.29166669e+00  1.53209940e-09 -2.51000000e-12 
 2.29583335e+00  2.29583335e+00  1.52867804e-09 -2.51000000e-12 
 2.30000002e+00  2.30000002e+00  1.52527193e-09 -2.51000000e-12 
 2.30416669e+00  2.30416669e+00  1.52188096e-09 -2.51000000e-12 
 2.30833335e+00  2.30833335e+00  1.51850504e-09 -2.51000000e-12 
 2.31250002e+00  2.31250002e+00  1.51514406e-09 -2.51000000e-12 
 2.31666669e+00  2.31666669e+00  1.51179793e-09 -2.51000000e-12 
 2.32083335e+00  2.32083335e+00  1.50846654e-09 -2.51000000e-12 
 2.32500002e+00  2.32500002e+00  1.50514980e-09 -2.51000000e-12 
 2.32916669e+00  2.32916669e+00  1.50184762e-09 -2.51000000e-12 
 2.33333335e+00  2.33333335e+00  1.49855989e-09 -2.51000000e-12 
 2.33750002e+00  2.33750002e+00  1.49528653e-09 -2.51000000e-12 
 2.34166669e+00  2.34166669e+00  1.49202744e-09 -2.51000000e-12 
 2.34583335e+00  2.34583335e+00  1.48878252e-09 -2.51000000e-12 
 2.35000002e+00  2.35000002e+00  1.48555168e-09 -2.51000000e-12 
 2.35416669e+00  2.35416669e+00  1.48233484e-09 -2.51000000e-12 
 2.35833335e+00  2.35833335e+00  1.47913190e-09 -2.51000000e-12 
 2.36250002e+00  2.36250002e+00  1.47594277e-09 -2.51000000e-12 
 2.36666669e+00  2.36666669e+00  1.47276737e-09 -2.51000000e-12 
 2.37083335e+00  2.37083335e+00  1.46960559e-09 -2.51000000e-12 
 2.37500002e+00  2.37500002e+00  1.46645737e-09 -2.51000000e-12 
 2.37916669e+00  2.37916669e+00  1.46332260e-09 -2.51000000e-12 
 2.38333335e+00  2.38333335e+00  1.46020121e-09 -2.51000000e-12 
 2.38750002e+00  2.38750002e+00  1.45709310e-09 -2.51000000e-12 
 2.39166669e+00  2.39166669e+00  1.45399820e-09 -2.51000000e-12 
 2.39583335e+00  2.39583335e+00  1.45091642e-09 -2.51000000e-12 
 2.40000002e+00  2.40000002e+00  1.44784767e-09 -2.51000000e-12 
 2.40416669e+00  2.40416669e+00  1.44479188e-09 -2.51000000e-12 
 2.40833335e+00  2.40833335e+00  1.44174896e-09 -2.51000000e-12 
 2.41250002e+00  2.41250002e+00  1.43871883e-09 -2.51000000e-12 
 2.41666669e+00  2.41666669e+00  1.43570140e-09 -2.51000000e-12 
 2.42083335e+00  2.42083335e+00  1.43269661e-09 -2.51000000e-12 
 2.42500002e+00  2.42500002e+00  1.42970438e-09 -2.51000000e-12 
 2.42916669e+00  2.42916669e+00  1.42672461e-09 -2.51000000e-12 
 2.43333335e+00  2.43333335e+00  1.42375724e-09 -2.51000000e-12 
 2.43750002e+00  2.43750002e+00  1.42080218e-09 -2.51000000e-12 
 2.44166669e+00  2.44166669e+00  1.41785937e-09 -2.51000000e-12 
 2.44583335e+00  2.44583335e+00  1.41492872e-09 -2.51000000e-12 
 2.45000002e+00  2.45000002e+00  1.41201017e-09 -2.51000000e-12 
 2.45416669e+00  2.45416669e+00  1.40910362e-09 -2.51000000e-12 
 2.45833335e+00  2.45833335e+00  1.40620902e-09 -2.51000000e-12 
 2.46250002e+00  2.46250002e+00  1.40332629e-09 -2.51000000e-12 
 2.46666669e+00  2.46666669e+00  1.40045535e-09 -2.51000000e-12 
 2.47083335e+00  2.47083335e+00  1.39759614e-09 -2.51000000e-12 
 2.47500002e+00  2.47500002e+00  1.39474857e-09 -2.51000000e-12 
 2.47916669e+00  2.47916669e+00  1.39191259e-09 -2.51000000e-12 
 2.48333335e+00  2.48333335e+00  1.38908811e-09 -2.51000000e-12 
 2.48750002e+00  2.48750002e+00  1.38627508e-09 -2.51000000e-12 
 2.49166669e+00  2.49166669e+00  1.38347341e-09 -2.51000000e-12 
 2.49583335e+00  2.49583335e+00  1.38068305e-09 -2.51000000e-12 
