 v-sweep         v(a)            v(out)          i(vdd)         
 0.00000000e+00  0.00000000e+00  2.50000000e+00 -2.50999980e-12 
 2.50000000e-03  2.50000000e-03  2.50000349e+00 -2.51000349e-12 
 5.00000000e-03  5.00000000e-03  2.50000349e+00 -2.51000349e-12 
 7.50000000e-03  7.50000000e-03  2.50000000e+00 -2.51000002e-12 
 1.00000000e-02  1.00000000e-02  2.50000000e+00 -2.51000002e-12 
 1.25000000e-02  1.25000000e-02  2.50000000e+00 -2.51000002e-12 
 1.50000000e-02  1.50000000e-02  2.50000000e+00 -2.51000002e-12 
 1.75000000e-02  1.75000000e-02  2.50000000e+00 -2.51000002e-12 
 2.00000000e-02  2.00000000e-02  2.50000000e+00 -2.51000002e-12 
 2.25000000e-02  2.25000000e-02  2.50000000e+00 -2.51000002e-12 
 2.50000000e-02  2.50000000e-02  2.50000000e+00 -2.51000002e-12 
 2.75000000e-02  2.75000000e-02  2.50000000e+00 -2.51000002e-12 
 3.00000000e-02  3.00000000e-02  2.50000000e+00 -2.51000002e-12 
 3.25000000e-02  3.25000000e-02  2.50000000e+00 -2.51000002e-12 
 3.50000000e-02  3.50000000e-02  2.50000000e+00 -2.51000002e-12 
 3.75000000e-02  3.75000000e-02  2.50000000e+00 -2.51000002e-12 
 4.00000000e-02  4.00000000e-02  2.50000000e+00 -2.51000002e-12 
 4.25000000e-02  4.25000000e-02  2.50000000e+00 -2.51000002e-12 
 4.50000000e-02  4.50000000e-02  2.50000000e+00 -2.51000002e-12 
 4.75000000e-02  4.75000000e-02  2.50000000e+00 -2.51000002e-12 
 5.00000000e-02  5.00000000e-02  2.50000000e+00 -2.51000002e-12 
 5.25000000e-02  5.25000000e-02  2.50000000e+00 -2.51000002e-12 
 5.50000000e-02  5.50000000e-02  2.50000000e+00 -2.51000002e-12 
 5.75000000e-02  5.75000000e-02  2.50000000e+00 -2.51000002e-12 
 6.00000000e-02  6.00000000e-02  2.50000000e+00 -2.51000002e-12 
 6.25000000e-02  6.25000000e-02  2.50000000e+00 -2.51000002e-12 
 6.50000000e-02  6.50000000e-02  2.50000000e+00 -2.51000002e-12 
 6.75000000e-02  6.75000000e-02  2.50000000e+00 -2.51000002e-12 
 7.00000000e-02  7.00000000e-02  2.50000000e+00 -2.51000002e-12 
 7.25000000e-02  7.25000000e-02  2.50000000e+00 -2.51000002e-12 
 7.50000000e-02  7.50000000e-02  2.50000000e+00 -2.51000002e-12 
 7.75000000e-02  7.75000000e-02  2.50000000e+00 -2.51000002e-12 
 8.00000000e-02  8.00000000e-02  2.50000000e+00 -2.51000002e-12 
 8.25000000e-02  8.25000000e-02  2.50000000e+00 -2.51000002e-12 
 8.50000000e-02  8.50000000e-02  2.50000000e+00 -2.51000002e-12 
 8.75000000e-02  8.75000000e-02  2.50000000e+00 -2.51000002e-12 
 9.00000000e-02  9.00000000e-02  2.50000000e+00 -2.51000002e-12 
 9.25000000e-02  9.25000000e-02  2.50000000e+00 -2.51000002e-12 
 9.50000000e-02  9.50000000e-02  2.50000000e+00 -2.51000002e-12 
 9.75000000e-02  9.75000000e-02  2.50000000e+00 -2.51000002e-12 
 1.00000000e-01  1.00000000e-01  2.50000000e+00 -2.51000002e-12 
 1.02500000e-01  1.02500000e-01  2.50000000e+00 -2.51000002e-12 
 1.05000000e-01  1.05000000e-01  2.50000000e+00 -2.51000002e-12 
 1.07500000e-01  1.07500000e-01  2.50000000e+00 -2.51000002e-12 
 1.10000000e-01  1.10000000e-01  2.50000000e+00 -2.51000002e-12 
 1.12500000e-01  1.12500000e-01  2.50000000e+00 -2.51000002e-12 
 1.15000000e-01  1.15000000e-01  2.50000000e+00 -2.51000002e-12 
 1.17500000e-01  1.17500000e-01  2.50000000e+00 -2.51000002e-12 
 1.20000000e-01  1.20000000e-01  2.50000000e+00 -2.51000002e-12 
 1.22500000e-01  1.22500000e-01  2.50000000e+00 -2.51000002e-12 
 1.25000000e-01  1.25000000e-01  2.50000000e+00 -2.51000002e-12 
 1.27500000e-01  1.27500000e-01  2.50000000e+00 -2.51000002e-12 
 1.30000000e-01  1.30000000e-01  2.50000000e+00 -2.51000002e-12 
 1.32500000e-01  1.32500000e-01  2.50000000e+00 -2.51000002e-12 
 1.35000000e-01  1.35000000e-01  2.50000000e+00 -2.51000002e-12 
 1.37500000e-01  1.37500000e-01  2.50000000e+00 -2.51000002e-12 
 1.40000000e-01  1.40000000e-01  2.50000000e+00 -2.51000002e-12 
 1.42500000e-01  1.42500000e-01  2.50000000e+00 -2.51000002e-12 
 1.45000000e-01  1.45000000e-01  2.50000000e+00 -2.51000002e-12 
 1.47500000e-01  1.47500000e-01  2.50000000e+00 -2.51000002e-12 
 1.50000000e-01  1.50000000e-01  2.50000000e+00 -2.51000002e-12 
 1.52500000e-01  1.52500000e-01  2.50000000e+00 -2.51000002e-12 
 1.55000000e-01  1.55000000e-01  2.50000000e+00 -2.51000002e-12 
 1.57500000e-01  1.57500000e-01  2.50000000e+00 -2.51000002e-12 
 1.60000000e-01  1.60000000e-01  2.50000000e+00 -2.51000002e-12 
 1.62500000e-01  1.62500000e-01  2.50000000e+00 -2.51000002e-12 
 1.65000000e-01  1.65000000e-01  2.50000000e+00 -2.51000002e-12 
 1.67500000e-01  1.67500000e-01  2.50000000e+00 -2.51000002e-12 
 1.70000000e-01  1.70000000e-01  2.50000000e+00 -2.51000002e-12 
 1.72500000e-01  1.72500000e-01  2.50000000e+00 -2.51000002e-12 
 1.75000000e-01  1.75000000e-01  2.50000000e+00 -2.51000002e-12 
 1.77500000e-01  1.77500000e-01  2.50000000e+00 -2.51000002e-12 
 1.80000000e-01  1.80000000e-01  2.50000000e+00 -2.51000002e-12 
 1.82500000e-01  1.82500000e-01  2.50000000e+00 -2.51000002e-12 
 1.85000000e-01  1.85000000e-01  2.50000000e+00 -2.51000002e-12 
 1.87500000e-01  1.87500000e-01  2.50000000e+00 -2.51000002e-12 
 1.90000000e-01  1.90000000e-01  2.50000000e+00 -2.51000002e-12 
 1.92500000e-01  1.92500000e-01  2.50000000e+00 -2.51000002e-12 
 1.95000000e-01  1.95000000e-01  2.50000000e+00 -2.51000002e-12 
 1.97500000e-01  1.97500000e-01  2.50000000e+00 -2.51000002e-12 
 2.00000000e-01  2.00000000e-01  2.50000000e+00 -2.51000002e-12 
 2.02500000e-01  2.02500000e-01  2.50000000e+00 -2.51000002e-12 
 2.05000000e-01  2.05000000e-01  2.50000000e+00 -2.51000002e-12 
 2.07500000e-01  2.07500000e-01  2.50000000e+00 -2.51000002e-12 
 2.10000000e-01  2.10000000e-01  2.50000000e+00 -2.51000002e-12 
 2.12500000e-01  2.12500000e-01  2.50000000e+00 -2.51000002e-12 
 2.15000000e-01  2.15000000e-01  2.50000000e+00 -2.51000002e-12 
 2.17500000e-01  2.17500000e-01  2.50000000e+00 -2.51000002e-12 
 2.20000000e-01  2.20000000e-01  2.50000000e+00 -2.51000002e-12 
 2.22500000e-01  2.22500000e-01  2.50000000e+00 -2.51000002e-12 
 2.25000000e-01  2.25000000e-01  2.50000000e+00 -2.51000002e-12 
 2.27500000e-01  2.27500000e-01  2.50000000e+00 -2.51000002e-12 
 2.30000000e-01  2.30000000e-01  2.50000000e+00 -2.51000002e-12 
 2.32500000e-01  2.32500000e-01  2.50000000e+00 -2.51000002e-12 
 2.35000000e-01  2.35000000e-01  2.50000000e+00 -2.51000002e-12 
 2.37500000e-01  2.37500000e-01  2.50000000e+00 -2.51000002e-12 
 2.40000000e-01  2.40000000e-01  2.50000000e+00 -2.51000002e-12 
 2.42500000e-01  2.42500000e-01  2.50000000e+00 -2.51000002e-12 
 2.45000000e-01  2.45000000e-01  2.50000000e+00 -2.51000002e-12 
 2.47500000e-01  2.47500000e-01  2.50000000e+00 -2.51000002e-12 
 2.50000000e-01  2.50000000e-01  2.50000000e+00 -2.51000002e-12 
 2.52500000e-01  2.52500000e-01  2.50000000e+00 -2.51000002e-12 
 2.55000000e-01  2.55000000e-01  2.50000000e+00 -2.51000002e-12 
 2.57500000e-01  2.57500000e-01  2.50000000e+00 -2.51000002e-12 
 2.60000000e-01  2.60000000e-01  2.50000000e+00 -2.51000002e-12 
 2.62500000e-01  2.62500000e-01  2.50000000e+00 -2.51000002e-12 
 2.65000000e-01  2.65000000e-01  2.50000000e+00 -2.51000002e-12 
 2.67500000e-01  2.67500000e-01  2.50000000e+00 -2.51000002e-12 
 2.70000000e-01  2.70000000e-01  2.50000000e+00 -2.51000002e-12 
 2.72500000e-01  2.72500000e-01  2.50000000e+00 -2.51000002e-12 
 2.75000000e-01  2.75000000e-01  2.50000000e+00 -2.51000002e-12 
 2.77500000e-01  2.77500000e-01  2.50000000e+00 -2.51000002e-12 
 2.80000000e-01  2.80000000e-01  2.50000000e+00 -2.51000002e-12 
 2.82500000e-01  2.82500000e-01  2.50000000e+00 -2.51000002e-12 
 2.85000000e-01  2.85000000e-01  2.50000000e+00 -2.51000002e-12 
 2.87500000e-01  2.87500000e-01  2.50000000e+00 -2.51000002e-12 
 2.90000000e-01  2.90000000e-01  2.50000000e+00 -2.51000002e-12 
 2.92500000e-01  2.92500000e-01  2.50000000e+00 -2.51000002e-12 
 2.95000000e-01  2.95000000e-01  2.50000000e+00 -2.51000002e-12 
 2.97500000e-01  2.97500000e-01  2.50000000e+00 -2.51000002e-12 
 3.00000000e-01  3.00000000e-01  2.50000000e+00 -2.51000002e-12 
 3.02500000e-01  3.02500000e-01  2.50000000e+00 -2.51000002e-12 
 3.05000000e-01  3.05000000e-01  2.50000000e+00 -2.51000002e-12 
 3.07500000e-01  3.07500000e-01  2.50000000e+00 -2.51000002e-12 
 3.10000000e-01  3.10000000e-01  2.50000000e+00 -2.51000002e-12 
 3.12500000e-01  3.12500000e-01  2.50000000e+00 -2.51000002e-12 
 3.15000000e-01  3.15000000e-01  2.50000000e+00 -2.51000002e-12 
 3.17500000e-01  3.17500000e-01  2.50000000e+00 -2.51000002e-12 
 3.20000000e-01  3.20000000e-01  2.50000000e+00 -2.51000002e-12 
 3.22500000e-01  3.22500000e-01  2.50000000e+00 -2.51000002e-12 
 3.25000000e-01  3.25000000e-01  2.50000000e+00 -2.51000002e-12 
 3.27500000e-01  3.27500000e-01  2.50000000e+00 -2.51000002e-12 
 3.30000000e-01  3.30000000e-01  2.50000000e+00 -2.51000002e-12 
 3.32500000e-01  3.32500000e-01  2.50000000e+00 -2.51000002e-12 
 3.35000000e-01  3.35000000e-01  2.50000000e+00 -2.51000002e-12 
 3.37500000e-01  3.37500000e-01  2.50000000e+00 -2.51000002e-12 
 3.40000000e-01  3.40000000e-01  2.50000000e+00 -2.51000002e-12 
 3.42500000e-01  3.42500000e-01  2.50000000e+00 -2.51000002e-12 
 3.45000000e-01  3.45000000e-01  2.50000000e+00 -2.51000002e-12 
 3.47500000e-01  3.47500000e-01  2.50000000e+00 -2.51000002e-12 
 3.50000000e-01  3.50000000e-01  2.50000000e+00 -2.51000002e-12 
 3.52500000e-01  3.52500000e-01  2.50000000e+00 -2.51000002e-12 
 3.55000000e-01  3.55000000e-01  2.50000000e+00 -2.51000002e-12 
 3.57500000e-01  3.57500000e-01  2.50000000e+00 -2.51000002e-12 
 3.60000000e-01  3.60000000e-01  2.50000000e+00 -2.51000002e-12 
 3.62500000e-01  3.62500000e-01  2.50000000e+00 -2.51000002e-12 
 3.65000000e-01  3.65000000e-01  2.50000000e+00 -2.51000002e-12 
 3.67500000e-01  3.67500000e-01  2.50000000e+00 -2.51000002e-12 
 3.70000000e-01  3.70000000e-01  2.50000000e+00 -2.51000002e-12 
 3.72500000e-01  3.72500000e-01  2.50000000e+00 -2.51000002e-12 
 3.75000000e-01  3.75000000e-01  2.50000000e+00 -2.51000002e-12 
 3.77500000e-01  3.77500000e-01  2.50000000e+00 -2.51000002e-12 
 3.80000000e-01  3.80000000e-01  2.50000000e+00 -2.51000002e-12 
 3.82500000e-01  3.82500000e-01  2.50000000e+00 -2.51000002e-12 
 3.85000000e-01  3.85000000e-01  2.50000000e+00 -2.51000002e-12 
 3.87500000e-01  3.87500000e-01  2.50000000e+00 -2.51000002e-12 
 3.90000000e-01  3.90000000e-01  2.50000000e+00 -2.51000002e-12 
 3.92500000e-01  3.92500000e-01  2.50000000e+00 -2.51000002e-12 
 3.95000000e-01  3.95000000e-01  2.50000000e+00 -2.51000002e-12 
 3.97500000e-01  3.97500000e-01  2.50000000e+00 -2.51000002e-12 
 4.00000000e-01  4.00000000e-01  2.50000000e+00 -2.51000002e-12 
 4.02500000e-01  4.02500000e-01  2.50000000e+00 -2.51000002e-12 
 4.05000000e-01  4.05000000e-01  2.50000000e+00 -2.51000002e-12 
 4.07500000e-01  4.07500000e-01  2.50000000e+00 -2.51000002e-12 
 4.10000000e-01  4.10000000e-01  2.50000000e+00 -2.51000002e-12 
 4.12500000e-01  4.12500000e-01  2.50000000e+00 -2.51000002e-12 
 4.15000000e-01  4.15000000e-01  2.50000000e+00 -2.51000002e-12 
 4.17500000e-01  4.17500000e-01  2.50000000e+00 -2.51000002e-12 
 4.20000000e-01  4.20000000e-01  2.50000000e+00 -2.51000002e-12 
 4.22500000e-01  4.22500000e-01  2.50000000e+00 -2.51000002e-12 
 4.25000000e-01  4.25000000e-01  2.50000000e+00 -2.51000002e-12 
 4.27500000e-01  4.27500000e-01  2.50000000e+00 -2.51000002e-12 
 4.30000000e-01  4.30000000e-01  2.50000000e+00 -2.51000002e-12 
 4.32500000e-01  4.32500000e-01  2.49999802e+00 -1.31210705e-09 
 4.35000000e-01  4.35000000e-01  2.49999209e+00 -5.24110659e-09 
 4.37500000e-01  4.37500000e-01  2.49998220e+00 -1.17898064e-08 
 4.40000000e-01  4.40000000e-01  2.49996836e+00 -2.09585097e-08 
 4.42500000e-01  4.42500000e-01  2.49995056e+00 -3.27475157e-08 
 4.45000000e-01  4.45000000e-01  2.49992881e+00 -4.71571219e-08 
 4.47500000e-01  4.47500000e-01  2.49990310e+00 -6.41876237e-08 
 4.50000000e-01  4.50000000e-01  2.49987343e+00 -8.38393143e-08 
 4.52500000e-01  4.52500000e-01  2.49983980e+00 -1.06112485e-07 
 4.55000000e-01  4.55000000e-01  2.49980222e+00 -1.31007426e-07 
 4.57500000e-01  4.57500000e-01  2.49976067e+00 -1.58524424e-07 
 4.60000000e-01  4.60000000e-01  2.49971517e+00 -1.88663765e-07 
 4.62500000e-01  4.62500000e-01  2.49966570e+00 -2.21425732e-07 
 4.65000000e-01  4.65000000e-01  2.49961228e+00 -2.56810606e-07 
 4.67500000e-01  4.67500000e-01  2.49955489e+00 -2.94818668e-07 
 4.70000000e-01  4.70000000e-01  2.49949354e+00 -3.35450194e-07 
 4.72500000e-01  4.72500000e-01  2.49942822e+00 -3.78705461e-07 
 4.75000000e-01  4.75000000e-01  2.49935895e+00 -4.24584742e-07 
 4.77500000e-01  4.77500000e-01  2.49928570e+00 -4.73088308e-07 
 4.80000000e-01  4.80000000e-01  2.49920850e+00 -5.24216429e-07 
 4.82500000e-01  4.82500000e-01  2.49912732e+00 -5.77969373e-07 
 4.85000000e-01  4.85000000e-01  2.49904218e+00 -6.34347405e-07 
 4.87500000e-01  4.87500000e-01  2.49895308e+00 -6.93350789e-07 
 4.90000000e-01  4.90000000e-01  2.49886000e+00 -7.54979787e-07 
 4.92500000e-01  4.92500000e-01  2.49876295e+00 -8.19234658e-07 
 4.95000000e-01  4.95000000e-01  2.49866194e+00 -8.86115660e-07 
 4.97500000e-01  4.97500000e-01  2.49855695e+00 -9.55623049e-07 
 5.00000000e-01  5.00000000e-01  2.49844800e+00 -1.02775708e-06 
 5.02500000e-01  5.02500000e-01  2.49833507e+00 -1.10251800e-06 
 5.05000000e-01  5.05000000e-01  2.49821816e+00 -1.17990606e-06 
 5.07500000e-01  5.07500000e-01  2.49809729e+00 -1.25992152e-06 
 5.10000000e-01  5.10000000e-01  2.49797442e+00 -1.34125075e-06 
 5.12500000e-01  5.12500000e-01  2.49784560e+00 -1.42652160e-06 
 5.15000000e-01  5.15000000e-01  2.49771279e+00 -1.51442057e-06 
 5.17500000e-01  5.17500000e-01  2.49757601e+00 -1.60494790e-06 
 5.20000000e-01  5.20000000e-01  2.49743525e+00 -1.69810383e-06 
 5.22500000e-01  5.22500000e-01  2.49729051e+00 -1.79388860e-06 
 5.25000000e-01  5.25000000e-01  2.49714178e+00 -1.89230243e-06 
 5.27500000e-01  5.27500000e-01  2.49698908e+00 -1.99334557e-06 
 5.30000000e-01  5.30000000e-01  2.49683239e+00 -2.09701824e-06 
 5.32500000e-01  5.32500000e-01  2.49667172e+00 -2.20332066e-06 
 5.35000000e-01  5.35000000e-01  2.49650707e+00 -2.31225308e-06 
 5.37500000e-01  5.37500000e-01  2.49633843e+00 -2.42381570e-06 
 5.40000000e-01  5.40000000e-01  2.49616580e+00 -2.53800875e-06 
 5.42500000e-01  5.42500000e-01  2.49598919e+00 -2.65483246e-06 
 5.45000000e-01  5.45000000e-01  2.49580858e+00 -2.77428703e-06 
 5.47500000e-01  5.47500000e-01  2.49562399e+00 -2.89637268e-06 
 5.50000000e-01  5.50000000e-01  2.49543540e+00 -3.02108964e-06 
 5.52500000e-01  5.52500000e-01  2.49524282e+00 -3.14843810e-06 
 5.55000000e-01  5.55000000e-01  2.49504625e+00 -3.27841829e-06 
 5.57500000e-01  5.57500000e-01  2.49484568e+00 -3.41103041e-06 
 5.60000000e-01  5.60000000e-01  2.49464112e+00 -3.54627465e-06 
 5.62500000e-01  5.62500000e-01  2.49443256e+00 -3.68415124e-06 
 5.65000000e-01  5.65000000e-01  2.49422000e+00 -3.82466037e-06 
 5.67500000e-01  5.67500000e-01  2.49400344e+00 -3.96780223e-06 
 5.70000000e-01  5.70000000e-01  2.49378288e+00 -4.11357704e-06 
 5.72500000e-01  5.72500000e-01  2.49355832e+00 -4.26198498e-06 
 5.75000000e-01  5.75000000e-01  2.49332975e+00 -4.41302625e-06 
 5.77500000e-01  5.77500000e-01  2.49309718e+00 -4.56670103e-06 
 5.80000000e-01  5.80000000e-01  2.49286060e+00 -4.72300953e-06 
 5.82500000e-01  5.82500000e-01  2.49262002e+00 -4.88195192e-06 
 5.85000000e-01  5.85000000e-01  2.49237543e+00 -5.04352840e-06 
 5.87500000e-01  5.87500000e-01  2.49212683e+00 -5.20773914e-06 
 5.90000000e-01  5.90000000e-01  2.49187421e+00 -5.37458434e-06 
 5.92500000e-01  5.92500000e-01  2.49161759e+00 -5.54406416e-06 
 5.95000000e-01  5.95000000e-01  2.49135694e+00 -5.71617879e-06 
 5.97500000e-01  5.97500000e-01  2.49109229e+00 -5.89092840e-06 
 6.00000000e-01  6.00000000e-01  2.49082361e+00 -6.06831317e-06 
 6.02500000e-01  6.02500000e-01  2.49055092e+00 -6.24833327e-06 
 6.05000000e-01  6.05000000e-01  2.49027421e+00 -6.43098886e-06 
 6.07500000e-01  6.07500000e-01  2.48999348e+00 -6.61628012e-06 
 6.10000000e-01  6.10000000e-01  2.48970872e+00 -6.80420722e-06 
 6.12500000e-01  6.12500000e-01  2.48941994e+00 -6.99477031e-06 
 6.15000000e-01  6.15000000e-01  2.48912713e+00 -7.18796955e-06 
 6.17500000e-01  6.17500000e-01  2.48883030e+00 -7.38380511e-06 
 6.20000000e-01  6.20000000e-01  2.48852943e+00 -7.58227715e-06 
 6.22500000e-01  6.22500000e-01  2.48822454e+00 -7.78338582e-06 
 6.25000000e-01  6.25000000e-01  2.48791561e+00 -7.98713127e-06 
 6.27500000e-01  6.27500000e-01  2.48760265e+00 -8.19351365e-06 
 6.30000000e-01  6.30000000e-01  2.48728566e+00 -8.40253312e-06 
 6.32500000e-01  6.32500000e-01  2.48696462e+00 -8.61418983e-06 
 6.35000000e-01  6.35000000e-01  2.48663955e+00 -8.82848391e-06 
 6.37500000e-01  6.37500000e-01  2.48631044e+00 -9.04541551e-06 
 6.40000000e-01  6.40000000e-01  2.48597729e+00 -9.26498477e-06 
 6.42500000e-01  6.42500000e-01  2.48564009e+00 -9.48719184e-06 
 6.45000000e-01  6.45000000e-01  2.48529885e+00 -9.71203684e-06 
 6.47500000e-01  6.47500000e-01  2.48495356e+00 -9.93951992e-06 
 6.50000000e-01  6.50000000e-01  2.48460422e+00 -1.01696412e-05 
 6.52500000e-01  6.52500000e-01  2.48425083e+00 -1.04024008e-05 
 6.55000000e-01  6.55000000e-01  2.48389339e+00 -1.06377989e-05 
 6.57500000e-01  6.57500000e-01  2.48353189e+00 -1.08758356e-05 
 6.60000000e-01  6.60000000e-01  2.48316634e+00 -1.11165110e-05 
 6.62500000e-01  6.62500000e-01  2.48279673e+00 -1.13598253e-05 
 6.65000000e-01  6.65000000e-01  2.48242306e+00 -1.16057785e-05 
 6.67500000e-01  6.67500000e-01  2.48204533e+00 -1.18543708e-05 
 6.70000000e-01  6.70000000e-01  2.48166353e+00 -1.21056023e-05 
 6.72500000e-01  6.72500000e-01  2.48127767e+00 -1.23594731e-05 
 6.75000000e-01  6.75000000e-01  2.48088774e+00 -1.26159833e-05 
 6.77500000e-01  6.77500000e-01  2.48049375e+00 -1.28751331e-05 
 6.80000000e-01  6.80000000e-01  2.48009568e+00 -1.31369226e-05 
 6.82500000e-01  6.82500000e-01  2.47969354e+00 -1.34013517e-05 
 6.85000000e-01  6.85000000e-01  2.47928732e+00 -1.36684208e-05 
 6.87500000e-01  6.87500000e-01  2.47887703e+00 -1.39381298e-05 
 6.90000000e-01  6.90000000e-01  2.47846266e+00 -1.42104788e-05 
 6.92500000e-01  6.92500000e-01  2.47804420e+00 -1.44854680e-05 
 6.95000000e-01  6.95000000e-01  2.47762167e+00 -1.47630975e-05 
 6.97500000e-01  6.97500000e-01  2.47719505e+00 -1.50433673e-05 
 7.00000000e-01  7.00000000e-01  2.47676434e+00 -1.53262776e-05 
 7.02500000e-01  7.02500000e-01  2.47632954e+00 -1.56118284e-05 
 7.05000000e-01  7.05000000e-01  2.47589065e+00 -1.59000198e-05 
 7.07500000e-01  7.07500000e-01  2.47544767e+00 -1.61908519e-05 
 7.10000000e-01  7.10000000e-01  2.47500059e+00 -1.64843248e-05 
 7.12500000e-01  7.12500000e-01  2.47454942e+00 -1.67804386e-05 
 7.15000000e-01  7.15000000e-01  2.47409414e+00 -1.70791933e-05 
 7.17500000e-01  7.17500000e-01  2.47363476e+00 -1.73805890e-05 
 7.20000000e-01  7.20000000e-01  2.47317128e+00 -1.76846259e-05 
 7.22500000e-01  7.22500000e-01  2.47270369e+00 -1.79913039e-05 
 7.25000000e-01  7.25000000e-01  2.47223199e+00 -1.83006232e-05 
 7.27500000e-01  7.27500000e-01  2.47175619e+00 -1.86125837e-05 
 7.30000000e-01  7.30000000e-01  2.47127626e+00 -1.89271857e-05 
 7.32500000e-01  7.32500000e-01  2.47079223e+00 -1.92444291e-05 
 7.35000000e-01  7.35000000e-01  2.47030407e+00 -1.95643140e-05 
 7.37500000e-01  7.37500000e-01  2.46981179e+00 -1.98868405e-05 
 7.40000000e-01  7.40000000e-01  2.46931539e+00 -2.02120086e-05 
 7.42500000e-01  7.42500000e-01  2.46881487e+00 -2.05398184e-05 
 7.45000000e-01  7.45000000e-01  2.46831022e+00 -2.08702700e-05 
 7.47500000e-01  7.47500000e-01  2.46780144e+00 -2.12033633e-05 
 7.50000000e-01  7.50000000e-01  2.46728852e+00 -2.15390984e-05 
 7.52500000e-01  7.52500000e-01  2.46677148e+00 -2.18774755e-05 
 7.55000000e-01  7.55000000e-01  2.46625029e+00 -2.22184945e-05 
 7.57500000e-01  7.57500000e-01  2.46572497e+00 -2.25621555e-05 
 7.60000000e-01  7.60000000e-01  2.46519550e+00 -2.29084584e-05 
 7.62500000e-01  7.62500000e-01  2.46466189e+00 -2.32574035e-05 
 7.65000000e-01  7.65000000e-01  2.46412413e+00 -2.36089906e-05 
 7.67500000e-01  7.67500000e-01  2.46358222e+00 -2.39632199e-05 
 7.70000000e-01  7.70000000e-01  2.46303616e+00 -2.43200913e-05 
 7.72500000e-01  7.72500000e-01  2.46248594e+00 -2.46796049e-05 
 7.75000000e-01  7.75000000e-01  2.46193157e+00 -2.50417608e-05 
 7.77500000e-01  7.77500000e-01  2.46137304e+00 -2.54065589e-05 
 7.80000000e-01  7.80000000e-01  2.46081034e+00 -2.57739992e-05 
 7.82500000e-01  7.82500000e-01  2.46024348e+00 -2.61440819e-05 
 7.85000000e-01  7.85000000e-01  2.45967245e+00 -2.65168069e-05 
 7.87500000e-01  7.87500000e-01  2.45909725e+00 -2.68921742e-05 
 7.90000000e-01  7.90000000e-01  2.45851787e+00 -2.72701838e-05 
 7.92500000e-01  7.92500000e-01  2.45793432e+00 -2.76508358e-05 
 7.95000000e-01  7.95000000e-01  2.45734659e+00 -2.80341302e-05 
 7.97500000e-01  7.97500000e-01  2.45675468e+00 -2.84200670e-05 
 8.00000000e-01  8.00000000e-01  2.45615859e+00 -2.88086461e-05 
 8.02500000e-01  8.02500000e-01  2.45555830e+00 -2.91998677e-05 
 8.05000000e-01  8.05000000e-01  2.45495383e+00 -2.95937316e-05 
 8.07500000e-01  8.07500000e-01  2.45434516e+00 -2.99902380e-05 
 8.10000000e-01  8.10000000e-01  2.45373230e+00 -3.03893867e-05 
 8.12500000e-01  8.12500000e-01  2.45311524e+00 -3.07911778e-05 
 8.15000000e-01  8.15000000e-01  2.45249398e+00 -3.11956113e-05 
 8.17500000e-01  8.17500000e-01  2.45186851e+00 -3.16026872e-05 
 8.20000000e-01  8.20000000e-01  2.45123883e+00 -3.20124054e-05 
 8.22500000e-01  8.22500000e-01  2.45060495e+00 -3.24247660e-05 
 8.25000000e-01  8.25000000e-01  2.44996685e+00 -3.28397689e-05 
 8.27500000e-01  8.27500000e-01  2.44932453e+00 -3.32574141e-05 
 8.30000000e-01  8.30000000e-01  2.44867799e+00 -3.36777016e-05 
 8.32500000e-01  8.32500000e-01  2.44802724e+00 -3.41006315e-05 
 8.35000000e-01  8.35000000e-01  2.44737225e+00 -3.45262035e-05 
 8.37500000e-01  8.37500000e-01  2.44671304e+00 -3.49544178e-05 
 8.40000000e-01  8.40000000e-01  2.44604959e+00 -3.53852743e-05 
 8.42500000e-01  8.42500000e-01  2.44538191e+00 -3.58187729e-05 
 8.45000000e-01  8.45000000e-01  2.44470999e+00 -3.62549137e-05 
 8.47500000e-01  8.47500000e-01  2.44403383e+00 -3.66936965e-05 
 8.50000000e-01  8.50000000e-01  2.44335342e+00 -3.71351215e-05 
 8.52500000e-01  8.52500000e-01  2.44266877e+00 -3.75791884e-05 
 8.55000000e-01  8.55000000e-01  2.44197987e+00 -3.80258973e-05 
 8.57500000e-01  8.57500000e-01  2.44128671e+00 -3.84752482e-05 
 8.60000000e-01  8.60000000e-01  2.44058929e+00 -3.89272409e-05 
 8.62500000e-01  8.62500000e-01  2.43988761e+00 -3.93818755e-05 
 8.65000000e-01  8.65000000e-01  2.43918167e+00 -3.98391519e-05 
 8.67500000e-01  8.67500000e-01  2.43847146e+00 -4.02990700e-05 
 8.70000000e-01  8.70000000e-01  2.43775698e+00 -4.07616297e-05 
 8.72500000e-01  8.72500000e-01  2.43703822e+00 -4.12268311e-05 
 8.75000000e-01  8.75000000e-01  2.43631519e+00 -4.16946741e-05 
 8.77500000e-01  8.77500000e-01  2.43558787e+00 -4.21651585e-05 
 8.80000000e-01  8.80000000e-01  2.43485627e+00 -4.26382844e-05 
 8.82500000e-01  8.82500000e-01  2.43412039e+00 -4.31140516e-05 
 8.85000000e-01  8.85000000e-01  2.43338021e+00 -4.35924601e-05 
 8.87500000e-01  8.87500000e-01  2.43263573e+00 -4.40735099e-05 
 8.90000000e-01  8.90000000e-01  2.43188696e+00 -4.45572008e-05 
 8.92500000e-01  8.92500000e-01  2.43113388e+00 -4.50435327e-05 
 8.95000000e-01  8.95000000e-01  2.43037650e+00 -4.55325057e-05 
 8.97500000e-01  8.97500000e-01  2.42961480e+00 -4.60241195e-05 
 9.00000000e-01  9.00000000e-01  2.42884880e+00 -4.65183742e-05 
 9.02500000e-01  9.02500000e-01  2.42807848e+00 -4.70152696e-05 
 9.05000000e-01  9.05000000e-01  2.42730383e+00 -4.75148057e-05 
 9.07500000e-01  9.07500000e-01  2.42652486e+00 -4.80169823e-05 
 9.10000000e-01  9.10000000e-01  2.42574157e+00 -4.85217994e-05 
 9.12500000e-01  9.12500000e-01  2.42495394e+00 -4.90292569e-05 
 9.15000000e-01  9.15000000e-01  2.42416198e+00 -4.95393547e-05 
 9.17500000e-01  9.17500000e-01  2.42336567e+00 -5.00520926e-05 
 9.20000000e-01  9.20000000e-01  2.42256503e+00 -5.05674706e-05 
 9.22500000e-01  9.22500000e-01  2.42176003e+00 -5.10854885e-05 
 9.25000000e-01  9.25000000e-01  2.42095069e+00 -5.16061464e-05 
 9.27500000e-01  9.27500000e-01  2.42013699e+00 -5.21294439e-05 
 9.30000000e-01  9.30000000e-01  2.41931893e+00 -5.26553811e-05 
 9.32500000e-01  9.32500000e-01  2.41849651e+00 -5.31839579e-05 
 9.35000000e-01  9.35000000e-01  2.41766972e+00 -5.37151740e-05 
 9.37500000e-01  9.37500000e-01  2.41683856e+00 -5.42490294e-05 
 9.40000000e-01  9.40000000e-01  2.41600303e+00 -5.47855240e-05 
 9.42500000e-01  9.42500000e-01  2.41516312e+00 -5.53246577e-05 
 9.45000000e-01  9.45000000e-01  2.41431882e+00 -5.58664302e-05 
 9.47500000e-01  9.47500000e-01  2.41347014e+00 -5.64108416e-05 
 9.50000000e-01  9.50000000e-01  2.41261707e+00 -5.69578915e-05 
 9.52500000e-01  9.52500000e-01  2.41175960e+00 -5.75075801e-05 
 9.55000000e-01  9.55000000e-01  2.41089773e+00 -5.80599069e-05 
 9.57500000e-01  9.57500000e-01  2.41003146e+00 -5.86148721e-05 
 9.60000000e-01  9.60000000e-01  2.40916078e+00 -5.91724753e-05 
 9.62500000e-01  9.62500000e-01  2.40828568e+00 -5.97327165e-05 
 9.65000000e-01  9.65000000e-01  2.40740617e+00 -6.02955955e-05 
 9.67500000e-01  9.67500000e-01  2.40652224e+00 -6.08611122e-05 
 9.70000000e-01  9.70000000e-01  2.40563389e+00 -6.14292664e-05 
 9.72500000e-01  9.72500000e-01  2.40474111e+00 -6.20000580e-05 
 9.75000000e-01  9.75000000e-01  2.40384389e+00 -6.25734867e-05 
 9.77500000e-01  9.77500000e-01  2.40294223e+00 -6.31495526e-05 
 9.80000000e-01  9.80000000e-01  2.40203613e+00 -6.37282552e-05 
 9.82500000e-01  9.82500000e-01  2.40112558e+00 -6.43095947e-05 
 9.85000000e-01  9.85000000e-01  2.40021059e+00 -6.48935706e-05 
 9.87500000e-01  9.87500000e-01  2.39929113e+00 -6.54801830e-05 
 9.90000000e-01  9.90000000e-01  2.39836722e+00 -6.60694315e-05 
 9.92500000e-01  9.92500000e-01  2.39743884e+00 -6.66613162e-05 
 9.95000000e-01  9.95000000e-01  2.39650599e+00 -6.72558366e-05 
 9.97500000e-01  9.97500000e-01  2.39556866e+00 -6.78529928e-05 
 1.00000000e+00  1.00000000e+00  2.39462686e+00 -6.84527845e-05 
 1.00250000e+00  1.00250000e+00  2.39368057e+00 -6.90552114e-05 
 1.00500000e+00  1.00500000e+00  2.39272979e+00 -6.96602736e-05 
 1.00750000e+00  1.00750000e+00  2.39177452e+00 -7.02679706e-05 
 1.01000000e+00  1.01000000e+00  2.39081475e+00 -7.08783024e-05 
 1.01250000e+00  1.01250000e+00  2.38985048e+00 -7.14912688e-05 
 1.01500000e+00  1.01500000e+00  2.38888170e+00 -7.21068696e-05 
 1.01750000e+00  1.01750000e+00  2.38790841e+00 -7.27251045e-05 
 1.02000000e+00  1.02000000e+00  2.38693060e+00 -7.33459733e-05 
 1.02250000e+00  1.02250000e+00  2.38594827e+00 -7.39694759e-05 
 1.02500000e+00  1.02500000e+00  2.38496141e+00 -7.45956121e-05 
 1.02750000e+00  1.02750000e+00  2.38397002e+00 -7.52243816e-05 
 1.03000000e+00  1.03000000e+00  2.38297409e+00 -7.58557842e-05 
 1.03250000e+00  1.03250000e+00  2.38197362e+00 -7.64898198e-05 
 1.03500000e+00  1.03500000e+00  2.38096860e+00 -7.71264880e-05 
 1.03750000e+00  1.03750000e+00  2.37995903e+00 -7.77657887e-05 
 1.04000000e+00  1.04000000e+00  2.37894490e+00 -7.84077216e-05 
 1.04250000e+00  1.04250000e+00  2.37792621e+00 -7.90522866e-05 
 1.04500000e+00  1.04500000e+00  2.37690295e+00 -7.96994834e-05 
 1.04750000e+00  1.04750000e+00  2.37587512e+00 -8.03493117e-05 
 1.05000000e+00  1.05000000e+00  2.37484271e+00 -8.10017714e-05 
 1.05250000e+00  1.05250000e+00  2.37380571e+00 -8.16568621e-05 
 1.05500000e+00  1.05500000e+00  2.37276412e+00 -8.23145837e-05 
 1.05750000e+00  1.05750000e+00  2.37171794e+00 -8.29749359e-05 
 1.06000000e+00  1.06000000e+00  2.37066717e+00 -8.36379185e-05 
 1.06250000e+00  1.06250000e+00  2.36961178e+00 -8.43035312e-05 
 1.06500000e+00  1.06500000e+00  2.36855179e+00 -8.49717738e-05 
 1.06750000e+00  1.06750000e+00  2.36748717e+00 -8.56426459e-05 
 1.07000000e+00  1.07000000e+00  2.36641794e+00 -8.63161475e-05 
 1.07250000e+00  1.07250000e+00  2.36534408e+00 -8.69922781e-05 
 1.07500000e+00  1.07500000e+00  2.36426558e+00 -8.76710376e-05 
 1.07750000e+00  1.07750000e+00  2.36318245e+00 -8.83524256e-05 
 1.08000000e+00  1.08000000e+00  2.36209468e+00 -8.90364420e-05 
 1.08250000e+00  1.08250000e+00  2.36100225e+00 -8.97230864e-05 
 1.08500000e+00  1.08500000e+00  2.35990517e+00 -9.04123586e-05 
 1.08750000e+00  1.08750000e+00  2.35880342e+00 -9.11042582e-05 
 1.09000000e+00  1.09000000e+00  2.35769701e+00 -9.17987851e-05 
 1.09250000e+00  1.09250000e+00  2.35658593e+00 -9.24959389e-05 
 1.09500000e+00  1.09500000e+00  2.35547017e+00 -9.31957193e-05 
 1.09750000e+00  1.09750000e+00  2.35434972e+00 -9.38981261e-05 
 1.10000000e+00  1.10000000e+00  2.35322459e+00 -9.46031590e-05 
 1.10250000e+00  1.10250000e+00  2.35209475e+00 -9.53108176e-05 
 1.10500000e+00  1.10500000e+00  2.35096022e+00 -9.60211018e-05 
 1.10750000e+00  1.10750000e+00  2.34982097e+00 -9.67340111e-05 
 1.11000000e+00  1.11000000e+00  2.34867701e+00 -9.74495453e-05 
 1.11250000e+00  1.11250000e+00  2.34752833e+00 -9.81677041e-05 
 1.11500000e+00  1.11500000e+00  2.34637493e+00 -9.88884871e-05 
 1.11750000e+00  1.11750000e+00  2.34521679e+00 -9.96118941e-05 
 1.12000000e+00  1.12000000e+00  2.34405391e+00 -1.00337925e-04 
 1.12250000e+00  1.12250000e+00  2.34288628e+00 -1.01066579e-04 
 1.12500000e+00  1.12500000e+00  2.34171391e+00 -1.01797856e-04 
 1.12750000e+00  1.12750000e+00  2.34053677e+00 -1.02531756e-04 
 1.13000000e+00  1.13000000e+00  2.33935487e+00 -1.03268278e-04 
 1.13250000e+00  1.13250000e+00  2.33816820e+00 -1.04007422e-04 
 1.13500000e+00  1.13500000e+00  2.33697676e+00 -1.04749188e-04 
 1.13750000e+00  1.13750000e+00  2.33578053e+00 -1.05493575e-04 
 1.14000000e+00  1.14000000e+00  2.33457951e+00 -1.06240583e-04 
 1.14250000e+00  1.14250000e+00  2.33337369e+00 -1.06990212e-04 
 1.14500000e+00  1.14500000e+00  2.33216307e+00 -1.07742461e-04 
 1.14750000e+00  1.14750000e+00  2.33094764e+00 -1.08497331e-04 
 1.15000000e+00  1.15000000e+00  2.32972739e+00 -1.09254820e-04 
 1.15250000e+00  1.15250000e+00  2.32850232e+00 -1.10014928e-04 
 1.15500000e+00  1.15500000e+00  2.32727241e+00 -1.10777655e-04 
 1.15750000e+00  1.15750000e+00  2.32603767e+00 -1.11543001e-04 
 1.16000000e+00  1.16000000e+00  2.32479809e+00 -1.12310965e-04 
 1.16250000e+00  1.16250000e+00  2.32355366e+00 -1.13081547e-04 
 1.16500000e+00  1.16500000e+00  2.32230437e+00 -1.13854747e-04 
 1.16750000e+00  1.16750000e+00  2.32105021e+00 -1.14630563e-04 
 1.17000000e+00  1.17000000e+00  2.31979118e+00 -1.15408997e-04 
 1.17250000e+00  1.17250000e+00  2.31852728e+00 -1.16190046e-04 
 1.17500000e+00  1.17500000e+00  2.31725849e+00 -1.16973712e-04 
 1.17750000e+00  1.17750000e+00  2.31598480e+00 -1.17759994e-04 
 1.18000000e+00  1.18000000e+00  2.31470622e+00 -1.18548890e-04 
 1.18250000e+00  1.18250000e+00  2.31342272e+00 -1.19340402e-04 
 1.18500000e+00  1.18500000e+00  2.31213432e+00 -1.20134528e-04 
 1.18750000e+00  1.18750000e+00  2.31084099e+00 -1.20931268e-04 
 1.19000000e+00  1.19000000e+00  2.30954273e+00 -1.21730621e-04 
 1.19250000e+00  1.19250000e+00  2.30823954e+00 -1.22532588e-04 
 1.19500000e+00  1.19500000e+00  2.30693140e+00 -1.23337168e-04 
 1.19750000e+00  1.19750000e+00  2.30561831e+00 -1.24144360e-04 
 1.20000000e+00  1.20000000e+00  2.30430026e+00 -1.24954164e-04 
 1.20250000e+00  1.20250000e+00  2.30297724e+00 -1.25766580e-04 
 1.20500000e+00  1.20500000e+00  2.30164925e+00 -1.26581607e-04 
 1.20750000e+00  1.20750000e+00  2.30031628e+00 -1.27399245e-04 
 1.21000000e+00  1.21000000e+00  2.29897832e+00 -1.28219493e-04 
 1.21250000e+00  1.21250000e+00  2.29763536e+00 -1.29042352e-04 
 1.21500000e+00  1.21500000e+00  2.29628740e+00 -1.29867819e-04 
 1.21750000e+00  1.21750000e+00  2.29493442e+00 -1.30695896e-04 
 1.22000000e+00  1.22000000e+00  2.29357642e+00 -1.31526581e-04 
 1.22250000e+00  1.22250000e+00  2.29221339e+00 -1.32359875e-04 
 1.22500000e+00  1.22500000e+00  2.29084533e+00 -1.33195776e-04 
 1.22750000e+00  1.22750000e+00  2.28947222e+00 -1.34034284e-04 
 1.23000000e+00  1.23000000e+00  2.28809405e+00 -1.34875400e-04 
 1.23250000e+00  1.23250000e+00  2.28671083e+00 -1.35719121e-04 
 1.23500000e+00  1.23500000e+00  2.28532254e+00 -1.36565449e-04 
 1.23750000e+00  1.23750000e+00  2.28392916e+00 -1.37414382e-04 
 1.24000000e+00  1.24000000e+00  2.28253071e+00 -1.38265920e-04 
 1.24250000e+00  1.24250000e+00  2.28112715e+00 -1.39120062e-04 
 1.24500000e+00  1.24500000e+00  2.27971850e+00 -1.39976809e-04 
 1.24750000e+00  1.24750000e+00  2.27830473e+00 -1.40836159e-04 
 1.25000000e+00  1.25000000e+00  2.27688585e+00 -1.41698112e-04 
 1.25250000e+00  1.25250000e+00  2.27546183e+00 -1.42562668e-04 
 1.25500000e+00  1.25500000e+00  2.27403268e+00 -1.43429826e-04 
 1.25750000e+00  1.25750000e+00  2.27259838e+00 -1.44299585e-04 
 1.26000000e+00  1.26000000e+00  2.27115893e+00 -1.45171946e-04 
 1.26250000e+00  1.26250000e+00  2.26971432e+00 -1.46046907e-04 
 1.26500000e+00  1.26500000e+00  2.26826453e+00 -1.46924469e-04 
 1.26750000e+00  1.26750000e+00  2.26680956e+00 -1.47804630e-04 
 1.27000000e+00  1.27000000e+00  2.26534940e+00 -1.48687390e-04 
 1.27250000e+00  1.27250000e+00  2.26388405e+00 -1.49572748e-04 
 1.27500000e+00  1.27500000e+00  2.26241348e+00 -1.50460705e-04 
 1.27750000e+00  1.27750000e+00  2.26093770e+00 -1.51351260e-04 
 1.28000000e+00  1.28000000e+00  2.25945669e+00 -1.52244411e-04 
 1.28250000e+00  1.28250000e+00  2.25797045e+00 -1.53140159e-04 
 1.28500000e+00  1.28500000e+00  2.25647896e+00 -1.54038503e-04 
 1.28750000e+00  1.28750000e+00  2.25498222e+00 -1.54939442e-04 
 1.29000000e+00  1.29000000e+00  2.25348021e+00 -1.55842976e-04 
 1.29250000e+00  1.29250000e+00  2.25197293e+00 -1.56749105e-04 
 1.29500000e+00  1.29500000e+00  2.25046037e+00 -1.57657827e-04 
 1.29750000e+00  1.29750000e+00  2.24894251e+00 -1.58569143e-04 
 1.30000000e+00  1.30000000e+00  2.24741936e+00 -1.59483051e-04 
 1.30250000e+00  1.30250000e+00  2.24589089e+00 -1.60399551e-04 
 1.30500000e+00  1.30500000e+00  2.24435710e+00 -1.61318643e-04 
 1.30750000e+00  1.30750000e+00  2.24281798e+00 -1.62240327e-04 
 1.31000000e+00  1.31000000e+00  2.24127352e+00 -1.63164600e-04 
 1.31250000e+00  1.31250000e+00  2.23972371e+00 -1.64091463e-04 
 1.31500000e+00  1.31500000e+00  2.23816853e+00 -1.65020916e-04 
 1.31750000e+00  1.31750000e+00  2.23660799e+00 -1.65952957e-04 
 1.32000000e+00  1.32000000e+00  2.23504206e+00 -1.66887587e-04 
 1.32250000e+00  1.32250000e+00  2.23347075e+00 -1.67824804e-04 
 1.32500000e+00  1.32500000e+00  2.23189403e+00 -1.68764608e-04 
 1.32750000e+00  1.32750000e+00  2.23031190e+00 -1.69706998e-04 
 1.33000000e+00  1.33000000e+00  2.22872434e+00 -1.70651974e-04 
 1.33250000e+00  1.33250000e+00  2.22713136e+00 -1.71599535e-04 
 1.33500000e+00  1.33500000e+00  2.22553292e+00 -1.72549681e-04 
 1.33750000e+00  1.33750000e+00  2.22392904e+00 -1.73502410e-04 
 1.34000000e+00  1.34000000e+00  2.22231969e+00 -1.74457723e-04 
 1.34250000e+00  1.34250000e+00  2.22070486e+00 -1.75415619e-04 
 1.34500000e+00  1.34500000e+00  2.21908455e+00 -1.76376096e-04 
 1.34750000e+00  1.34750000e+00  2.21745874e+00 -1.77339155e-04 
 1.35000000e+00  1.35000000e+00  2.21582742e+00 -1.78304795e-04 
 1.35250000e+00  1.35250000e+00  2.21419059e+00 -1.79273015e-04 
 1.35500000e+00  1.35500000e+00  2.21254822e+00 -1.80243814e-04 
 1.35750000e+00  1.35750000e+00  2.21090031e+00 -1.81217192e-04 
 1.36000000e+00  1.36000000e+00  2.20924685e+00 -1.82193148e-04 
 1.36250000e+00  1.36250000e+00  2.20758782e+00 -1.83171682e-04 
 1.36500000e+00  1.36500000e+00  2.20592322e+00 -1.84152793e-04 
 1.36750000e+00  1.36750000e+00  2.20425303e+00 -1.85136479e-04 
 1.37000000e+00  1.37000000e+00  2.20257724e+00 -1.86122742e-04 
 1.37250000e+00  1.37250000e+00  2.20089584e+00 -1.87111579e-04 
 1.37500000e+00  1.37500000e+00  2.19920881e+00 -1.88102990e-04 
 1.37750000e+00  1.37750000e+00  2.19751616e+00 -1.89096975e-04 
 1.38000000e+00  1.38000000e+00  2.19581786e+00 -1.90093533e-04 
 1.38250000e+00  1.38250000e+00  2.19411390e+00 -1.91092662e-04 
 1.38500000e+00  1.38500000e+00  2.19240427e+00 -1.92094363e-04 
 1.38750000e+00  1.38750000e+00  2.19068895e+00 -1.93098635e-04 
 1.39000000e+00  1.39000000e+00  2.18896795e+00 -1.94105477e-04 
 1.39250000e+00  1.39250000e+00  2.18724123e+00 -1.95114888e-04 
 1.39500000e+00  1.39500000e+00  2.18550880e+00 -1.96126867e-04 
 1.39750000e+00  1.39750000e+00  2.18377064e+00 -1.97141414e-04 
 1.40000000e+00  1.40000000e+00  2.18202673e+00 -1.98158529e-04 
 1.40250000e+00  1.40250000e+00  2.18027707e+00 -1.99178210e-04 
 1.40500000e+00  1.40500000e+00  2.17852164e+00 -2.00200456e-04 
 1.40750000e+00  1.40750000e+00  2.17676042e+00 -2.01225268e-04 
 1.41000000e+00  1.41000000e+00  2.17499341e+00 -2.02252643e-04 
 1.41250000e+00  1.41250000e+00  2.17322060e+00 -2.03282582e-04 
 1.41500000e+00  1.41500000e+00  2.17144196e+00 -2.04315083e-04 
 1.41750000e+00  1.41750000e+00  2.16965749e+00 -2.05350147e-04 
 1.42000000e+00  1.42000000e+00  2.16786717e+00 -2.06387771e-04 
 1.42250000e+00  1.42250000e+00  2.16607099e+00 -2.07427956e-04 
 1.42500000e+00  1.42500000e+00  2.16426893e+00 -2.08470700e-04 
 1.42750000e+00  1.42750000e+00  2.16246099e+00 -2.09516004e-04 
 1.43000000e+00  1.43000000e+00  2.16064715e+00 -2.10563865e-04 
 1.43250000e+00  1.43250000e+00  2.15882739e+00 -2.11614283e-04 
 1.43500000e+00  1.43500000e+00  2.15700171e+00 -2.12667258e-04 
 1.43750000e+00  1.43750000e+00  2.15517008e+00 -2.13722788e-04 
 1.44000000e+00  1.44000000e+00  2.15333249e+00 -2.14780874e-04 
 1.44250000e+00  1.44250000e+00  2.15148894e+00 -2.15841513e-04 
 1.44500000e+00  1.44500000e+00  2.14963940e+00 -2.16904705e-04 
 1.44750000e+00  1.44750000e+00  2.14778386e+00 -2.17970450e-04 
 1.45000000e+00  1.45000000e+00  2.14592231e+00 -2.19038746e-04 
 1.45250000e+00  1.45250000e+00  2.14405473e+00 -2.20109593e-04 
 1.45500000e+00  1.45500000e+00  2.14218110e+00 -2.21182990e-04 
 1.45750000e+00  1.45750000e+00  2.14030142e+00 -2.22258936e-04 
 1.46000000e+00  1.46000000e+00  2.13841567e+00 -2.23337430e-04 
 1.46250000e+00  1.46250000e+00  2.13652383e+00 -2.24418471e-04 
 1.46500000e+00  1.46500000e+00  2.13462589e+00 -2.25502059e-04 
 1.46750000e+00  1.46750000e+00  2.13272184e+00 -2.26588192e-04 
 1.47000000e+00  1.47000000e+00  2.13081165e+00 -2.27676870e-04 
 1.47250000e+00  1.47250000e+00  2.12889531e+00 -2.28768092e-04 
 1.47500000e+00  1.47500000e+00  2.12697281e+00 -2.29861857e-04 
 1.47750000e+00  1.47750000e+00  2.12504413e+00 -2.30958163e-04 
 1.48000000e+00  1.48000000e+00  2.12310926e+00 -2.32057011e-04 
 1.48250000e+00  1.48250000e+00  2.12116818e+00 -2.33158400e-04 
 1.48500000e+00  1.48500000e+00  2.11922087e+00 -2.34262327e-04 
 1.48750000e+00  1.48750000e+00  2.11726732e+00 -2.35368793e-04 
 1.49000000e+00  1.49000000e+00  2.11530752e+00 -2.36477797e-04 
 1.49250000e+00  1.49250000e+00  2.11334143e+00 -2.37589337e-04 
 1.49500000e+00  1.49500000e+00  2.11136906e+00 -2.38703413e-04 
 1.49750000e+00  1.49750000e+00  2.10939038e+00 -2.39820023e-04 
 1.50000000e+00  1.50000000e+00  2.10740538e+00 -2.40939168e-04 
 1.50250000e+00  1.50250000e+00  2.10541404e+00 -2.42060845e-04 
 1.50500000e+00  1.50500000e+00  2.10341634e+00 -2.43185054e-04 
 1.50750000e+00  1.50750000e+00  2.10141227e+00 -2.44311794e-04 
 1.51000000e+00  1.51000000e+00  2.09940181e+00 -2.45441064e-04 
 1.51250000e+00  1.51250000e+00  2.09738493e+00 -2.46572863e-04 
 1.51500000e+00  1.51500000e+00  2.09536164e+00 -2.47707190e-04 
 1.51750000e+00  1.51750000e+00  2.09333189e+00 -2.48844044e-04 
 1.52000000e+00  1.52000000e+00  2.09129569e+00 -2.49983425e-04 
 1.52250000e+00  1.52250000e+00  2.08925301e+00 -2.51125330e-04 
 1.52500000e+00  1.52500000e+00  2.08720384e+00 -2.52269759e-04 
 1.52750000e+00  1.52750000e+00  2.08514815e+00 -2.53416711e-04 
 1.53000000e+00  1.53000000e+00  2.08308592e+00 -2.54566185e-04 
 1.53250000e+00  1.53250000e+00  2.08101715e+00 -2.55718180e-04 
 1.53500000e+00  1.53500000e+00  2.07894181e+00 -2.56872696e-04 
 1.53750000e+00  1.53750000e+00  2.07685988e+00 -2.58029730e-04 
 1.54000000e+00  1.54000000e+00  2.07477134e+00 -2.59189282e-04 
 1.54250000e+00  1.54250000e+00  2.07267618e+00 -2.60351350e-04 
 1.54500000e+00  1.54500000e+00  2.07057438e+00 -2.61515935e-04 
 1.54750000e+00  1.54750000e+00  2.06846591e+00 -2.62683034e-04 
 1.55000000e+00  1.55000000e+00  2.06635076e+00 -2.63852647e-04 
 1.55250000e+00  1.55250000e+00  2.06422890e+00 -2.65024772e-04 
 1.55500000e+00  1.55500000e+00  2.06210033e+00 -2.66199409e-04 
 1.55750000e+00  1.55750000e+00  2.05996501e+00 -2.67376556e-04 
 1.56000000e+00  1.56000000e+00  2.05782294e+00 -2.68556213e-04 
 1.56250000e+00  1.56250000e+00  2.05567408e+00 -2.69738377e-04 
 1.56500000e+00  1.56500000e+00  2.05351842e+00 -2.70923049e-04 
 1.56750000e+00  1.56750000e+00  2.05135594e+00 -2.72110226e-04 
 1.57000000e+00  1.57000000e+00  2.04918661e+00 -2.73299909e-04 
 1.57250000e+00  1.57250000e+00  2.04701043e+00 -2.74492095e-04 
 1.57500000e+00  1.57500000e+00  2.04482736e+00 -2.75686783e-04 
 1.57750000e+00  1.57750000e+00  2.04263739e+00 -2.76883973e-04 
 1.58000000e+00  1.58000000e+00  2.04044049e+00 -2.78083663e-04 
 1.58250000e+00  1.58250000e+00  2.03823664e+00 -2.79285852e-04 
 1.58500000e+00  1.58500000e+00  2.03602582e+00 -2.80490539e-04 
 1.58750000e+00  1.58750000e+00  2.03380802e+00 -2.81697723e-04 
 1.59000000e+00  1.59000000e+00  2.03158320e+00 -2.82907402e-04 
 1.59250000e+00  1.59250000e+00  2.02935135e+00 -2.84119575e-04 
 1.59500000e+00  1.59500000e+00  2.02711244e+00 -2.85334241e-04 
 1.59750000e+00  1.59750000e+00  2.02486645e+00 -2.86551399e-04 
 1.60000000e+00  1.60000000e+00  2.02261337e+00 -2.87771048e-04 
 1.60250000e+00  1.60250000e+00  2.02035316e+00 -2.88993187e-04 
 1.60500000e+00  1.60500000e+00  2.01808580e+00 -2.90217813e-04 
 1.60750000e+00  1.60750000e+00  2.01581127e+00 -2.91444926e-04 
 1.61000000e+00  1.61000000e+00  2.01352955e+00 -2.92674525e-04 
 1.61250000e+00  1.61250000e+00  2.01124061e+00 -2.93906608e-04 
 1.61500000e+00  1.61500000e+00  2.00894443e+00 -2.95141175e-04 
 1.61750000e+00  1.61750000e+00  2.00664098e+00 -2.96378223e-04 
 1.62000000e+00  1.62000000e+00  2.00433025e+00 -2.97617752e-04 
 1.62250000e+00  1.62250000e+00  2.00201221e+00 -2.98859760e-04 
 1.62500000e+00  1.62500000e+00  1.99968683e+00 -3.00104246e-04 
 1.62750000e+00  1.62750000e+00  1.99735408e+00 -3.01351208e-04 
 1.63000000e+00  1.63000000e+00  1.99501395e+00 -3.02600646e-04 
 1.63250000e+00  1.63250000e+00  1.99266641e+00 -3.03852558e-04 
 1.63500000e+00  1.63500000e+00  1.99031143e+00 -3.05106942e-04 
 1.63750000e+00  1.63750000e+00  1.98794899e+00 -3.06363798e-04 
 1.64000000e+00  1.64000000e+00  1.98557906e+00 -3.07623124e-04 
 1.64250000e+00  1.64250000e+00  1.98320161e+00 -3.08884918e-04 
 1.64500000e+00  1.64500000e+00  1.98081663e+00 -3.10149179e-04 
 1.64750000e+00  1.64750000e+00  1.97842407e+00 -3.11415906e-04 
 1.65000000e+00  1.65000000e+00  1.97602393e+00 -3.12685097e-04 
 1.65250000e+00  1.65250000e+00  1.97361616e+00 -3.13956751e-04 
 1.65500000e+00  1.65500000e+00  1.97120075e+00 -3.15230867e-04 
 1.65750000e+00  1.65750000e+00  1.96877766e+00 -3.16507442e-04 
 1.66000000e+00  1.66000000e+00  1.96634686e+00 -3.17786477e-04 
 1.66250000e+00  1.66250000e+00  1.96390834e+00 -3.19067968e-04 
 1.66500000e+00  1.66500000e+00  1.96146206e+00 -3.20351916e-04 
 1.66750000e+00  1.66750000e+00  1.95900799e+00 -3.21638317e-04 
 1.67000000e+00  1.67000000e+00  1.95654611e+00 -3.22927171e-04 
 1.67250000e+00  1.67250000e+00  1.95407638e+00 -3.24218477e-04 
 1.67500000e+00  1.67500000e+00  1.95159878e+00 -3.25512232e-04 
 1.67750000e+00  1.67750000e+00  1.94911328e+00 -3.26808436e-04 
 1.68000000e+00  1.68000000e+00  1.94661984e+00 -3.28107086e-04 
 1.68250000e+00  1.68250000e+00  1.94411845e+00 -3.29408182e-04 
 1.68500000e+00  1.68500000e+00  1.94160906e+00 -3.30711721e-04 
 1.68750000e+00  1.68750000e+00  1.93909165e+00 -3.32017702e-04 
 1.69000000e+00  1.69000000e+00  1.93656618e+00 -3.33326124e-04 
 1.69250000e+00  1.69250000e+00  1.93403264e+00 -3.34636984e-04 
 1.69500000e+00  1.69500000e+00  1.93149097e+00 -3.35950283e-04 
 1.69750000e+00  1.69750000e+00  1.92894116e+00 -3.37266016e-04 
 1.70000000e+00  1.70000000e+00  1.92638318e+00 -3.38584184e-04 
 1.70250000e+00  1.70250000e+00  1.92381698e+00 -3.39904785e-04 
 1.70500000e+00  1.70500000e+00  1.92124253e+00 -3.41227816e-04 
 1.70750000e+00  1.70750000e+00  1.91865982e+00 -3.42553277e-04 
 1.71000000e+00  1.71000000e+00  1.91606879e+00 -3.43881165e-04 
 1.71250000e+00  1.71250000e+00  1.91346942e+00 -3.45211479e-04 
 1.71500000e+00  1.71500000e+00  1.91086168e+00 -3.46544217e-04 
 1.71750000e+00  1.71750000e+00  1.90824552e+00 -3.47879377e-04 
 1.72000000e+00  1.72000000e+00  1.90562093e+00 -3.49216959e-04 
 1.72250000e+00  1.72250000e+00  1.90298785e+00 -3.50556959e-04 
 1.72500000e+00  1.72500000e+00  1.90034626e+00 -3.51899377e-04 
 1.72750000e+00  1.72750000e+00  1.89769613e+00 -3.53244211e-04 
 1.73000000e+00  1.73000000e+00  1.89503740e+00 -3.54591458e-04 
 1.73250000e+00  1.73250000e+00  1.89237006e+00 -3.55941117e-04 
 1.73500000e+00  1.73500000e+00  1.88969407e+00 -3.57293187e-04 
 1.73750000e+00  1.73750000e+00  1.88700938e+00 -3.58647664e-04 
 1.74000000e+00  1.74000000e+00  1.88431596e+00 -3.60004549e-04 
 1.74250000e+00  1.74250000e+00  1.88161377e+00 -3.61363838e-04 
 1.74500000e+00  1.74500000e+00  1.87890278e+00 -3.62725530e-04 
 1.74750000e+00  1.74750000e+00  1.87618295e+00 -3.64089624e-04 
 1.75000000e+00  1.75000000e+00  1.87345423e+00 -3.65456116e-04 
 1.75250000e+00  1.75250000e+00  1.87071660e+00 -3.66825006e-04 
 1.75500000e+00  1.75500000e+00  1.86797000e+00 -3.68196291e-04 
 1.75750000e+00  1.75750000e+00  1.86521441e+00 -3.69569970e-04 
 1.76000000e+00  1.76000000e+00  1.86244978e+00 -3.70946041e-04 
 1.76250000e+00  1.76250000e+00  1.85967607e+00 -3.72324500e-04 
 1.76500000e+00  1.76500000e+00  1.85689324e+00 -3.73705348e-04 
 1.76750000e+00  1.76750000e+00  1.85410125e+00 -3.75088581e-04 
 1.77000000e+00  1.77000000e+00  1.85130006e+00 -3.76474198e-04 
 1.77250000e+00  1.77250000e+00  1.84848962e+00 -3.77862197e-04 
 1.77500000e+00  1.77500000e+00  1.84566989e+00 -3.79252575e-04 
 1.77750000e+00  1.77750000e+00  1.84284084e+00 -3.80645331e-04 
 1.78000000e+00  1.78000000e+00  1.84000241e+00 -3.82040462e-04 
 1.78250000e+00  1.78250000e+00  1.83715457e+00 -3.83437967e-04 
 1.78500000e+00  1.78500000e+00  1.83429726e+00 -3.84837843e-04 
 1.78750000e+00  1.78750000e+00  1.83143045e+00 -3.86240089e-04 
 1.79000000e+00  1.79000000e+00  1.82855409e+00 -3.87644701e-04 
 1.79250000e+00  1.79250000e+00  1.82566813e+00 -3.89051679e-04 
 1.79500000e+00  1.79500000e+00  1.82277252e+00 -3.90461019e-04 
 1.79750000e+00  1.79750000e+00  1.81986723e+00 -3.91872720e-04 
 1.80000000e+00  1.80000000e+00  1.81695220e+00 -3.93286780e-04 
 1.80250000e+00  1.80250000e+00  1.81402739e+00 -3.94703195e-04 
 1.80500000e+00  1.80500000e+00  1.81109274e+00 -3.96121965e-04 
 1.80750000e+00  1.80750000e+00  1.80814822e+00 -3.97543087e-04 
 1.81000000e+00  1.81000000e+00  1.80519376e+00 -3.98966558e-04 
 1.81250000e+00  1.81250000e+00  1.80222933e+00 -4.00392376e-04 
 1.81500000e+00  1.81500000e+00  1.79925486e+00 -4.01820539e-04 
 1.81750000e+00  1.81750000e+00  1.79627032e+00 -4.03251044e-04 
 1.82000000e+00  1.82000000e+00  1.79327564e+00 -4.04683890e-04 
 1.82250000e+00  1.82250000e+00  1.79027077e+00 -4.06119073e-04 
 1.82500000e+00  1.82500000e+00  1.78725568e+00 -4.07556592e-04 
 1.82750000e+00  1.82750000e+00  1.78423029e+00 -4.08996444e-04 
 1.83000000e+00  1.83000000e+00  1.78119456e+00 -4.10438627e-04 
 1.83250000e+00  1.83250000e+00  1.77814843e+00 -4.11883137e-04 
 1.83500000e+00  1.83500000e+00  1.77509185e+00 -4.13329974e-04 
 1.83750000e+00  1.83750000e+00  1.77202476e+00 -4.14779133e-04 
 1.84000000e+00  1.84000000e+00  1.76894711e+00 -4.16230613e-04 
 1.84250000e+00  1.84250000e+00  1.76585883e+00 -4.17684411e-04 
 1.84500000e+00  1.84500000e+00  1.76275988e+00 -4.19140525e-04 
 1.84750000e+00  1.84750000e+00  1.75965020e+00 -4.20598952e-04 
 1.85000000e+00  1.85000000e+00  1.75652971e+00 -4.22059689e-04 
 1.85250000e+00  1.85250000e+00  1.75339838e+00 -4.23522733e-04 
 1.85500000e+00  1.85500000e+00  1.75025613e+00 -4.24988083e-04 
 1.85750000e+00  1.85750000e+00  1.74710290e+00 -4.26455735e-04 
 1.86000000e+00  1.86000000e+00  1.74393864e+00 -4.27925687e-04 
 1.86250000e+00  1.86250000e+00  1.74076328e+00 -4.29397935e-04 
 1.86500000e+00  1.86500000e+00  1.73757676e+00 -4.30872478e-04 
 1.86750000e+00  1.86750000e+00  1.73437901e+00 -4.32349312e-04 
 1.87000000e+00  1.87000000e+00  1.73116997e+00 -4.33828435e-04 
 1.87250000e+00  1.87250000e+00  1.72794957e+00 -4.35309843e-04 
 1.87500000e+00  1.87500000e+00  1.72471776e+00 -4.36793534e-04 
 1.87750000e+00  1.87750000e+00  1.72147445e+00 -4.38279506e-04 
 1.88000000e+00  1.88000000e+00  1.71821959e+00 -4.39767754e-04 
 1.88250000e+00  1.88250000e+00  1.71495311e+00 -4.41258276e-04 
 1.88500000e+00  1.88500000e+00  1.71167492e+00 -4.42751070e-04 
 1.88750000e+00  1.88750000e+00  1.70838498e+00 -4.44246131e-04 
 1.89000000e+00  1.89000000e+00  1.70508320e+00 -4.45743458e-04 
 1.89250000e+00  1.89250000e+00  1.70176951e+00 -4.47243046e-04 
 1.89500000e+00  1.89500000e+00  1.69844384e+00 -4.48744894e-04 
 1.89750000e+00  1.89750000e+00  1.69510612e+00 -4.50248997e-04 
 1.90000000e+00  1.90000000e+00  1.69175627e+00 -4.51755354e-04 
 1.90250000e+00  1.90250000e+00  1.68839421e+00 -4.53263959e-04 
 1.90500000e+00  1.90500000e+00  1.68501987e+00 -4.54774811e-04 
 1.90750000e+00  1.90750000e+00  1.68163317e+00 -4.56287906e-04 
 1.91000000e+00  1.91000000e+00  1.67823404e+00 -4.57803240e-04 
 1.91250000e+00  1.91250000e+00  1.67482238e+00 -4.59320811e-04 
 1.91500000e+00  1.91500000e+00  1.67139813e+00 -4.60840615e-04 
 1.91750000e+00  1.91750000e+00  1.66796119e+00 -4.62362648e-04 
 1.92000000e+00  1.92000000e+00  1.66451150e+00 -4.63886908e-04 
 1.92250000e+00  1.92250000e+00  1.66104895e+00 -4.65413391e-04 
 1.92500000e+00  1.92500000e+00  1.65757347e+00 -4.66942092e-04 
 1.92750000e+00  1.92750000e+00  1.65408498e+00 -4.68473010e-04 
 1.93000000e+00  1.93000000e+00  1.65058337e+00 -4.70006140e-04 
 1.93250000e+00  1.93250000e+00  1.64706857e+00 -4.71541478e-04 
 1.93500000e+00  1.93500000e+00  1.64354049e+00 -4.73079021e-04 
 1.93750000e+00  1.93750000e+00  1.63999903e+00 -4.74618766e-04 
 1.94000000e+00  1.94000000e+00  1.63644410e+00 -4.76160707e-04 
 1.94250000e+00  1.94250000e+00  1.63287561e+00 -4.77704843e-04 
 1.94500000e+00  1.94500000e+00  1.62929346e+00 -4.79251169e-04 
 1.94750000e+00  1.94750000e+00  1.62569755e+00 -4.80799680e-04 
 1.95000000e+00  1.95000000e+00  1.62208780e+00 -4.82350374e-04 
 1.95250000e+00  1.95250000e+00  1.61846409e+00 -4.83903246e-04 
 1.95500000e+00  1.95500000e+00  1.61482634e+00 -4.85458292e-04 
 1.95750000e+00  1.95750000e+00  1.61117443e+00 -4.87015509e-04 
 1.96000000e+00  1.96000000e+00  1.60750826e+00 -4.88574891e-04 
 1.96250000e+00  1.96250000e+00  1.60382773e+00 -4.90136436e-04 
 1.96500000e+00  1.96500000e+00  1.60013273e+00 -4.91700138e-04 
 1.96750000e+00  1.96750000e+00  1.59642316e+00 -4.93265994e-04 
 1.97000000e+00  1.97000000e+00  1.59269890e+00 -4.94834000e-04 
 1.97250000e+00  1.97250000e+00  1.58895985e+00 -4.96404150e-04 
 1.97500000e+00  1.97500000e+00  1.58520588e+00 -4.97976441e-04 
 1.97750000e+00  1.97750000e+00  1.58143689e+00 -4.99550868e-04 
 1.98000000e+00  1.98000000e+00  1.57765276e+00 -5.01127427e-04 
 1.98250000e+00  1.98250000e+00  1.57385337e+00 -5.02706113e-04 
 1.98500000e+00  1.98500000e+00  1.57003861e+00 -5.04286922e-04 
 1.98750000e+00  1.98750000e+00  1.56620834e+00 -5.05869849e-04 
 1.99000000e+00  1.99000000e+00  1.56236244e+00 -5.07454889e-04 
 1.99250000e+00  1.99250000e+00  1.55850080e+00 -5.09042037e-04 
 1.99500000e+00  1.99500000e+00  1.55462327e+00 -5.10631290e-04 
 1.99750000e+00  1.99750000e+00  1.55072974e+00 -5.12222640e-04 
 2.00000000e+00  2.00000000e+00  1.54682007e+00 -5.13816085e-04 
 2.00250000e+00  2.00250000e+00  1.54289413e+00 -5.15411619e-04 
 2.00500000e+00  2.00500000e+00  1.53895178e+00 -5.17009236e-04 
 2.00750000e+00  2.00750000e+00  1.53499288e+00 -5.18608932e-04 
 2.01000000e+00  2.01000000e+00  1.53101729e+00 -5.20210701e-04 
 2.01250000e+00  2.01250000e+00  1.52702487e+00 -5.21814538e-04 
 2.01500000e+00  2.01500000e+00  1.52301548e+00 -5.23420438e-04 
 2.01750000e+00  2.01750000e+00  1.51898896e+00 -5.25028396e-04 
 2.02000000e+00  2.02000000e+00  1.51494516e+00 -5.26638405e-04 
 2.02250000e+00  2.02250000e+00  1.51088395e+00 -5.28250460e-04 
 2.02500000e+00  2.02500000e+00  1.50680514e+00 -5.29864556e-04 
 2.02750000e+00  2.02750000e+00  1.50270860e+00 -5.31480686e-04 
 2.03000000e+00  2.03000000e+00  1.49859416e+00 -5.33098846e-04 
 2.03250000e+00  2.03250000e+00  1.49446166e+00 -5.34719029e-04 
 2.03500000e+00  2.03500000e+00  1.49031602e+00 -5.36339235e-04 
 2.03750000e+00  2.03750000e+00  1.48622004e+00 -5.37934913e-04 
 2.04000000e+00  2.04000000e+00  1.48215072e+00 -5.39515272e-04 
 2.04250000e+00  2.04250000e+00  1.47810785e+00 -5.41080450e-04 
 2.04500000e+00  2.04500000e+00  1.47409118e+00 -5.42630641e-04 
 2.04750000e+00  2.04750000e+00  1.47010043e+00 -5.44166037e-04 
 2.05000000e+00  2.05000000e+00  1.46613537e+00 -5.45686827e-04 
 2.05250000e+00  2.05250000e+00  1.46219572e+00 -5.47193195e-04 
 2.05500000e+00  2.05500000e+00  1.45828124e+00 -5.48685326e-04 
 2.05750000e+00  2.05750000e+00  1.45439167e+00 -5.50163398e-04 
 2.06000000e+00  2.06000000e+00  1.45052677e+00 -5.51627589e-04 
 2.06250000e+00  2.06250000e+00  1.44668629e+00 -5.53078075e-04 
 2.06500000e+00  2.06500000e+00  1.44287000e+00 -5.54515026e-04 
 2.06750000e+00  2.06750000e+00  1.43907766e+00 -5.55938613e-04 
 2.07000000e+00  2.07000000e+00  1.43530902e+00 -5.57349003e-04 
 2.07250000e+00  2.07250000e+00  1.43156387e+00 -5.58746360e-04 
 2.07500000e+00  2.07500000e+00  1.42784196e+00 -5.60130846e-04 
 2.07750000e+00  2.07750000e+00  1.42414306e+00 -5.61502621e-04 
 2.08000000e+00  2.08000000e+00  1.42046697e+00 -5.62861842e-04 
 2.08250000e+00  2.08250000e+00  1.41681345e+00 -5.64208663e-04 
 2.08500000e+00  2.08500000e+00  1.41318228e+00 -5.65543239e-04 
 2.08750000e+00  2.08750000e+00  1.40957325e+00 -5.66865717e-04 
 2.09000000e+00  2.09000000e+00  1.40598614e+00 -5.68176248e-04 
 2.09250000e+00  2.09250000e+00  1.40242075e+00 -5.69474976e-04 
 2.09500000e+00  2.09500000e+00  1.39887686e+00 -5.70762046e-04 
 2.09750000e+00  2.09750000e+00  1.39535426e+00 -5.72037599e-04 
 2.10000000e+00  2.10000000e+00  1.39185276e+00 -5.73301774e-04 
 2.10250000e+00  2.10250000e+00  1.38837214e+00 -5.74554708e-04 
 2.10500000e+00  2.10500000e+00  1.38491222e+00 -5.75796538e-04 
 2.10750000e+00  2.10750000e+00  1.38147280e+00 -5.77027397e-04 
 2.11000000e+00  2.11000000e+00  1.37805367e+00 -5.78247415e-04 
 2.11250000e+00  2.11250000e+00  1.37465465e+00 -5.79456723e-04 
 2.11500000e+00  2.11500000e+00  1.37127555e+00 -5.80655448e-04 
 2.11750000e+00  2.11750000e+00  1.36791619e+00 -5.81843715e-04 
 2.12000000e+00  2.12000000e+00  1.36457636e+00 -5.83021649e-04 
 2.12250000e+00  2.12250000e+00  1.36125590e+00 -5.84189372e-04 
 2.12500000e+00  2.12500000e+00  1.35795462e+00 -5.85347004e-04 
 2.12750000e+00  2.12750000e+00  1.35467234e+00 -5.86494663e-04 
 2.13000000e+00  2.13000000e+00  1.35140889e+00 -5.87632466e-04 
 2.13250000e+00  2.13250000e+00  1.34816409e+00 -5.88760528e-04 
 2.13500000e+00  2.13500000e+00  1.34493776e+00 -5.89878964e-04 
 2.13750000e+00  2.13750000e+00  1.34172975e+00 -5.90987883e-04 
 2.14000000e+00  2.14000000e+00  1.33853988e+00 -5.92087398e-04 
 2.14250000e+00  2.14250000e+00  1.33536797e+00 -5.93177615e-04 
 2.14500000e+00  2.14500000e+00  1.33221388e+00 -5.94258644e-04 
 2.14750000e+00  2.14750000e+00  1.32907744e+00 -5.95330587e-04 
 2.15000000e+00  2.15000000e+00  1.32595848e+00 -5.96393551e-04 
 2.15250000e+00  2.15250000e+00  1.32285684e+00 -5.97447637e-04 
 2.15500000e+00  2.15500000e+00  1.31977238e+00 -5.98492946e-04 
 2.15750000e+00  2.15750000e+00  1.31670494e+00 -5.99529578e-04 
 2.16000000e+00  2.16000000e+00  1.31365435e+00 -6.00557631e-04 
 2.16250000e+00  2.16250000e+00  1.31062048e+00 -6.01577202e-04 
 2.16500000e+00  2.16500000e+00  1.30760317e+00 -6.02588386e-04 
 2.16750000e+00  2.16750000e+00  1.30460227e+00 -6.03591277e-04 
 2.17000000e+00  2.17000000e+00  1.30161765e+00 -6.04585969e-04 
 2.17250000e+00  2.17250000e+00  1.29864914e+00 -6.05572551e-04 
 2.17500000e+00  2.17500000e+00  1.29569662e+00 -6.06551116e-04 
 2.17750000e+00  2.17750000e+00  1.29275994e+00 -6.07521750e-04 
 2.18000000e+00  2.18000000e+00  1.28983896e+00 -6.08484543e-04 
 2.18250000e+00  2.18250000e+00  1.28693354e+00 -6.09439581e-04 
 2.18500000e+00  2.18500000e+00  1.28404355e+00 -6.10386948e-04 
 2.18750000e+00  2.18750000e+00  1.28116885e+00 -6.11326728e-04 
 2.19000000e+00  2.19000000e+00  1.27830931e+00 -6.12259006e-04 
 2.19250000e+00  2.19250000e+00  1.27546480e+00 -6.13183862e-04 
 2.19500000e+00  2.19500000e+00  1.27263519e+00 -6.14101376e-04 
 2.19750000e+00  2.19750000e+00  1.26982035e+00 -6.15011629e-04 
 2.20000000e+00  2.20000000e+00  1.26702016e+00 -6.15914699e-04 
 2.20250000e+00  2.20250000e+00  1.26423448e+00 -6.16810663e-04 
 2.20500000e+00  2.20500000e+00  1.26146320e+00 -6.17699598e-04 
 2.20750000e+00  2.20750000e+00  1.25870619e+00 -6.18581578e-04 
 2.21000000e+00  2.21000000e+00  1.25596332e+00 -6.19456678e-04 
 2.21250000e+00  2.21250000e+00  1.25323449e+00 -6.20324971e-04 
 2.21500000e+00  2.21500000e+00  1.25051958e+00 -6.21186529e-04 
 2.21750000e+00  2.21750000e+00  1.24781846e+00 -6.22041424e-04 
 2.22000000e+00  2.22000000e+00  1.24513101e+00 -6.22889725e-04 
 2.22250000e+00  2.22250000e+00  1.24245714e+00 -6.23731502e-04 
 2.22500000e+00  2.22500000e+00  1.23979671e+00 -6.24566824e-04 
 2.22750000e+00  2.22750000e+00  1.23714963e+00 -6.25395758e-04 
 2.23000000e+00  2.23000000e+00  1.23451578e+00 -6.26218371e-04 
 2.23250000e+00  2.23250000e+00  1.23189504e+00 -6.27034728e-04 
 2.23500000e+00  2.23500000e+00  1.22928732e+00 -6.27844893e-04 
 2.23750000e+00  2.23750000e+00  1.22669251e+00 -6.28648932e-04 
 2.24000000e+00  2.24000000e+00  1.22411050e+00 -6.29446907e-04 
 2.24250000e+00  2.24250000e+00  1.22154118e+00 -6.30238881e-04 
 2.24500000e+00  2.24500000e+00  1.21898445e+00 -6.31024914e-04 
 2.24750000e+00  2.24750000e+00  1.21644021e+00 -6.31805069e-04 
 2.25000000e+00  2.25000000e+00  1.21390837e+00 -6.32579403e-04 
 2.25250000e+00  2.25250000e+00  1.21138881e+00 -6.33347978e-04 
 2.25500000e+00  2.25500000e+00  1.20888144e+00 -6.34110850e-04 
 2.25750000e+00  2.25750000e+00  1.20638617e+00 -6.34868078e-04 
 2.26000000e+00  2.26000000e+00  1.20390289e+00 -6.35619718e-04 
 2.26250000e+00  2.26250000e+00  1.20143151e+00 -6.36365826e-04 
 2.26500000e+00  2.26500000e+00  1.19897194e+00 -6.37106459e-04 
 2.26750000e+00  2.26750000e+00  1.19652408e+00 -6.37841670e-04 
 2.27000000e+00  2.27000000e+00  1.19408784e+00 -6.38571513e-04 
 2.27250000e+00  2.27250000e+00  1.19166313e+00 -6.39296043e-04 
 2.27500000e+00  2.27500000e+00  1.18924985e+00 -6.40015310e-04 
 2.27750000e+00  2.27750000e+00  1.18684793e+00 -6.40729368e-04 
 2.28000000e+00  2.28000000e+00  1.18445726e+00 -6.41438267e-04 
 2.28250000e+00  2.28250000e+00  1.18207777e+00 -6.42142059e-04 
 2.28500000e+00  2.28500000e+00  1.17970936e+00 -6.42840792e-04 
 2.28750000e+00  2.28750000e+00  1.17735195e+00 -6.43534518e-04 
 2.29000000e+00  2.29000000e+00  1.17500546e+00 -6.44223283e-04 
 2.29250000e+00  2.29250000e+00  1.17266980e+00 -6.44907137e-04 
 2.29500000e+00  2.29500000e+00  1.17034488e+00 -6.45586127e-04 
 2.29750000e+00  2.29750000e+00  1.16803063e+00 -6.46260299e-04 
 2.30000000e+00  2.30000000e+00  1.16572697e+00 -6.46929701e-04 
 2.30250000e+00  2.30250000e+00  1.16343381e+00 -6.47594378e-04 
 2.30500000e+00  2.30500000e+00  1.16115108e+00 -6.48254375e-04 
 2.30750000e+00  2.30750000e+00  1.15887869e+00 -6.48909736e-04 
 2.31000000e+00  2.31000000e+00  1.15661657e+00 -6.49560507e-04 
 2.31250000e+00  2.31250000e+00  1.15436464e+00 -6.50206730e-04 
 2.31500000e+00  2.31500000e+00  1.15212283e+00 -6.50848449e-04 
 2.31750000e+00  2.31750000e+00  1.14989105e+00 -6.51485706e-04 
 2.32000000e+00  2.32000000e+00  1.14766924e+00 -6.52118543e-04 
 2.32250000e+00  2.32250000e+00  1.14545732e+00 -6.52747002e-04 
 2.32500000e+00  2.32500000e+00  1.14325522e+00 -6.53371123e-04 
 2.32750000e+00  2.32750000e+00  1.14106286e+00 -6.53990947e-04 
 2.33000000e+00  2.33000000e+00  1.13888018e+00 -6.54606514e-04 
 2.33250000e+00  2.33250000e+00  1.13670710e+00 -6.55217864e-04 
 2.33500000e+00  2.33500000e+00  1.13454355e+00 -6.55825035e-04 
 2.33750000e+00  2.33750000e+00  1.13238947e+00 -6.56428067e-04 
 2.34000000e+00  2.34000000e+00  1.13024478e+00 -6.57026997e-04 
 2.34250000e+00  2.34250000e+00  1.12810941e+00 -6.57621863e-04 
 2.34500000e+00  2.34500000e+00  1.12598331e+00 -6.58212702e-04 
 2.34750000e+00  2.34750000e+00  1.12386639e+00 -6.58799551e-04 
 2.35000000e+00  2.35000000e+00  1.12175860e+00 -6.59382446e-04 
 2.35250000e+00  2.35250000e+00  1.11965988e+00 -6.59961424e-04 
 2.35500000e+00  2.35500000e+00  1.11757015e+00 -6.60536519e-04 
 2.35750000e+00  2.35750000e+00  1.11548935e+00 -6.61107768e-04 
 2.36000000e+00  2.36000000e+00  1.11341741e+00 -6.61675204e-04 
 2.36250000e+00  2.36250000e+00  1.11135429e+00 -6.62238861e-04 
 2.36500000e+00  2.36500000e+00  1.10929991e+00 -6.62798775e-04 
 2.36750000e+00  2.36750000e+00  1.10725421e+00 -6.63354978e-04 
 2.37000000e+00  2.37000000e+00  1.10521713e+00 -6.63907503e-04 
 2.37250000e+00  2.37250000e+00  1.10318861e+00 -6.64456383e-04 
 2.37500000e+00  2.37500000e+00  1.10116860e+00 -6.65001650e-04 
 2.37750000e+00  2.37750000e+00  1.09915702e+00 -6.65543337e-04 
 2.38000000e+00  2.38000000e+00  1.09715383e+00 -6.66081474e-04 
 2.38250000e+00  2.38250000e+00  1.09515896e+00 -6.66616094e-04 
 2.38500000e+00  2.38500000e+00  1.09317236e+00 -6.67147227e-04 
 2.38750000e+00  2.38750000e+00  1.09119398e+00 -6.67674903e-04 
 2.39000000e+00  2.39000000e+00  1.08922374e+00 -6.68199154e-04 
 2.39250000e+00  2.39250000e+00  1.08726161e+00 -6.68720008e-04 
 2.39500000e+00  2.39500000e+00  1.08530752e+00 -6.69237495e-04 
 2.39750000e+00  2.39750000e+00  1.08336142e+00 -6.69751645e-04 
 2.40000000e+00  2.40000000e+00  1.08142325e+00 -6.70262486e-04 
 2.40250000e+00  2.40250000e+00  1.07949297e+00 -6.70770046e-04 
 2.40500000e+00  2.40500000e+00  1.07757051e+00 -6.71274355e-04 
 2.40750000e+00  2.40750000e+00  1.07565582e+00 -6.71775440e-04 
 2.41000000e+00  2.41000000e+00  1.07374886e+00 -6.72273328e-04 
 2.41250000e+00  2.41250000e+00  1.07184958e+00 -6.72768047e-04 
 2.41500000e+00  2.41500000e+00  1.06995791e+00 -6.73259623e-04 
 2.41750000e+00  2.41750000e+00  1.06807381e+00 -6.73748085e-04 
 2.42000000e+00  2.42000000e+00  1.06619723e+00 -6.74233457e-04 
 2.42250000e+00  2.42250000e+00  1.06432812e+00 -6.74715766e-04 
 2.42500000e+00  2.42500000e+00  1.06246643e+00 -6.75195038e-04 
 2.42750000e+00  2.42750000e+00  1.06061211e+00 -6.75671299e-04 
 2.43000000e+00  2.43000000e+00  1.05876511e+00 -6.76144573e-04 
 2.43250000e+00  2.43250000e+00  1.05692539e+00 -6.76614886e-04 
 2.43500000e+00  2.43500000e+00  1.05509290e+00 -6.77082262e-04 
 2.43750000e+00  2.43750000e+00  1.05326759e+00 -6.77546726e-04 
 2.44000000e+00  2.44000000e+00  1.05144941e+00 -6.78008302e-04 
 2.44250000e+00  2.44250000e+00  1.04963832e+00 -6.78467015e-04 
 2.44500000e+00  2.44500000e+00  1.04783427e+00 -6.78922887e-04 
 2.44750000e+00  2.44750000e+00  1.04603722e+00 -6.79375942e-04 
 2.45000000e+00  2.45000000e+00  1.04424712e+00 -6.79826203e-04 
 2.45250000e+00  2.45250000e+00  1.04246393e+00 -6.80273694e-04 
 2.45500000e+00  2.45500000e+00  1.04068760e+00 -6.80718436e-04 
 2.45750000e+00  2.45750000e+00  1.03891809e+00 -6.81160453e-04 
 2.46000000e+00  2.46000000e+00  1.03715536e+00 -6.81599766e-04 
 2.46250000e+00  2.46250000e+00  1.03539936e+00 -6.82036399e-04 
 2.46500000e+00  2.46500000e+00  1.03365005e+00 -6.82470371e-04 
 2.46750000e+00  2.46750000e+00  1.03190739e+00 -6.82901705e-04 
 2.47000000e+00  2.47000000e+00  1.03017133e+00 -6.83330423e-04 
 2.47250000e+00  2.47250000e+00  1.02844184e+00 -6.83756544e-04 
 2.47500000e+00  2.47500000e+00  1.02671888e+00 -6.84180091e-04 
 2.47750000e+00  2.47750000e+00  1.02500240e+00 -6.84601084e-04 
 2.48000000e+00  2.48000000e+00  1.02329236e+00 -6.85019542e-04 
 2.48250000e+00  2.48250000e+00  1.02158872e+00 -6.85435487e-04 
 2.48500000e+00  2.48500000e+00  1.01989145e+00 -6.85848939e-04 
 2.48750000e+00  2.48750000e+00  1.01820051e+00 -6.86259916e-04 
 2.49000000e+00  2.49000000e+00  1.01651585e+00 -6.86668440e-04 
 2.49250000e+00  2.49250000e+00  1.01483743e+00 -6.87074528e-04 
 2.49500000e+00  2.49500000e+00  1.01316523e+00 -6.87478201e-04 
 2.49750000e+00  2.49750000e+00  1.01149919e+00 -6.87879478e-04 
 2.50000000e+00  2.50000000e+00  1.00983929e+00 -6.88278377e-04 
