 v-sweep         v(a)            v(out)          i(vdd)         
 0.00000000e+00  0.00000000e+00  2.50000000e+00 -2.51000002e-12 
 2.50000000e-03  2.50000000e-03  2.50000000e+00 -2.51000089e-12 
 5.00000000e-03  5.00000000e-03  2.50000000e+00 -2.50999915e-12 
 7.50000000e-03  7.50000000e-03  2.50000000e+00 -2.51000089e-12 
 1.00000000e-02  1.00000000e-02  2.50000000e+00 -2.51000002e-12 
 1.25000000e-02  1.25000000e-02  2.50000000e+00 -2.51000002e-12 
 1.50000000e-02  1.50000000e-02  2.50000000e+00 -2.50999915e-12 
 1.75000000e-02  1.75000000e-02  2.50000000e+00 -2.50999915e-12 
 2.00000000e-02  2.00000000e-02  2.50000000e+00 -2.51000002e-12 
 2.25000000e-02  2.25000000e-02  2.50000000e+00 -2.51000089e-12 
 2.50000000e-02  2.50000000e-02  2.50000000e+00 -2.51000002e-12 
 2.75000000e-02  2.75000000e-02  2.50000000e+00 -2.51000002e-12 
 3.00000000e-02  3.00000000e-02  2.50000000e+00 -2.51000002e-12 
 3.25000000e-02  3.25000000e-02  2.50000000e+00 -2.51000002e-12 
 3.50000000e-02  3.50000000e-02  2.50000000e+00 -2.51000002e-12 
 3.75000000e-02  3.75000000e-02  2.50000000e+00 -2.51000002e-12 
 4.00000000e-02  4.00000000e-02  2.50000000e+00 -2.51000002e-12 
 4.25000000e-02  4.25000000e-02  2.50000000e+00 -2.51000002e-12 
 4.50000000e-02  4.50000000e-02  2.50000000e+00 -2.51000002e-12 
 4.75000000e-02  4.75000000e-02  2.50000000e+00 -2.51000089e-12 
 5.00000000e-02  5.00000000e-02  2.50000000e+00 -2.51000089e-12 
 5.25000000e-02  5.25000000e-02  2.50000000e+00 -2.51000089e-12 
 5.50000000e-02  5.50000000e-02  2.50000000e+00 -2.51000089e-12 
 5.75000000e-02  5.75000000e-02  2.50000000e+00 -2.51000089e-12 
 6.00000000e-02  6.00000000e-02  2.50000000e+00 -2.51000002e-12 
 6.25000000e-02  6.25000000e-02  2.50000000e+00 -2.51000002e-12 
 6.50000000e-02  6.50000000e-02  2.50000000e+00 -2.51000002e-12 
 6.75000000e-02  6.75000000e-02  2.50000000e+00 -2.51000089e-12 
 7.00000000e-02  7.00000000e-02  2.50000000e+00 -2.51000002e-12 
 7.25000000e-02  7.25000000e-02  2.50000000e+00 -2.51000002e-12 
 7.50000000e-02  7.50000000e-02  2.50000000e+00 -2.51000089e-12 
 7.75000000e-02  7.75000000e-02  2.50000000e+00 -2.51000002e-12 
 8.00000000e-02  8.00000000e-02  2.50000000e+00 -2.51000002e-12 
 8.25000000e-02  8.25000000e-02  2.50000000e+00 -2.51000002e-12 
 8.50000000e-02  8.50000000e-02  2.50000000e+00 -2.51000089e-12 
 8.75000000e-02  8.75000000e-02  2.50000000e+00 -2.51000176e-12 
 9.00000000e-02  9.00000000e-02  2.50000000e+00 -2.50999915e-12 
 9.25000000e-02  9.25000000e-02  2.50000000e+00 -2.51000176e-12 
 9.50000000e-02  9.50000000e-02  2.50000000e+00 -2.51000002e-12 
 9.75000000e-02  9.75000000e-02  2.50000000e+00 -2.51000089e-12 
 1.00000000e-01  1.00000000e-01  2.50000000e+00 -2.51000002e-12 
 1.02500000e-01  1.02500000e-01  2.50000000e+00 -2.51000002e-12 
 1.05000000e-01  1.05000000e-01  2.50000000e+00 -2.50999915e-12 
 1.07500000e-01  1.07500000e-01  2.50000000e+00 -2.51000002e-12 
 1.10000000e-01  1.10000000e-01  2.50000000e+00 -2.51000002e-12 
 1.12500000e-01  1.12500000e-01  2.50000000e+00 -2.51000089e-12 
 1.15000000e-01  1.15000000e-01  2.50000000e+00 -2.51000002e-12 
 1.17500000e-01  1.17500000e-01  2.50000000e+00 -2.50999915e-12 
 1.20000000e-01  1.20000000e-01  2.50000000e+00 -2.51000002e-12 
 1.22500000e-01  1.22500000e-01  2.50000000e+00 -2.51000176e-12 
 1.25000000e-01  1.25000000e-01  2.50000000e+00 -2.51000089e-12 
 1.27500000e-01  1.27500000e-01  2.50000000e+00 -2.50999915e-12 
 1.30000000e-01  1.30000000e-01  2.50000000e+00 -2.51000002e-12 
 1.32500000e-01  1.32500000e-01  2.50000000e+00 -2.51000002e-12 
 1.35000000e-01  1.35000000e-01  2.50000000e+00 -2.51000089e-12 
 1.37500000e-01  1.37500000e-01  2.50000000e+00 -2.51000176e-12 
 1.40000000e-01  1.40000000e-01  2.50000000e+00 -2.51000002e-12 
 1.42500000e-01  1.42500000e-01  2.50000000e+00 -2.51000176e-12 
 1.45000000e-01  1.45000000e-01  2.50000000e+00 -2.51000089e-12 
 1.47500000e-01  1.47500000e-01  2.50000000e+00 -2.51000089e-12 
 1.50000000e-01  1.50000000e-01  2.50000000e+00 -2.51000089e-12 
 1.52500000e-01  1.52500000e-01  2.50000000e+00 -2.51000002e-12 
 1.55000000e-01  1.55000000e-01  2.50000000e+00 -2.51000089e-12 
 1.57500000e-01  1.57500000e-01  2.50000000e+00 -2.51000002e-12 
 1.60000000e-01  1.60000000e-01  2.50000000e+00 -2.51000002e-12 
 1.62500000e-01  1.62500000e-01  2.50000000e+00 -2.51000002e-12 
 1.65000000e-01  1.65000000e-01  2.50000000e+00 -2.50999915e-12 
 1.67500000e-01  1.67500000e-01  2.50000000e+00 -2.50999915e-12 
 1.70000000e-01  1.70000000e-01  2.50000000e+00 -2.51000002e-12 
 1.72500000e-01  1.72500000e-01  2.50000000e+00 -2.51000089e-12 
 1.75000000e-01  1.75000000e-01  2.50000000e+00 -2.51000002e-12 
 1.77500000e-01  1.77500000e-01  2.50000000e+00 -2.51000089e-12 
 1.80000000e-01  1.80000000e-01  2.50000000e+00 -2.51000002e-12 
 1.82500000e-01  1.82500000e-01  2.50000000e+00 -2.50999915e-12 
 1.85000000e-01  1.85000000e-01  2.50000000e+00 -2.51000089e-12 
 1.87500000e-01  1.87500000e-01  2.50000000e+00 -2.51000176e-12 
 1.90000000e-01  1.90000000e-01  2.50000000e+00 -2.51000002e-12 
 1.92500000e-01  1.92500000e-01  2.50000000e+00 -2.51000002e-12 
 1.95000000e-01  1.95000000e-01  2.50000000e+00 -2.51000089e-12 
 1.97500000e-01  1.97500000e-01  2.50000000e+00 -2.51000089e-12 
 2.00000000e-01  2.00000000e-01  2.50000000e+00 -2.51000002e-12 
 2.02500000e-01  2.02500000e-01  2.50000000e+00 -2.51000089e-12 
 2.05000000e-01  2.05000000e-01  2.50000000e+00 -2.51000089e-12 
 2.07500000e-01  2.07500000e-01  2.50000000e+00 -2.51000176e-12 
 2.10000000e-01  2.10000000e-01  2.50000000e+00 -2.51000089e-12 
 2.12500000e-01  2.12500000e-01  2.50000000e+00 -2.51000089e-12 
 2.15000000e-01  2.15000000e-01  2.50000000e+00 -2.51000089e-12 
 2.17500000e-01  2.17500000e-01  2.50000000e+00 -2.51000002e-12 
 2.20000000e-01  2.20000000e-01  2.50000000e+00 -2.51000002e-12 
 2.22500000e-01  2.22500000e-01  2.50000000e+00 -2.51000089e-12 
 2.25000000e-01  2.25000000e-01  2.50000000e+00 -2.51000089e-12 
 2.27500000e-01  2.27500000e-01  2.50000000e+00 -2.51000089e-12 
 2.30000000e-01  2.30000000e-01  2.50000000e+00 -2.51000002e-12 
 2.32500000e-01  2.32500000e-01  2.50000000e+00 -2.50999915e-12 
 2.35000000e-01  2.35000000e-01  2.50000000e+00 -2.51000089e-12 
 2.37500000e-01  2.37500000e-01  2.50000000e+00 -2.51000002e-12 
 2.40000000e-01  2.40000000e-01  2.50000000e+00 -2.51000002e-12 
 2.42500000e-01  2.42500000e-01  2.50000000e+00 -2.50999915e-12 
 2.45000000e-01  2.45000000e-01  2.50000000e+00 -2.51000089e-12 
 2.47500000e-01  2.47500000e-01  2.50000000e+00 -2.51000002e-12 
 2.50000000e-01  2.50000000e-01  2.50000000e+00 -2.51000089e-12 
 2.52500000e-01  2.52500000e-01  2.50000000e+00 -2.51000089e-12 
 2.55000000e-01  2.55000000e-01  2.50000000e+00 -2.50999915e-12 
 2.57500000e-01  2.57500000e-01  2.50000000e+00 -2.51000089e-12 
 2.60000000e-01  2.60000000e-01  2.50000000e+00 -2.50999915e-12 
 2.62500000e-01  2.62500000e-01  2.50000000e+00 -2.51000002e-12 
 2.65000000e-01  2.65000000e-01  2.50000000e+00 -2.50999915e-12 
 2.67500000e-01  2.67500000e-01  2.50000000e+00 -2.51000002e-12 
 2.70000000e-01  2.70000000e-01  2.50000000e+00 -2.51000002e-12 
 2.72500000e-01  2.72500000e-01  2.50000000e+00 -2.50999915e-12 
 2.75000000e-01  2.75000000e-01  2.50000000e+00 -2.51000002e-12 
 2.77500000e-01  2.77500000e-01  2.50000000e+00 -2.51000002e-12 
 2.80000000e-01  2.80000000e-01  2.50000000e+00 -2.51000002e-12 
 2.82500000e-01  2.82500000e-01  2.50000000e+00 -2.50999915e-12 
 2.85000000e-01  2.85000000e-01  2.50000000e+00 -2.51000002e-12 
 2.87500000e-01  2.87500000e-01  2.50000000e+00 -2.51000089e-12 
 2.90000000e-01  2.90000000e-01  2.50000000e+00 -2.51000089e-12 
 2.92500000e-01  2.92500000e-01  2.50000000e+00 -2.51000002e-12 
 2.95000000e-01  2.95000000e-01  2.50000000e+00 -2.51000002e-12 
 2.97500000e-01  2.97500000e-01  2.50000000e+00 -2.51000045e-12 
 3.00000000e-01  3.00000000e-01  2.50000000e+00 -2.50999959e-12 
 3.02500000e-01  3.02500000e-01  2.50000000e+00 -2.50999959e-12 
 3.05000000e-01  3.05000000e-01  2.50000000e+00 -2.50999959e-12 
 3.07500000e-01  3.07500000e-01  2.50000000e+00 -2.51000002e-12 
 3.10000000e-01  3.10000000e-01  2.50000000e+00 -2.50999959e-12 
 3.12500000e-01  3.12500000e-01  2.50000000e+00 -2.51000045e-12 
 3.15000000e-01  3.15000000e-01  2.50000000e+00 -2.51000045e-12 
 3.17500000e-01  3.17500000e-01  2.50000000e+00 -2.51000002e-12 
 3.20000000e-01  3.20000000e-01  2.50000000e+00 -2.51000002e-12 
 3.22500000e-01  3.22500000e-01  2.50000000e+00 -2.50999959e-12 
 3.25000000e-01  3.25000000e-01  2.50000000e+00 -2.51000045e-12 
 3.27500000e-01  3.27500000e-01  2.50000000e+00 -2.51000002e-12 
 3.30000000e-01  3.30000000e-01  2.50000000e+00 -2.51000089e-12 
 3.32500000e-01  3.32500000e-01  2.50000000e+00 -2.51000002e-12 
 3.35000000e-01  3.35000000e-01  2.50000000e+00 -2.51000002e-12 
 3.37500000e-01  3.37500000e-01  2.50000000e+00 -2.51000089e-12 
 3.40000000e-01  3.40000000e-01  2.50000000e+00 -2.50999959e-12 
 3.42500000e-01  3.42500000e-01  2.50000000e+00 -2.51000002e-12 
 3.45000000e-01  3.45000000e-01  2.50000000e+00 -2.51000045e-12 
 3.47500000e-01  3.47500000e-01  2.50000000e+00 -2.51000132e-12 
 3.50000000e-01  3.50000000e-01  2.50000000e+00 -2.51000089e-12 
 3.52500000e-01  3.52500000e-01  2.50000000e+00 -2.51000045e-12 
 3.55000000e-01  3.55000000e-01  2.50000000e+00 -2.51000002e-12 
 3.57500000e-01  3.57500000e-01  2.50000000e+00 -2.51000002e-12 
 3.60000000e-01  3.60000000e-01  2.50000000e+00 -2.51000002e-12 
 3.62500000e-01  3.62500000e-01  2.50000000e+00 -2.51000045e-12 
 3.65000000e-01  3.65000000e-01  2.50000000e+00 -2.50999959e-12 
 3.67500000e-01  3.67500000e-01  2.50000000e+00 -2.51000002e-12 
 3.70000000e-01  3.70000000e-01  2.50000000e+00 -2.51000045e-12 
 3.72500000e-01  3.72500000e-01  2.50000000e+00 -2.51000132e-12 
 3.75000000e-01  3.75000000e-01  2.50000000e+00 -2.51000002e-12 
 3.77500000e-01  3.77500000e-01  2.50000000e+00 -2.51000045e-12 
 3.80000000e-01  3.80000000e-01  2.50000000e+00 -2.50999959e-12 
 3.82500000e-01  3.82500000e-01  2.50000000e+00 -2.51000002e-12 
 3.85000000e-01  3.85000000e-01  2.50000000e+00 -2.51000002e-12 
 3.87500000e-01  3.87500000e-01  2.50000000e+00 -2.50999959e-12 
 3.90000000e-01  3.90000000e-01  2.50000000e+00 -2.51000089e-12 
 3.92500000e-01  3.92500000e-01  2.50000000e+00 -2.51000089e-12 
 3.95000000e-01  3.95000000e-01  2.50000000e+00 -2.51000002e-12 
 3.97500000e-01  3.97500000e-01  2.50000000e+00 -2.51000002e-12 
 4.00000000e-01  4.00000000e-01  2.50000000e+00 -2.51000089e-12 
 4.02500000e-01  4.02500000e-01  2.50000000e+00 -2.51000002e-12 
 4.05000000e-01  4.05000000e-01  2.50000000e+00 -2.51000045e-12 
 4.07500000e-01  4.07500000e-01  2.50000000e+00 -2.51000045e-12 
 4.10000000e-01  4.10000000e-01  2.50000000e+00 -2.51000002e-12 
 4.12500000e-01  4.12500000e-01  2.50000000e+00 -2.51000002e-12 
 4.15000000e-01  4.15000000e-01  2.50000000e+00 -2.51000002e-12 
 4.17500000e-01  4.17500000e-01  2.50000000e+00 -2.51000002e-12 
 4.20000000e-01  4.20000000e-01  2.50000000e+00 -2.50999959e-12 
 4.22500000e-01  4.22500000e-01  2.50000000e+00 -2.50999959e-12 
 4.25000000e-01  4.25000000e-01  2.50000000e+00 -2.51000002e-12 
 4.27500000e-01  4.27500000e-01  2.50000000e+00 -2.51000002e-12 
 4.30000000e-01  4.30000000e-01  2.50000000e+00 -2.51000045e-12 
 4.32500000e-01  4.32500000e-01  2.49999781e+00 -3.15935127e-09 
 4.35000000e-01  4.35000000e-01  2.49999124e+00 -1.26073536e-08 
 4.37500000e-01  4.37500000e-01  2.49998029e+00 -2.83129343e-08 
 4.40000000e-01  4.40000000e-01  2.49996497e+00 -5.02427959e-08 
 4.42500000e-01  4.42500000e-01  2.49994528e+00 -7.83639192e-08 
 4.45000000e-01  4.45000000e-01  2.49992123e+00 -1.12643561e-07 
 4.47500000e-01  4.47500000e-01  2.49989280e+00 -1.53049249e-07 
 4.50000000e-01  4.50000000e-01  2.49986002e+00 -1.99548781e-07 
 4.52500000e-01  4.52500000e-01  2.49982287e+00 -2.52110219e-07 
 4.55000000e-01  4.55000000e-01  2.49978137e+00 -3.10701889e-07 
 4.57500000e-01  4.57500000e-01  2.49973551e+00 -3.75292374e-07 
 4.60000000e-01  4.60000000e-01  2.49968529e+00 -4.45850516e-07 
 4.62500000e-01  4.62500000e-01  2.49963071e+00 -5.22345407e-07 
 4.65000000e-01  4.65000000e-01  2.49957178e+00 -6.04746392e-07 
 4.67500000e-01  4.67500000e-01  2.49950850e+00 -6.93023061e-07 
 4.70000000e-01  4.70000000e-01  2.49944087e+00 -7.87145249e-07 
 4.72500000e-01  4.72500000e-01  2.49936888e+00 -8.87083032e-07 
 4.75000000e-01  4.75000000e-01  2.49929254e+00 -9.92806726e-07 
 4.77500000e-01  4.77500000e-01  2.49921185e+00 -1.10428688e-06 
 4.80000000e-01  4.80000000e-01  2.49912681e+00 -1.22149428e-06 
 4.82500000e-01  4.82500000e-01  2.49903742e+00 -1.34439994e-06 
 4.85000000e-01  4.85000000e-01  2.49894367e+00 -1.47297510e-06 
 4.87500000e-01  4.87500000e-01  2.49884556e+00 -1.60719122e-06 
 4.90000000e-01  4.90000000e-01  2.49874311e+00 -1.74702001e-06 
 4.92500000e-01  4.92500000e-01  2.49863629e+00 -1.89243336e-06 
 4.95000000e-01  4.95000000e-01  2.49852512e+00 -2.04340340e-06 
 4.97500000e-01  4.97500000e-01  2.49840959e+00 -2.19990248e-06 
 5.00000000e-01  5.00000000e-01  2.49828970e+00 -2.36190315e-06 
 5.02500000e-01  5.02500000e-01  2.49816545e+00 -2.52937817e-06 
 5.05000000e-01  5.05000000e-01  2.49803683e+00 -2.70230051e-06 
 5.07500000e-01  5.07500000e-01  2.49790603e+00 -2.87793757e-06 
 5.10000000e-01  5.10000000e-01  2.49776867e+00 -3.06169198e-06 
 5.12500000e-01  5.12500000e-01  2.49762695e+00 -3.25080932e-06 
 5.15000000e-01  5.15000000e-01  2.49748085e+00 -3.44526781e-06 
 5.17500000e-01  5.17500000e-01  2.49733037e+00 -3.64504142e-06 
 5.20000000e-01  5.20000000e-01  2.49717550e+00 -3.85010434e-06 
 5.22500000e-01  5.22500000e-01  2.49701626e+00 -4.06043091e-06 
 5.25000000e-01  5.25000000e-01  2.49685262e+00 -4.27599571e-06 
 5.27500000e-01  5.27500000e-01  2.49668459e+00 -4.49677346e-06 
 5.30000000e-01  5.30000000e-01  2.49651217e+00 -4.72273909e-06 
 5.32500000e-01  5.32500000e-01  2.49633534e+00 -4.95386772e-06 
 5.35000000e-01  5.35000000e-01  2.49615411e+00 -5.19013465e-06 
 5.37500000e-01  5.37500000e-01  2.49596846e+00 -5.43151534e-06 
 5.40000000e-01  5.40000000e-01  2.49577840e+00 -5.67798544e-06 
 5.42500000e-01  5.42500000e-01  2.49558392e+00 -5.92952079e-06 
 5.45000000e-01  5.45000000e-01  2.49538502e+00 -6.18609738e-06 
 5.47500000e-01  5.47500000e-01  2.49518168e+00 -6.44769138e-06 
 5.50000000e-01  5.50000000e-01  2.49497391e+00 -6.71427915e-06 
 5.52500000e-01  5.52500000e-01  2.49476169e+00 -6.98583719e-06 
 5.55000000e-01  5.55000000e-01  2.49454503e+00 -7.26234218e-06 
 5.57500000e-01  5.57500000e-01  2.49432391e+00 -7.54377096e-06 
 5.60000000e-01  5.60000000e-01  2.49409833e+00 -7.83010055e-06 
 5.62500000e-01  5.62500000e-01  2.49386828e+00 -8.12130811e-06 
 5.65000000e-01  5.65000000e-01  2.49363376e+00 -8.41737097e-06 
 5.67500000e-01  5.67500000e-01  2.49339475e+00 -8.71826661e-06 
 5.70000000e-01  5.70000000e-01  2.49315125e+00 -9.02397269e-06 
 5.72500000e-01  5.72500000e-01  2.49290326e+00 -9.33446698e-06 
 5.75000000e-01  5.75000000e-01  2.49265076e+00 -9.64972745e-06 
 5.77500000e-01  5.77500000e-01  2.49239375e+00 -9.96973220e-06 
 5.80000000e-01  5.80000000e-01  2.49213222e+00 -1.02944595e-05 
 5.82500000e-01  5.82500000e-01  2.49186615e+00 -1.06238877e-05 
 5.85000000e-01  5.85000000e-01  2.49159555e+00 -1.09579954e-05 
 5.87500000e-01  5.87500000e-01  2.49132041e+00 -1.12967612e-05 
 5.90000000e-01  5.90000000e-01  2.49104071e+00 -1.16401641e-05 
 5.92500000e-01  5.92500000e-01  2.49075644e+00 -1.19881830e-05 
 5.95000000e-01  5.95000000e-01  2.49046760e+00 -1.23407969e-05 
 5.97500000e-01  5.97500000e-01  2.49017417e+00 -1.26979852e-05 
 6.00000000e-01  6.00000000e-01  2.48987615e+00 -1.30597273e-05 
 6.02500000e-01  6.02500000e-01  2.48957353e+00 -1.34260027e-05 
 6.05000000e-01  6.05000000e-01  2.48926629e+00 -1.37967910e-05 
 6.07500000e-01  6.07500000e-01  2.48895443e+00 -1.41720721e-05 
 6.10000000e-01  6.10000000e-01  2.48863793e+00 -1.45518259e-05 
 6.12500000e-01  6.12500000e-01  2.48831679e+00 -1.49360325e-05 
 6.15000000e-01  6.15000000e-01  2.48799099e+00 -1.53246720e-05 
 6.17500000e-01  6.17500000e-01  2.48766052e+00 -1.57177249e-05 
 6.20000000e-01  6.20000000e-01  2.48732537e+00 -1.61151714e-05 
 6.22500000e-01  6.22500000e-01  2.48698552e+00 -1.65169923e-05 
 6.25000000e-01  6.25000000e-01  2.48664097e+00 -1.69231682e-05 
 6.27500000e-01  6.27500000e-01  2.48629171e+00 -1.73336800e-05 
 6.30000000e-01  6.30000000e-01  2.48593771e+00 -1.77485085e-05 
 6.32500000e-01  6.32500000e-01  2.48557897e+00 -1.81676349e-05 
 6.35000000e-01  6.35000000e-01  2.48521548e+00 -1.85910404e-05 
 6.37500000e-01  6.37500000e-01  2.48484722e+00 -1.90187062e-05 
 6.40000000e-01  6.40000000e-01  2.48447417e+00 -1.94506138e-05 
 6.42500000e-01  6.42500000e-01  2.48409633e+00 -1.98867447e-05 
 6.45000000e-01  6.45000000e-01  2.48371368e+00 -2.03270805e-05 
 6.47500000e-01  6.47500000e-01  2.48332620e+00 -2.07716032e-05 
 6.50000000e-01  6.50000000e-01  2.48293388e+00 -2.12202944e-05 
 6.52500000e-01  6.52500000e-01  2.48253671e+00 -2.16731363e-05 
 6.55000000e-01  6.55000000e-01  2.48213467e+00 -2.21301109e-05 
 6.57500000e-01  6.57500000e-01  2.48172775e+00 -2.25912004e-05 
 6.60000000e-01  6.60000000e-01  2.48131592e+00 -2.30563872e-05 
 6.62500000e-01  6.62500000e-01  2.48089918e+00 -2.35256537e-05 
 6.65000000e-01  6.65000000e-01  2.48047751e+00 -2.39989823e-05 
 6.67500000e-01  6.67500000e-01  2.48005089e+00 -2.44763559e-05 
 6.70000000e-01  6.70000000e-01  2.47961930e+00 -2.49577570e-05 
 6.72500000e-01  6.72500000e-01  2.47918273e+00 -2.54431687e-05 
 6.75000000e-01  6.75000000e-01  2.47874116e+00 -2.59325737e-05 
 6.77500000e-01  6.77500000e-01  2.47829458e+00 -2.64259551e-05 
 6.80000000e-01  6.80000000e-01  2.47784296e+00 -2.69232962e-05 
 6.82500000e-01  6.82500000e-01  2.47738629e+00 -2.74245801e-05 
 6.85000000e-01  6.85000000e-01  2.47692454e+00 -2.79297902e-05 
 6.87500000e-01  6.87500000e-01  2.47645771e+00 -2.84389100e-05 
 6.90000000e-01  6.90000000e-01  2.47598577e+00 -2.89519229e-05 
 6.92500000e-01  6.92500000e-01  2.47550869e+00 -2.94688127e-05 
 6.95000000e-01  6.95000000e-01  2.47502648e+00 -2.99895630e-05 
 6.97500000e-01  6.97500000e-01  2.47453909e+00 -3.05141577e-05 
 7.00000000e-01  7.00000000e-01  2.47404652e+00 -3.10425807e-05 
 7.02500000e-01  7.02500000e-01  2.47354874e+00 -3.15748159e-05 
 7.05000000e-01  7.05000000e-01  2.47304573e+00 -3.21108476e-05 
 7.07500000e-01  7.07500000e-01  2.47253747e+00 -3.26506599e-05 
 7.10000000e-01  7.10000000e-01  2.47202394e+00 -3.31942370e-05 
 7.12500000e-01  7.12500000e-01  2.47150511e+00 -3.37415634e-05 
 7.15000000e-01  7.15000000e-01  2.47098097e+00 -3.42926235e-05 
 7.17500000e-01  7.17500000e-01  2.47045150e+00 -3.48474017e-05 
 7.20000000e-01  7.20000000e-01  2.46991666e+00 -3.54058829e-05 
 7.22500000e-01  7.22500000e-01  2.46937644e+00 -3.59680515e-05 
 7.25000000e-01  7.25000000e-01  2.46883081e+00 -3.65338926e-05 
 7.27500000e-01  7.27500000e-01  2.46827975e+00 -3.71033908e-05 
 7.30000000e-01  7.30000000e-01  2.46772324e+00 -3.76765313e-05 
 7.32500000e-01  7.32500000e-01  2.46716125e+00 -3.82532990e-05 
 7.35000000e-01  7.35000000e-01  2.46659375e+00 -3.88336790e-05 
 7.37500000e-01  7.37500000e-01  2.46602073e+00 -3.94176566e-05 
 7.40000000e-01  7.40000000e-01  2.46544215e+00 -4.00052170e-05 
 7.42500000e-01  7.42500000e-01  2.46485799e+00 -4.05963456e-05 
 7.45000000e-01  7.45000000e-01  2.46426822e+00 -4.11910278e-05 
 7.47500000e-01  7.47500000e-01  2.46367282e+00 -4.17892491e-05 
 7.50000000e-01  7.50000000e-01  2.46307176e+00 -4.23909951e-05 
 7.52500000e-01  7.52500000e-01  2.46246501e+00 -4.29962516e-05 
 7.55000000e-01  7.55000000e-01  2.46185254e+00 -4.36050041e-05 
 7.57500000e-01  7.57500000e-01  2.46123433e+00 -4.42172386e-05 
 7.60000000e-01  7.60000000e-01  2.46061035e+00 -4.48329409e-05 
 7.62500000e-01  7.62500000e-01  2.45998056e+00 -4.54520970e-05 
 7.65000000e-01  7.65000000e-01  2.45934494e+00 -4.60746929e-05 
 7.67500000e-01  7.67500000e-01  2.45870346e+00 -4.67007146e-05 
 7.70000000e-01  7.70000000e-01  2.45805608e+00 -4.73301485e-05 
 7.72500000e-01  7.72500000e-01  2.45740279e+00 -4.79629806e-05 
 7.75000000e-01  7.75000000e-01  2.45674354e+00 -4.85991974e-05 
 7.77500000e-01  7.77500000e-01  2.45607830e+00 -4.92387851e-05 
 7.80000000e-01  7.80000000e-01  2.45540704e+00 -4.98817303e-05 
 7.82500000e-01  7.82500000e-01  2.45472973e+00 -5.05280194e-05 
 7.85000000e-01  7.85000000e-01  2.45404634e+00 -5.11776390e-05 
 7.87500000e-01  7.87500000e-01  2.45335683e+00 -5.18305757e-05 
 7.90000000e-01  7.90000000e-01  2.45266116e+00 -5.24868164e-05 
 7.92500000e-01  7.92500000e-01  2.45195931e+00 -5.31463476e-05 
 7.95000000e-01  7.95000000e-01  2.45125124e+00 -5.38091563e-05 
 7.97500000e-01  7.97500000e-01  2.45053691e+00 -5.44752294e-05 
 8.00000000e-01  8.00000000e-01  2.44981628e+00 -5.51445537e-05 
 8.02500000e-01  8.02500000e-01  2.44908933e+00 -5.58171164e-05 
 8.05000000e-01  8.05000000e-01  2.44835600e+00 -5.64929045e-05 
 8.07500000e-01  8.07500000e-01  2.44761627e+00 -5.71719051e-05 
 8.10000000e-01  8.10000000e-01  2.44687010e+00 -5.78541055e-05 
 8.12500000e-01  8.12500000e-01  2.44611744e+00 -5.85394929e-05 
 8.15000000e-01  8.15000000e-01  2.44535826e+00 -5.92280545e-05 
 8.17500000e-01  8.17500000e-01  2.44459252e+00 -5.99197779e-05 
 8.20000000e-01  8.20000000e-01  2.44382018e+00 -6.06146503e-05 
 8.22500000e-01  8.22500000e-01  2.44304119e+00 -6.13126594e-05 
 8.25000000e-01  8.25000000e-01  2.44225552e+00 -6.20137925e-05 
 8.27500000e-01  8.27500000e-01  2.44146311e+00 -6.27180374e-05 
 8.30000000e-01  8.30000000e-01  2.44066394e+00 -6.34253817e-05 
 8.32500000e-01  8.32500000e-01  2.43985795e+00 -6.41358131e-05 
 8.35000000e-01  8.35000000e-01  2.43904510e+00 -6.48493192e-05 
 8.37500000e-01  8.37500000e-01  2.43822535e+00 -6.55658881e-05 
 8.40000000e-01  8.40000000e-01  2.43739864e+00 -6.62855074e-05 
 8.42500000e-01  8.42500000e-01  2.43656494e+00 -6.70081652e-05 
 8.45000000e-01  8.45000000e-01  2.43572420e+00 -6.77338493e-05 
 8.47500000e-01  8.47500000e-01  2.43487636e+00 -6.84625478e-05 
 8.50000000e-01  8.50000000e-01  2.43402139e+00 -6.91942487e-05 
 8.52500000e-01  8.52500000e-01  2.43315922e+00 -6.99289403e-05 
 8.55000000e-01  8.55000000e-01  2.43228982e+00 -7.06666105e-05 
 8.57500000e-01  8.57500000e-01  2.43141312e+00 -7.14072476e-05 
 8.60000000e-01  8.60000000e-01  2.43052909e+00 -7.21508400e-05 
 8.62500000e-01  8.62500000e-01  2.42963766e+00 -7.28973758e-05 
 8.65000000e-01  8.65000000e-01  2.42873879e+00 -7.36468434e-05 
 8.67500000e-01  8.67500000e-01  2.42783241e+00 -7.43992313e-05 
 8.70000000e-01  8.70000000e-01  2.42691848e+00 -7.51545278e-05 
 8.72500000e-01  8.72500000e-01  2.42599694e+00 -7.59127214e-05 
 8.75000000e-01  8.75000000e-01  2.42506773e+00 -7.66738007e-05 
 8.77500000e-01  8.77500000e-01  2.42413080e+00 -7.74377542e-05 
 8.80000000e-01  8.80000000e-01  2.42318609e+00 -7.82045705e-05 
 8.82500000e-01  8.82500000e-01  2.42223353e+00 -7.89742383e-05 
 8.85000000e-01  8.85000000e-01  2.42127307e+00 -7.97467462e-05 
 8.87500000e-01  8.87500000e-01  2.42030466e+00 -8.05220831e-05 
 8.90000000e-01  8.90000000e-01  2.41932821e+00 -8.13002376e-05 
 8.92500000e-01  8.92500000e-01  2.41834368e+00 -8.20811986e-05 
 8.95000000e-01  8.95000000e-01  2.41735100e+00 -8.28649549e-05 
 8.97500000e-01  8.97500000e-01  2.41635010e+00 -8.36514954e-05 
 9.00000000e-01  9.00000000e-01  2.41534092e+00 -8.44408090e-05 
 9.02500000e-01  9.02500000e-01  2.41432340e+00 -8.52328848e-05 
 9.05000000e-01  9.05000000e-01  2.41329745e+00 -8.60277116e-05 
 9.07500000e-01  9.07500000e-01  2.41226302e+00 -8.68252786e-05 
 9.10000000e-01  9.10000000e-01  2.41122003e+00 -8.76255747e-05 
 9.12500000e-01  9.12500000e-01  2.41016842e+00 -8.84285891e-05 
 9.15000000e-01  9.15000000e-01  2.40910811e+00 -8.92343110e-05 
 9.17500000e-01  9.17500000e-01  2.40803902e+00 -9.00427295e-05 
 9.20000000e-01  9.20000000e-01  2.40696108e+00 -9.08538337e-05 
 9.22500000e-01  9.22500000e-01  2.40587422e+00 -9.16676130e-05 
 9.25000000e-01  9.25000000e-01  2.40477835e+00 -9.24840566e-05 
 9.27500000e-01  9.27500000e-01  2.40367340e+00 -9.33031537e-05 
 9.30000000e-01  9.30000000e-01  2.40255929e+00 -9.41248938e-05 
 9.32500000e-01  9.32500000e-01  2.40143594e+00 -9.49492661e-05 
 9.35000000e-01  9.35000000e-01  2.40030326e+00 -9.57762600e-05 
 9.37500000e-01  9.37500000e-01  2.39916117e+00 -9.66058651e-05 
 9.40000000e-01  9.40000000e-01  2.39800958e+00 -9.74380706e-05 
 9.42500000e-01  9.42500000e-01  2.39684841e+00 -9.82728660e-05 
 9.45000000e-01  9.45000000e-01  2.39567757e+00 -9.91102409e-05 
 9.47500000e-01  9.47500000e-01  2.39449696e+00 -9.99501847e-05 
 9.50000000e-01  9.50000000e-01  2.39330650e+00 -1.00792687e-04 
 9.52500000e-01  9.52500000e-01  2.39210609e+00 -1.01637737e-04 
 9.55000000e-01  9.55000000e-01  2.39089564e+00 -1.02485325e-04 
 9.57500000e-01  9.57500000e-01  2.38967504e+00 -1.03335441e-04 
 9.60000000e-01  9.60000000e-01  2.38844421e+00 -1.04188073e-04 
 9.62500000e-01  9.62500000e-01  2.38720304e+00 -1.05043212e-04 
 9.65000000e-01  9.65000000e-01  2.38595142e+00 -1.05900846e-04 
 9.67500000e-01  9.67500000e-01  2.38468926e+00 -1.06760967e-04 
 9.70000000e-01  9.70000000e-01  2.38341645e+00 -1.07623563e-04 
 9.72500000e-01  9.72500000e-01  2.38213288e+00 -1.08488625e-04 
 9.75000000e-01  9.75000000e-01  2.38083844e+00 -1.09356142e-04 
 9.77500000e-01  9.77500000e-01  2.37953302e+00 -1.10226103e-04 
 9.80000000e-01  9.80000000e-01  2.37821650e+00 -1.11098499e-04 
 9.82500000e-01  9.82500000e-01  2.37688877e+00 -1.11973320e-04 
 9.85000000e-01  9.85000000e-01  2.37554970e+00 -1.12850554e-04 
 9.87500000e-01  9.87500000e-01  2.37419919e+00 -1.13730193e-04 
 9.90000000e-01  9.90000000e-01  2.37283711e+00 -1.14612225e-04 
 9.92500000e-01  9.92500000e-01  2.37146332e+00 -1.15496641e-04 
 9.95000000e-01  9.95000000e-01  2.37007770e+00 -1.16383430e-04 
 9.97500000e-01  9.97500000e-01  2.36868013e+00 -1.17272583e-04 
 1.00000000e+00  1.00000000e+00  2.36727047e+00 -1.18164089e-04 
 1.00250000e+00  1.00250000e+00  2.36584858e+00 -1.19057938e-04 
 1.00500000e+00  1.00500000e+00  2.36441433e+00 -1.19954120e-04 
 1.00750000e+00  1.00750000e+00  2.36296756e+00 -1.20852625e-04 
 1.01000000e+00  1.01000000e+00  2.36150815e+00 -1.21753442e-04 
 1.01250000e+00  1.01250000e+00  2.36003595e+00 -1.22656562e-04 
 1.01500000e+00  1.01500000e+00  2.35855080e+00 -1.23561974e-04 
 1.01750000e+00  1.01750000e+00  2.35705254e+00 -1.24469669e-04 
 1.02000000e+00  1.02000000e+00  2.35554103e+00 -1.25379636e-04 
 1.02250000e+00  1.02250000e+00  2.35401611e+00 -1.26291865e-04 
 1.02500000e+00  1.02500000e+00  2.35247761e+00 -1.27206346e-04 
 1.02750000e+00  1.02750000e+00  2.35092536e+00 -1.28123069e-04 
 1.03000000e+00  1.03000000e+00  2.34935920e+00 -1.29042024e-04 
 1.03250000e+00  1.03250000e+00  2.34777896e+00 -1.29963200e-04 
 1.03500000e+00  1.03500000e+00  2.34618444e+00 -1.30886587e-04 
 1.03750000e+00  1.03750000e+00  2.34457549e+00 -1.31812176e-04 
 1.04000000e+00  1.04000000e+00  2.34295190e+00 -1.32739956e-04 
 1.04250000e+00  1.04250000e+00  2.34131348e+00 -1.33669917e-04 
 1.04500000e+00  1.04500000e+00  2.33966006e+00 -1.34602049e-04 
 1.04750000e+00  1.04750000e+00  2.33799142e+00 -1.35536341e-04 
 1.05000000e+00  1.05000000e+00  2.33630737e+00 -1.36472783e-04 
 1.05250000e+00  1.05250000e+00  2.33460769e+00 -1.37411366e-04 
 1.05500000e+00  1.05500000e+00  2.33289219e+00 -1.38352078e-04 
 1.05750000e+00  1.05750000e+00  2.33116063e+00 -1.39294909e-04 
 1.06000000e+00  1.06000000e+00  2.32941279e+00 -1.40239850e-04 
 1.06250000e+00  1.06250000e+00  2.32764846e+00 -1.41186889e-04 
 1.06500000e+00  1.06500000e+00  2.32586739e+00 -1.42136017e-04 
 1.06750000e+00  1.06750000e+00  2.32406935e+00 -1.43087223e-04 
 1.07000000e+00  1.07000000e+00  2.32225410e+00 -1.44040496e-04 
 1.07250000e+00  1.07250000e+00  2.32042138e+00 -1.44995827e-04 
 1.07500000e+00  1.07500000e+00  2.31857093e+00 -1.45953204e-04 
 1.07750000e+00  1.07750000e+00  2.31670250e+00 -1.46912617e-04 
 1.08000000e+00  1.08000000e+00  2.31481581e+00 -1.47874055e-04 
 1.08250000e+00  1.08250000e+00  2.31291059e+00 -1.48837508e-04 
 1.08500000e+00  1.08500000e+00  2.31098656e+00 -1.49802965e-04 
 1.08750000e+00  1.08750000e+00  2.30904342e+00 -1.50770416e-04 
 1.09000000e+00  1.09000000e+00  2.30708087e+00 -1.51739849e-04 
 1.09250000e+00  1.09250000e+00  2.30509860e+00 -1.52711253e-04 
 1.09500000e+00  1.09500000e+00  2.30309631e+00 -1.53684618e-04 
 1.09750000e+00  1.09750000e+00  2.30107367e+00 -1.54659933e-04 
 1.10000000e+00  1.10000000e+00  2.29903034e+00 -1.55637187e-04 
 1.10250000e+00  1.10250000e+00  2.29696599e+00 -1.56616368e-04 
 1.10500000e+00  1.10500000e+00  2.29488025e+00 -1.57597465e-04 
 1.10750000e+00  1.10750000e+00  2.29277278e+00 -1.58580468e-04 
 1.11000000e+00  1.11000000e+00  2.29064320e+00 -1.59565364e-04 
 1.11250000e+00  1.11250000e+00  2.28849113e+00 -1.60552142e-04 
 1.11500000e+00  1.11500000e+00  2.28631617e+00 -1.61540791e-04 
 1.11750000e+00  1.11750000e+00  2.28411792e+00 -1.62531299e-04 
 1.12000000e+00  1.12000000e+00  2.28189596e+00 -1.63523655e-04 
 1.12250000e+00  1.12250000e+00  2.27964986e+00 -1.64517846e-04 
 1.12500000e+00  1.12500000e+00  2.27737919e+00 -1.65513860e-04 
 1.12750000e+00  1.12750000e+00  2.27508347e+00 -1.66511686e-04 
 1.13000000e+00  1.13000000e+00  2.27276224e+00 -1.67511311e-04 
 1.13250000e+00  1.13250000e+00  2.27041502e+00 -1.68512723e-04 
 1.13500000e+00  1.13500000e+00  2.26804130e+00 -1.69515909e-04 
 1.13750000e+00  1.13750000e+00  2.26564057e+00 -1.70520857e-04 
 1.14000000e+00  1.14000000e+00  2.26321229e+00 -1.71527554e-04 
 1.14250000e+00  1.14250000e+00  2.26075591e+00 -1.72535987e-04 
 1.14500000e+00  1.14500000e+00  2.25827085e+00 -1.73546143e-04 
 1.14750000e+00  1.14750000e+00  2.25575653e+00 -1.74558009e-04 
 1.15000000e+00  1.15000000e+00  2.25321233e+00 -1.75571571e-04 
 1.15250000e+00  1.15250000e+00  2.25063762e+00 -1.76586815e-04 
 1.15500000e+00  1.15500000e+00  2.24803175e+00 -1.77603727e-04 
 1.15750000e+00  1.15750000e+00  2.24539404e+00 -1.78622294e-04 
 1.16000000e+00  1.16000000e+00  2.24272378e+00 -1.79642502e-04 
 1.16250000e+00  1.16250000e+00  2.24002024e+00 -1.80664334e-04 
 1.16500000e+00  1.16500000e+00  2.23728267e+00 -1.81687778e-04 
 1.16750000e+00  1.16750000e+00  2.23451028e+00 -1.82712816e-04 
 1.17000000e+00  1.17000000e+00  2.23170225e+00 -1.83739435e-04 
 1.17250000e+00  1.17250000e+00  2.22885773e+00 -1.84767619e-04 
 1.17500000e+00  1.17500000e+00  2.22597585e+00 -1.85797350e-04 
 1.17750000e+00  1.17750000e+00  2.22305567e+00 -1.86828613e-04 
 1.18000000e+00  1.18000000e+00  2.22009626e+00 -1.87861392e-04 
 1.18250000e+00  1.18250000e+00  2.21709660e+00 -1.88895668e-04 
 1.18500000e+00  1.18500000e+00  2.21405566e+00 -1.89931425e-04 
 1.18750000e+00  1.18750000e+00  2.21097236e+00 -1.90968644e-04 
 1.19000000e+00  1.19000000e+00  2.20784556e+00 -1.92007307e-04 
 1.19250000e+00  1.19250000e+00  2.20467407e+00 -1.93047395e-04 
 1.19500000e+00  1.19500000e+00  2.20145668e+00 -1.94088889e-04 
 1.19750000e+00  1.19750000e+00  2.19819207e+00 -1.95131767e-04 
 1.20000000e+00  1.20000000e+00  2.19487889e+00 -1.96176011e-04 
 1.20250000e+00  1.20250000e+00  2.19151573e+00 -1.97221598e-04 
 1.20500000e+00  1.20500000e+00  2.18810109e+00 -1.98268506e-04 
 1.20750000e+00  1.20750000e+00  2.18463341e+00 -1.99316714e-04 
 1.21000000e+00  1.21000000e+00  2.18111103e+00 -2.00366196e-04 
 1.21250000e+00  1.21250000e+00  2.17753224e+00 -2.01416930e-04 
 1.21500000e+00  1.21500000e+00  2.17389520e+00 -2.02468889e-04 
 1.21750000e+00  1.21750000e+00  2.17019799e+00 -2.03522048e-04 
 1.22000000e+00  1.22000000e+00  2.16643859e+00 -2.04576379e-04 
 1.22250000e+00  1.22250000e+00  2.16261485e+00 -2.05631854e-04 
 1.22500000e+00  1.22500000e+00  2.15872450e+00 -2.06688444e-04 
 1.22750000e+00  1.22750000e+00  2.15476514e+00 -2.07746117e-04 
 1.23000000e+00  1.23000000e+00  2.15073421e+00 -2.08804841e-04 
 1.23250000e+00  1.23250000e+00  2.14662900e+00 -2.09864583e-04 
 1.23500000e+00  1.23500000e+00  2.14244664e+00 -2.10925307e-04 
 1.23750000e+00  1.23750000e+00  2.13818406e+00 -2.11986974e-04 
 1.24000000e+00  1.24000000e+00  2.13383796e+00 -2.13049547e-04 
 1.24250000e+00  1.24250000e+00  2.12940485e+00 -2.14112984e-04 
 1.24500000e+00  1.24500000e+00  2.12488098e+00 -2.15177239e-04 
 1.24750000e+00  1.24750000e+00  2.12026231e+00 -2.16242268e-04 
 1.25000000e+00  1.25000000e+00  2.11554451e+00 -2.17308019e-04 
 1.25250000e+00  1.25250000e+00  2.11072292e+00 -2.18374441e-04 
 1.25500000e+00  1.25500000e+00  2.10579249e+00 -2.19441476e-04 
 1.25750000e+00  1.25750000e+00  2.10074776e+00 -2.20509065e-04 
 1.26000000e+00  1.26000000e+00  2.09558280e+00 -2.21577142e-04 
 1.26250000e+00  1.26250000e+00  2.09029118e+00 -2.22645638e-04 
 1.26500000e+00  1.26500000e+00  2.08486584e+00 -2.23714476e-04 
 1.26750000e+00  1.26750000e+00  2.07929908e+00 -2.24783575e-04 
 1.27000000e+00  1.27000000e+00  2.07358242e+00 -2.25852844e-04 
 1.27250000e+00  1.27250000e+00  2.06770652e+00 -2.26922188e-04 
 1.27500000e+00  1.27500000e+00  2.06166105e+00 -2.27991498e-04 
 1.27750000e+00  1.27750000e+00  2.05543448e+00 -2.29060656e-04 
 1.28000000e+00  1.28000000e+00  2.04901399e+00 -2.30129531e-04 
 1.28250000e+00  1.28250000e+00  2.04238514e+00 -2.31197977e-04 
 1.28500000e+00  1.28500000e+00  2.03553164e+00 -2.32265831e-04 
 1.28750000e+00  1.28750000e+00  2.02843500e+00 -2.33332908e-04 
 1.29000000e+00  1.29000000e+00  2.02107406e+00 -2.34398999e-04 
 1.29250000e+00  1.29250000e+00  2.01342443e+00 -2.35463864e-04 
 1.29500000e+00  1.29500000e+00  2.00545778e+00 -2.36527225e-04 
 1.29750000e+00  1.29750000e+00  1.99714087e+00 -2.37588761e-04 
 1.30000000e+00  1.30000000e+00  1.98843429e+00 -2.38648091e-04 
 1.30250000e+00  1.30250000e+00  1.97929071e+00 -2.39704760e-04 
 1.30500000e+00  1.30500000e+00  1.96965252e+00 -2.40758218e-04 
 1.30750000e+00  1.30750000e+00  1.95944838e+00 -2.41807788e-04 
 1.31000000e+00  1.31000000e+00  1.94858821e+00 -2.42852618e-04 
 1.31250000e+00  1.31250000e+00  1.93695557e+00 -2.43891613e-04 
 1.31500000e+00  1.31500000e+00  1.92439555e+00 -2.44923323e-04 
 1.31750000e+00  1.31750000e+00  1.91069447e+00 -2.45945756e-04 
 1.32000000e+00  1.32000000e+00  1.89554369e+00 -2.46956047e-04 
 1.32250000e+00  1.32250000e+00  1.87846913e+00 -2.47949814e-04 
 1.32500000e+00  1.32500000e+00  1.85678568e+00 -2.48902948e-04 
 1.32750000e+00  1.32750000e+00  1.83126800e+00 -2.49821499e-04 
 1.33000000e+00  1.33000000e+00  1.79422600e+00 -2.50635830e-04 
 1.33250000e+00  1.33250000e+00  1.69470204e+00 -2.50882126e-04 
 1.33500000e+00  1.33500000e+00  1.57328433e+00 -2.50924682e-04 
 1.33750000e+00  1.33750000e+00  1.45143114e+00 -2.50946718e-04 
 1.34000000e+00  1.34000000e+00  1.32931233e+00 -2.50954757e-04 
 1.34250000e+00  1.34250000e+00  1.20693729e+00 -2.50948725e-04 
 1.34500000e+00  1.34500000e+00  1.08431562e+00 -2.50928539e-04 
 1.34750000e+00  1.34750000e+00  9.61457087e-01 -2.50894113e-04 
 1.35000000e+00  1.35000000e+00  8.50519518e-01 -2.50670397e-04 
 1.35250000e+00  1.35250000e+00  8.02125410e-01 -2.49590372e-04 
 1.35500000e+00  1.35500000e+00  7.69586420e-01 -2.48293253e-04 
 1.35750000e+00  1.35750000e+00  7.43739485e-01 -2.46906376e-04 
 1.36000000e+00  1.36000000e+00  7.21687222e-01 -2.45470217e-04 
 1.36250000e+00  1.36250000e+00  7.02234197e-01 -2.44001662e-04 
 1.36500000e+00  1.36500000e+00  6.84696890e-01 -2.42510431e-04 
 1.36750000e+00  1.36750000e+00  6.68646182e-01 -2.41002666e-04 
 1.37000000e+00  1.37000000e+00  6.53234412e-01 -2.39488138e-04 
 1.37250000e+00  1.37250000e+00  6.39495074e-01 -2.37956854e-04 
 1.37500000e+00  1.37500000e+00  6.26528505e-01 -2.36419385e-04 
 1.37750000e+00  1.37750000e+00  6.14270834e-01 -2.34876686e-04 
 1.38000000e+00  1.38000000e+00  6.02630834e-01 -2.33330114e-04 
 1.38250000e+00  1.38250000e+00  5.91537003e-01 -2.31780739e-04 
 1.38500000e+00  1.38500000e+00  5.80930469e-01 -2.30229450e-04 
 1.38750000e+00  1.38750000e+00  5.70762179e-01 -2.28676992e-04 
 1.39000000e+00  1.39000000e+00  5.60990754e-01 -2.27123998e-04 
 1.39250000e+00  1.39250000e+00  5.51580920e-01 -2.25571012e-04 
 1.39500000e+00  1.39500000e+00  5.42502319e-01 -2.24018504e-04 
 1.39750000e+00  1.39750000e+00  5.33728608e-01 -2.22466886e-04 
 1.40000000e+00  1.40000000e+00  5.25236751e-01 -2.20916522e-04 
 1.40250000e+00  1.40250000e+00  5.17006474e-01 -2.19367733e-04 
 1.40500000e+00  1.40500000e+00  5.09019818e-01 -2.17820805e-04 
 1.40750000e+00  1.40750000e+00  5.01260789e-01 -2.16275996e-04 
 1.41000000e+00  1.41000000e+00  4.93715074e-01 -2.14733539e-04 
 1.41250000e+00  1.41250000e+00  4.86369796e-01 -2.13193642e-04 
 1.41500000e+00  1.41500000e+00  4.79213331e-01 -2.11656497e-04 
 1.41750000e+00  1.41750000e+00  4.72235136e-01 -2.10122279e-04 
 1.42000000e+00  1.42000000e+00  4.65425617e-01 -2.08591148e-04 
 1.42250000e+00  1.42250000e+00  4.58776016e-01 -2.07063250e-04 
 1.42500000e+00  1.42500000e+00  4.52278308e-01 -2.05538722e-04 
 1.42750000e+00  1.42750000e+00  4.45925123e-01 -2.04017689e-04 
 1.43000000e+00  1.43000000e+00  4.39709671e-01 -2.02500267e-04 
 1.43250000e+00  1.43250000e+00  4.33625680e-01 -2.00986566e-04 
 1.43500000e+00  1.43500000e+00  4.27667345e-01 -1.99476685e-04 
 1.43750000e+00  1.43750000e+00  4.21829278e-01 -1.97970720e-04 
 1.44000000e+00  1.44000000e+00  4.16106469e-01 -1.96468758e-04 
 1.44250000e+00  1.44250000e+00  4.10494251e-01 -1.94970883e-04 
 1.44500000e+00  1.44500000e+00  4.04988266e-01 -1.93477173e-04 
 1.44750000e+00  1.44750000e+00  3.99584437e-01 -1.91987701e-04 
 1.45000000e+00  1.45000000e+00  3.94278946e-01 -1.90502537e-04 
 1.45250000e+00  1.45250000e+00  3.89068210e-01 -1.89021746e-04 
 1.45500000e+00  1.45500000e+00  3.83948861e-01 -1.87545389e-04 
 1.45750000e+00  1.45750000e+00  3.78917730e-01 -1.86073527e-04 
 1.46000000e+00  1.46000000e+00  3.73971828e-01 -1.84606214e-04 
 1.46250000e+00  1.46250000e+00  3.69108335e-01 -1.83143503e-04 
 1.46500000e+00  1.46500000e+00  3.64324587e-01 -1.81685445e-04 
 1.46750000e+00  1.46750000e+00  3.59618061e-01 -1.80232088e-04 
 1.47000000e+00  1.47000000e+00  3.54986370e-01 -1.78783478e-04 
 1.47250000e+00  1.47250000e+00  3.50427247e-01 -1.77339659e-04 
 1.47500000e+00  1.47500000e+00  3.45938542e-01 -1.75900671e-04 
 1.47750000e+00  1.47750000e+00  3.41518210e-01 -1.74466556e-04 
 1.48000000e+00  1.48000000e+00  3.37164307e-01 -1.73037352e-04 
 1.48250000e+00  1.48250000e+00  3.32874982e-01 -1.71613095e-04 
 1.48500000e+00  1.48500000e+00  3.28648468e-01 -1.70193820e-04 
 1.48750000e+00  1.48750000e+00  3.24483084e-01 -1.68779562e-04 
 1.49000000e+00  1.49000000e+00  3.20377221e-01 -1.67370353e-04 
 1.49250000e+00  1.49250000e+00  3.16329343e-01 -1.65966224e-04 
 1.49500000e+00  1.49500000e+00  3.12337982e-01 -1.64567206e-04 
 1.49750000e+00  1.49750000e+00  3.08401731e-01 -1.63173326e-04 
 1.50000000e+00  1.50000000e+00  3.04519245e-01 -1.61784614e-04 
 1.50250000e+00  1.50250000e+00  3.00689233e-01 -1.60401097e-04 
 1.50500000e+00  1.50500000e+00  2.96910458e-01 -1.59022799e-04 
 1.50750000e+00  1.50750000e+00  2.93181731e-01 -1.57649747e-04 
 1.51000000e+00  1.51000000e+00  2.89501913e-01 -1.56281965e-04 
 1.51250000e+00  1.51250000e+00  2.85869907e-01 -1.54919476e-04 
 1.51500000e+00  1.51500000e+00  2.82284659e-01 -1.53562303e-04 
 1.51750000e+00  1.51750000e+00  2.78745156e-01 -1.52210468e-04 
 1.52000000e+00  1.52000000e+00  2.75250421e-01 -1.50863992e-04 
 1.52250000e+00  1.52250000e+00  2.71799514e-01 -1.49522897e-04 
 1.52500000e+00  1.52500000e+00  2.68391531e-01 -1.48187201e-04 
 1.52750000e+00  1.52750000e+00  2.65025596e-01 -1.46856925e-04 
 1.53000000e+00  1.53000000e+00  2.61700867e-01 -1.45532087e-04 
 1.53250000e+00  1.53250000e+00  2.58416532e-01 -1.44212706e-04 
 1.53500000e+00  1.53500000e+00  2.55171805e-01 -1.42898799e-04 
 1.53750000e+00  1.53750000e+00  2.51965927e-01 -1.41590385e-04 
 1.54000000e+00  1.54000000e+00  2.48798165e-01 -1.40287478e-04 
 1.54250000e+00  1.54250000e+00  2.45667810e-01 -1.38990097e-04 
 1.54500000e+00  1.54500000e+00  2.42574176e-01 -1.37698256e-04 
 1.54750000e+00  1.54750000e+00  2.39516601e-01 -1.36411972e-04 
 1.55000000e+00  1.55000000e+00  2.36494440e-01 -1.35131260e-04 
 1.55250000e+00  1.55250000e+00  2.33507073e-01 -1.33856133e-04 
 1.55500000e+00  1.55500000e+00  2.30553896e-01 -1.32586607e-04 
 1.55750000e+00  1.55750000e+00  2.27634324e-01 -1.31322696e-04 
 1.56000000e+00  1.56000000e+00  2.24747792e-01 -1.30064412e-04 
 1.56250000e+00  1.56250000e+00  2.21893749e-01 -1.28811770e-04 
 1.56500000e+00  1.56500000e+00  2.19071662e-01 -1.27564782e-04 
 1.56750000e+00  1.56750000e+00  2.16281014e-01 -1.26323461e-04 
 1.57000000e+00  1.57000000e+00  2.13521302e-01 -1.25087820e-04 
 1.57250000e+00  1.57250000e+00  2.10792038e-01 -1.23857870e-04 
 1.57500000e+00  1.57500000e+00  2.08092747e-01 -1.22633622e-04 
 1.57750000e+00  1.57750000e+00  2.05422970e-01 -1.21415090e-04 
 1.58000000e+00  1.58000000e+00  2.02782257e-01 -1.20202284e-04 
 1.58250000e+00  1.58250000e+00  2.00170173e-01 -1.18995214e-04 
 1.58500000e+00  1.58500000e+00  1.97586294e-01 -1.17793892e-04 
 1.58750000e+00  1.58750000e+00  1.95030208e-01 -1.16598328e-04 
 1.59000000e+00  1.59000000e+00  1.92501513e-01 -1.15408533e-04 
 1.59250000e+00  1.59250000e+00  1.89999818e-01 -1.14224516e-04 
 1.59500000e+00  1.59500000e+00  1.87524743e-01 -1.13046288e-04 
 1.59750000e+00  1.59750000e+00  1.85075916e-01 -1.11873858e-04 
 1.60000000e+00  1.60000000e+00  1.82652978e-01 -1.10707235e-04 
 1.60250000e+00  1.60250000e+00  1.80255575e-01 -1.09546429e-04 
 1.60500000e+00  1.60500000e+00  1.77883365e-01 -1.08391449e-04 
 1.60750000e+00  1.60750000e+00  1.75536012e-01 -1.07242304e-04 
 1.61000000e+00  1.61000000e+00  1.73213191e-01 -1.06099002e-04 
 1.61250000e+00  1.61250000e+00  1.70914583e-01 -1.04961552e-04 
 1.61500000e+00  1.61500000e+00  1.68639878e-01 -1.03829963e-04 
 1.61750000e+00  1.61750000e+00  1.66388771e-01 -1.02704242e-04 
 1.62000000e+00  1.62000000e+00  1.64160969e-01 -1.01584398e-04 
 1.62250000e+00  1.62250000e+00  1.61956180e-01 -1.00470438e-04 
 1.62500000e+00  1.62500000e+00  1.59774124e-01 -9.93623707e-05 
 1.62750000e+00  1.62750000e+00  1.57614525e-01 -9.82602032e-05 
 1.63000000e+00  1.63000000e+00  1.55477113e-01 -9.71639430e-05 
 1.63250000e+00  1.63250000e+00  1.53361625e-01 -9.60735974e-05 
 1.63500000e+00  1.63500000e+00  1.51267804e-01 -9.49891737e-05 
 1.63750000e+00  1.63750000e+00  1.49195399e-01 -9.39106789e-05 
 1.64000000e+00  1.64000000e+00  1.47144163e-01 -9.28381200e-05 
 1.64250000e+00  1.64250000e+00  1.45113857e-01 -9.17715037e-05 
 1.64500000e+00  1.64500000e+00  1.43104245e-01 -9.07108367e-05 
 1.64750000e+00  1.64750000e+00  1.41115098e-01 -8.96561255e-05 
 1.65000000e+00  1.65000000e+00  1.39146189e-01 -8.86073768e-05 
 1.65250000e+00  1.65250000e+00  1.37197300e-01 -8.75645967e-05 
 1.65500000e+00  1.65500000e+00  1.35268213e-01 -8.65277915e-05 
 1.65750000e+00  1.65750000e+00  1.33358719e-01 -8.54969673e-05 
 1.66000000e+00  1.66000000e+00  1.31468611e-01 -8.44721302e-05 
 1.66250000e+00  1.66250000e+00  1.29597686e-01 -8.34532860e-05 
 1.66500000e+00  1.66500000e+00  1.27745747e-01 -8.24404407e-05 
 1.66750000e+00  1.66750000e+00  1.25912598e-01 -8.14335998e-05 
 1.67000000e+00  1.67000000e+00  1.24098050e-01 -8.04327690e-05 
 1.67250000e+00  1.67250000e+00  1.22301916e-01 -7.94379539e-05 
 1.67500000e+00  1.67500000e+00  1.20524015e-01 -7.84491598e-05 
 1.67750000e+00  1.67750000e+00  1.18764166e-01 -7.74663922e-05 
 1.68000000e+00  1.68000000e+00  1.17022194e-01 -7.64896562e-05 
 1.68250000e+00  1.68250000e+00  1.15297928e-01 -7.55189572e-05 
 1.68500000e+00  1.68500000e+00  1.13591198e-01 -7.45543001e-05 
 1.68750000e+00  1.68750000e+00  1.11901839e-01 -7.35956899e-05 
 1.69000000e+00  1.69000000e+00  1.10229689e-01 -7.26431317e-05 
 1.69250000e+00  1.69250000e+00  1.08574589e-01 -7.16966302e-05 
 1.69500000e+00  1.69500000e+00  1.06936381e-01 -7.07561903e-05 
 1.69750000e+00  1.69750000e+00  1.05314914e-01 -6.98218165e-05 
 1.70000000e+00  1.70000000e+00  1.03710037e-01 -6.88935137e-05 
 1.70250000e+00  1.70250000e+00  1.02121601e-01 -6.79712862e-05 
 1.70500000e+00  1.70500000e+00  1.00549463e-01 -6.70551386e-05 
 1.70750000e+00  1.70750000e+00  9.89934790e-02 -6.61450754e-05 
 1.71000000e+00  1.71000000e+00  9.74535105e-02 -6.52411008e-05 
 1.71250000e+00  1.71250000e+00  9.59294200e-02 -6.43432191e-05 
 1.71500000e+00  1.71500000e+00  9.44210728e-02 -6.34514345e-05 
 1.71750000e+00  1.71750000e+00  9.29283365e-02 -6.25657513e-05 
 1.72000000e+00  1.72000000e+00  9.14510813e-02 -6.16861734e-05 
 1.72250000e+00  1.72250000e+00  8.99891794e-02 -6.08127049e-05 
 1.72500000e+00  1.72500000e+00  8.85425055e-02 -5.99453497e-05 
 1.72750000e+00  1.72750000e+00  8.71109362e-02 -5.90841119e-05 
 1.73000000e+00  1.73000000e+00  8.56943504e-02 -5.82289951e-05 
 1.73250000e+00  1.73250000e+00  8.42926290e-02 -5.73800032e-05 
 1.73500000e+00  1.73500000e+00  8.29056551e-02 -5.65371399e-05 
 1.73750000e+00  1.73750000e+00  8.15333137e-02 -5.57004089e-05 
 1.74000000e+00  1.74000000e+00  8.01754915e-02 -5.48698139e-05 
 1.74250000e+00  1.74250000e+00  7.88320775e-02 -5.40453582e-05 
 1.74500000e+00  1.74500000e+00  7.75029623e-02 -5.32270456e-05 
 1.74750000e+00  1.74750000e+00  7.61880384e-02 -5.24148794e-05 
 1.75000000e+00  1.75000000e+00  7.48872000e-02 -5.16088630e-05 
 1.75250000e+00  1.75250000e+00  7.36003430e-02 -5.08089999e-05 
 1.75500000e+00  1.75500000e+00  7.23273653e-02 -5.00152932e-05 
 1.75750000e+00  1.75750000e+00  7.10681660e-02 -4.92277463e-05 
 1.76000000e+00  1.76000000e+00  6.98226462e-02 -4.84463624e-05 
 1.76250000e+00  1.76250000e+00  6.85907084e-02 -4.76711447e-05 
 1.76500000e+00  1.76500000e+00  6.73722568e-02 -4.69020961e-05 
 1.76750000e+00  1.76750000e+00  6.61671968e-02 -4.61392199e-05 
 1.77000000e+00  1.77000000e+00  6.49754357e-02 -4.53825191e-05 
 1.77250000e+00  1.77250000e+00  6.37968821e-02 -4.46319965e-05 
 1.77500000e+00  1.77500000e+00  6.26314458e-02 -4.38876553e-05 
 1.77750000e+00  1.77750000e+00  6.14790384e-02 -4.31494981e-05 
 1.78000000e+00  1.78000000e+00  6.03395725e-02 -4.24175280e-05 
 1.78250000e+00  1.78250000e+00  5.92129623e-02 -4.16917477e-05 
 1.78500000e+00  1.78500000e+00  5.80991232e-02 -4.09721600e-05 
 1.78750000e+00  1.78750000e+00  5.69979719e-02 -4.02587676e-05 
 1.79000000e+00  1.79000000e+00  5.59094264e-02 -3.95515731e-05 
 1.79250000e+00  1.79250000e+00  5.48334058e-02 -3.88505793e-05 
 1.79500000e+00  1.79500000e+00  5.37698307e-02 -3.81557888e-05 
 1.79750000e+00  1.79750000e+00  5.27186225e-02 -3.74672040e-05 
 1.80000000e+00  1.80000000e+00  5.16797041e-02 -3.67848276e-05 
 1.80250000e+00  1.80250000e+00  5.06529994e-02 -3.61086620e-05 
 1.80500000e+00  1.80500000e+00  4.96384334e-02 -3.54387098e-05 
 1.80750000e+00  1.80750000e+00  4.86359322e-02 -3.47749732e-05 
 1.81000000e+00  1.81000000e+00  4.76454231e-02 -3.41174547e-05 
 1.81250000e+00  1.81250000e+00  4.66668342e-02 -3.34661566e-05 
 1.81500000e+00  1.81500000e+00  4.57000949e-02 -3.28210813e-05 
 1.81750000e+00  1.81750000e+00  4.47451355e-02 -3.21822310e-05 
 1.82000000e+00  1.82000000e+00  4.38018872e-02 -3.15496080e-05 
 1.82250000e+00  1.82250000e+00  4.28702825e-02 -3.09232144e-05 
 1.82500000e+00  1.82500000e+00  4.19502544e-02 -3.03030525e-05 
 1.82750000e+00  1.82750000e+00  4.10417373e-02 -2.96891244e-05 
 1.83000000e+00  1.83000000e+00  4.01446661e-02 -2.90814322e-05 
 1.83250000e+00  1.83250000e+00  3.92589770e-02 -2.84799780e-05 
 1.83500000e+00  1.83500000e+00  3.83846068e-02 -2.78847637e-05 
 1.83750000e+00  1.83750000e+00  3.75214933e-02 -2.72957915e-05 
 1.84000000e+00  1.84000000e+00  3.66695752e-02 -2.67130634e-05 
 1.84250000e+00  1.84250000e+00  3.58287919e-02 -2.61365812e-05 
 1.84500000e+00  1.84500000e+00  3.49990838e-02 -2.55663469e-05 
 1.84750000e+00  1.84750000e+00  3.41803919e-02 -2.50023623e-05 
 1.85000000e+00  1.85000000e+00  3.33726583e-02 -2.44446294e-05 
 1.85250000e+00  1.85250000e+00  3.25758256e-02 -2.38931500e-05 
 1.85500000e+00  1.85500000e+00  3.17898373e-02 -2.33479259e-05 
 1.85750000e+00  1.85750000e+00  3.10146376e-02 -2.28089588e-05 
 1.86000000e+00  1.86000000e+00  3.02501716e-02 -2.22762504e-05 
 1.86250000e+00  1.86250000e+00  2.94963849e-02 -2.17498026e-05 
 1.86500000e+00  1.86500000e+00  2.87532241e-02 -2.12296170e-05 
 1.86750000e+00  1.86750000e+00  2.80206361e-02 -2.07156953e-05 
 1.87000000e+00  1.87000000e+00  2.72985690e-02 -2.02080390e-05 
 1.87250000e+00  1.87250000e+00  2.65869711e-02 -1.97066498e-05 
 1.87500000e+00  1.87500000e+00  2.58857917e-02 -1.92115293e-05 
 1.87750000e+00  1.87750000e+00  2.51949807e-02 -1.87226790e-05 
 1.88000000e+00  1.88000000e+00  2.45144886e-02 -1.82401005e-05 
 1.88250000e+00  1.88250000e+00  2.38442665e-02 -1.77637953e-05 
 1.88500000e+00  1.88500000e+00  2.31842661e-02 -1.72937647e-05 
 1.88750000e+00  1.88750000e+00  2.25344400e-02 -1.68300104e-05 
 1.89000000e+00  1.89000000e+00  2.18947410e-02 -1.63725336e-05 
 1.89250000e+00  1.89250000e+00  2.12651227e-02 -1.59213359e-05 
 1.89500000e+00  1.89500000e+00  2.06455395e-02 -1.54764185e-05 
 1.89750000e+00  1.89750000e+00  2.00359459e-02 -1.50377828e-05 
 1.90000000e+00  1.90000000e+00  1.94362974e-02 -1.46054302e-05 
 1.90250000e+00  1.90250000e+00  1.88465499e-02 -1.41793620e-05 
 1.90500000e+00  1.90500000e+00  1.82666597e-02 -1.37595793e-05 
 1.90750000e+00  1.90750000e+00  1.76965840e-02 -1.33460836e-05 
 1.91000000e+00  1.91000000e+00  1.71362801e-02 -1.29388759e-05 
 1.91250000e+00  1.91250000e+00  1.65857062e-02 -1.25379576e-05 
 1.91500000e+00  1.91500000e+00  1.60448208e-02 -1.21433298e-05 
 1.91750000e+00  1.91750000e+00  1.55135830e-02 -1.17549936e-05 
 1.92000000e+00  1.92000000e+00  1.49919524e-02 -1.13729502e-05 
 1.92250000e+00  1.92250000e+00  1.44798891e-02 -1.09972008e-05 
 1.92500000e+00  1.92500000e+00  1.39773535e-02 -1.06277463e-05 
 1.92750000e+00  1.92750000e+00  1.34843068e-02 -1.02645879e-05 
 1.93000000e+00  1.93000000e+00  1.30007105e-02 -9.90772665e-06 
 1.93250000e+00  1.93250000e+00  1.25265264e-02 -9.55716352e-06 
 1.93500000e+00  1.93500000e+00  1.20617172e-02 -9.21289955e-06 
 1.93750000e+00  1.93750000e+00  1.16062455e-02 -8.87493571e-06 
 1.94000000e+00  1.94000000e+00  1.11600748e-02 -8.54327296e-06 
 1.94250000e+00  1.94250000e+00  1.07231689e-02 -8.21791226e-06 
 1.94500000e+00  1.94500000e+00  1.02954919e-02 -7.89885451e-06 
 1.94750000e+00  1.94750000e+00  9.87700840e-03 -7.58610061e-06 
 1.95000000e+00  1.95000000e+00  9.46768350e-03 -7.27965145e-06 
 1.95250000e+00  1.95250000e+00  9.06748262e-03 -6.97950788e-06 
 1.95500000e+00  1.95500000e+00  8.67637163e-03 -6.68567073e-06 
 1.95750000e+00  1.95750000e+00  8.29431678e-03 -6.39814083e-06 
 1.96000000e+00  1.96000000e+00  7.92128473e-03 -6.11691898e-06 
 1.96250000e+00  1.96250000e+00  7.55724250e-03 -5.84200594e-06 
 1.96500000e+00  1.96500000e+00  7.20215754e-03 -5.57340247e-06 
 1.96750000e+00  1.96750000e+00  6.85599763e-03 -5.31110932e-06 
 1.97000000e+00  1.97000000e+00  6.51873096e-03 -5.05512720e-06 
 1.97250000e+00  1.97250000e+00  6.19032606e-03 -4.80545681e-06 
 1.97500000e+00  1.97500000e+00  5.87075184e-03 -4.56209882e-06 
 1.97750000e+00  1.97750000e+00  5.55997757e-03 -4.32505391e-06 
 1.98000000e+00  1.98000000e+00  5.25797285e-03 -4.09432270e-06 
 1.98250000e+00  1.98250000e+00  4.96470765e-03 -3.86990582e-06 
 1.98500000e+00  1.98500000e+00  4.68015228e-03 -3.65180388e-06 
 1.98750000e+00  1.98750000e+00  4.40427737e-03 -3.44001745e-06 
 1.99000000e+00  1.99000000e+00  4.13705390e-03 -3.23454711e-06 
 1.99250000e+00  1.99250000e+00  3.88275507e-03 -3.03855184e-06 
 1.99500000e+00  1.99500000e+00  3.63273464e-03 -2.84571555e-06 
 1.99750000e+00  1.99750000e+00  3.39128070e-03 -2.65919692e-06 
 2.00000000e+00  2.00000000e+00  3.15836551e-03 -2.47899645e-06 
 2.00250000e+00  2.00250000e+00  2.93396164e-03 -2.30511460e-06 
 2.00500000e+00  2.00500000e+00  2.71804197e-03 -2.13755184e-06 
 2.00750000e+00  2.00750000e+00  2.51057968e-03 -1.97630861e-06 
 2.01000000e+00  2.01000000e+00  2.31154827e-03 -1.82138533e-06 
 2.01250000e+00  2.01250000e+00  2.12092150e-03 -1.67278239e-06 
 2.01500000e+00  2.01500000e+00  1.93867346e-03 -1.53050019e-06 
 2.01750000e+00  2.01750000e+00  1.76477850e-03 -1.39453910e-06 
 2.02000000e+00  2.02000000e+00  1.59921127e-03 -1.26489947e-06 
 2.02250000e+00  2.02250000e+00  1.44194668e-03 -1.14158163e-06 
 2.02500000e+00  2.02500000e+00  1.29295994e-03 -1.02458590e-06 
 2.02750000e+00  2.02750000e+00  1.15222652e-03 -9.13912574e-07 
 2.03000000e+00  2.03000000e+00  1.01972216e-03 -8.09561945e-07 
 2.03250000e+00  2.03250000e+00  8.95422881e-04 -7.11534276e-07 
 2.03500000e+00  2.03500000e+00  7.79304946e-04 -6.19829816e-07 
 2.03750000e+00  2.03750000e+00  6.71344889e-04 -5.34448798e-07 
 2.04000000e+00  2.04000000e+00  5.71519499e-04 -4.55391440e-07 
 2.04250000e+00  2.04250000e+00  4.79805818e-04 -3.82657940e-07 
 2.04500000e+00  2.04500000e+00  3.96181136e-04 -3.16248482e-07 
 2.04750000e+00  2.04750000e+00  3.20622993e-04 -2.56163234e-07 
 2.05000000e+00  2.05000000e+00  2.53109172e-04 -2.02402347e-07 
 2.05250000e+00  2.05250000e+00  1.93617694e-04 -1.54965954e-07 
 2.05500000e+00  2.05500000e+00  1.42126823e-04 -1.13854175e-07 
 2.05750000e+00  2.05750000e+00  9.86150547e-05 -7.90671130e-08 
 2.06000000e+00  2.06000000e+00  6.30611175e-05 -5.06048534e-08 
 2.06250000e+00  2.06250000e+00  3.54439698e-05 -2.84674673e-08 
 2.06500000e+00  2.06500000e+00  1.57427964e-05 -1.26550096e-08 
 2.06750000e+00  2.06750000e+00  3.93700625e-06 -3.16751934e-09 
 2.07000000e+00  2.07000000e+00  6.22724735e-09 -5.01999999e-12 
 2.07250000e+00  2.07250000e+00  6.22890647e-09 -5.01999990e-12 
 2.07500000e+00  2.07500000e+00  6.22361979e-09 -5.01999999e-12 
 2.07750000e+00  2.07750000e+00  6.21835761e-09 -5.01999999e-12 
 2.08000000e+00  2.08000000e+00  6.21311137e-09 -5.01999999e-12 
 2.08250000e+00  2.08250000e+00  6.20788100e-09 -5.01999999e-12 
 2.08500000e+00  2.08500000e+00  6.20266642e-09 -5.01999999e-12 
 2.08750000e+00  2.08750000e+00  6.19746758e-09 -5.01999999e-12 
 2.09000000e+00  2.09000000e+00  6.19228440e-09 -5.01999999e-12 
 2.09250000e+00  2.09250000e+00  6.18711681e-09 -5.01999999e-12 
 2.09500000e+00  2.09500000e+00  6.18196473e-09 -5.01999999e-12 
 2.09750000e+00  2.09750000e+00  6.17682811e-09 -5.01999999e-12 
 2.10000000e+00  2.10000000e+00  6.17170686e-09 -5.01999999e-12 
 2.10250000e+00  2.10250000e+00  6.16660092e-09 -5.01999999e-12 
 2.10500000e+00  2.10500000e+00  6.16151022e-09 -5.01999999e-12 
 2.10750000e+00  2.10750000e+00  6.15643470e-09 -5.01999999e-12 
 2.11000000e+00  2.11000000e+00  6.15137428e-09 -5.01999999e-12 
 2.11250000e+00  2.11250000e+00  6.14632890e-09 -5.01999999e-12 
 2.11500000e+00  2.11500000e+00  6.14129850e-09 -5.01999999e-12 
 2.11750000e+00  2.11750000e+00  6.13628299e-09 -5.01999999e-12 
 2.12000000e+00  2.12000000e+00  6.13128233e-09 -5.01999999e-12 
 2.12250000e+00  2.12250000e+00  6.12629644e-09 -5.01999999e-12 
 2.12500000e+00  2.12500000e+00  6.12132525e-09 -5.01999999e-12 
 2.12750000e+00  2.12750000e+00  6.11636871e-09 -5.01999999e-12 
 2.13000000e+00  2.13000000e+00  6.11142675e-09 -5.01999999e-12 
 2.13250000e+00  2.13250000e+00  6.10649930e-09 -5.01999999e-12 
 2.13500000e+00  2.13500000e+00  6.10158630e-09 -5.01999999e-12 
 2.13750000e+00  2.13750000e+00  6.09668768e-09 -5.01999999e-12 
 2.14000000e+00  2.14000000e+00  6.09180340e-09 -5.01999999e-12 
 2.14250000e+00  2.14250000e+00  6.08693337e-09 -5.01999999e-12 
 2.14500000e+00  2.14500000e+00  6.08207753e-09 -5.01999999e-12 
 2.14750000e+00  2.14750000e+00  6.07723584e-09 -5.01999999e-12 
 2.15000000e+00  2.15000000e+00  6.07240822e-09 -5.01999999e-12 
 2.15250000e+00  2.15250000e+00  6.06759461e-09 -5.01999999e-12 
 2.15500000e+00  2.15500000e+00  6.06279496e-09 -5.01999999e-12 
 2.15750000e+00  2.15750000e+00  6.05800920e-09 -5.01999999e-12 
 2.16000000e+00  2.16000000e+00  6.05323726e-09 -5.01999999e-12 
 2.16250000e+00  2.16250000e+00  6.04847910e-09 -5.01999999e-12 
 2.16500000e+00  2.16500000e+00  6.04373466e-09 -5.01999999e-12 
 2.16750000e+00  2.16750000e+00  6.03900386e-09 -5.01999999e-12 
 2.17000000e+00  2.17000000e+00  6.03428666e-09 -5.01999999e-12 
 2.17250000e+00  2.17250000e+00  6.02958300e-09 -5.01999999e-12 
 2.17500000e+00  2.17500000e+00  6.02489281e-09 -5.01999999e-12 
 2.17750000e+00  2.17750000e+00  6.02021604e-09 -5.01999999e-12 
 2.18000000e+00  2.18000000e+00  6.01555264e-09 -5.01999999e-12 
 2.18250000e+00  2.18250000e+00  6.01090254e-09 -5.01999999e-12 
 2.18500000e+00  2.18500000e+00  6.00626569e-09 -5.01999999e-12 
 2.18750000e+00  2.18750000e+00  6.00164203e-09 -5.01999999e-12 
 2.19000000e+00  2.19000000e+00  5.99703150e-09 -5.01999999e-12 
 2.19250000e+00  2.19250000e+00  5.99243406e-09 -5.01999999e-12 
 2.19500000e+00  2.19500000e+00  5.98784963e-09 -5.01999999e-12 
 2.19750000e+00  2.19750000e+00  5.98327818e-09 -5.01999999e-12 
 2.20000000e+00  2.20000000e+00  5.97871964e-09 -5.01999999e-12 
 2.20250000e+00  2.20250000e+00  5.97417396e-09 -5.01999999e-12 
 2.20500000e+00  2.20500000e+00  5.96964108e-09 -5.01999999e-12 
 2.20750000e+00  2.20750000e+00  5.96512096e-09 -5.01999999e-12 
 2.21000000e+00  2.21000000e+00  5.96061353e-09 -5.01999999e-12 
 2.21250000e+00  2.21250000e+00  5.95611874e-09 -5.01999999e-12 
 2.21500000e+00  2.21500000e+00  5.95163655e-09 -5.01999999e-12 
 2.21750000e+00  2.21750000e+00  5.94716689e-09 -5.01999999e-12 
 2.22000000e+00  2.22000000e+00  5.94270972e-09 -5.01999999e-12 
 2.22250000e+00  2.22250000e+00  5.93826498e-09 -5.01999999e-12 
 2.22500000e+00  2.22500000e+00  5.93383262e-09 -5.01999999e-12 
 2.22750000e+00  2.22750000e+00  5.92941259e-09 -5.01999999e-12 
 2.23000000e+00  2.23000000e+00  5.92500484e-09 -5.01999999e-12 
 2.23250000e+00  2.23250000e+00  5.92060931e-09 -5.01999999e-12 
 2.23500000e+00  2.23500000e+00  5.91622597e-09 -5.01999999e-12 
 2.23750000e+00  2.23750000e+00  5.91185474e-09 -5.01999999e-12 
 2.24000000e+00  2.24000000e+00  5.90749559e-09 -5.01999999e-12 
 2.24250000e+00  2.24250000e+00  5.90314847e-09 -5.01999999e-12 
 2.24500000e+00  2.24500000e+00  5.89881332e-09 -5.01999999e-12 
 2.24750000e+00  2.24750000e+00  5.89449010e-09 -5.01999999e-12 
 2.25000000e+00  2.25000000e+00  5.89017875e-09 -5.01999999e-12 
 2.25250000e+00  2.25250000e+00  5.88587924e-09 -5.01999999e-12 
 2.25500000e+00  2.25500000e+00  5.88159150e-09 -5.01999999e-12 
 2.25750000e+00  2.25750000e+00  5.87731549e-09 -5.01999999e-12 
 2.26000000e+00  2.26000000e+00  5.87305117e-09 -5.01999999e-12 
 2.26250000e+00  2.26250000e+00  5.86879848e-09 -5.01999999e-12 
 2.26500000e+00  2.26500000e+00  5.86455738e-09 -5.01999999e-12 
 2.26750000e+00  2.26750000e+00  5.86032782e-09 -5.01999999e-12 
 2.27000000e+00  2.27000000e+00  5.85610975e-09 -5.01999999e-12 
 2.27250000e+00  2.27250000e+00  5.85190313e-09 -5.01999999e-12 
 2.27500000e+00  2.27500000e+00  5.84770791e-09 -5.01999999e-12 
 2.27750000e+00  2.27750000e+00  5.84352405e-09 -5.01999999e-12 
 2.28000000e+00  2.28000000e+00  5.83935149e-09 -5.01999999e-12 
 2.28250000e+00  2.28250000e+00  5.83519019e-09 -5.01999999e-12 
 2.28500000e+00  2.28500000e+00  5.83104011e-09 -5.01999999e-12 
 2.28750000e+00  2.28750000e+00  5.82690120e-09 -5.01999999e-12 
 2.29000000e+00  2.29000000e+00  5.82277342e-09 -5.01999999e-12 
 2.29250000e+00  2.29250000e+00  5.81865671e-09 -5.01999999e-12 
 2.29500000e+00  2.29500000e+00  5.81455105e-09 -5.01999999e-12 
 2.29750000e+00  2.29750000e+00  5.81045637e-09 -5.01999999e-12 
 2.30000000e+00  2.30000000e+00  5.80637265e-09 -5.01999999e-12 
 2.30250000e+00  2.30250000e+00  5.80229983e-09 -5.01999999e-12 
 2.30500000e+00  2.30500000e+00  5.79823787e-09 -5.01999999e-12 
 2.30750000e+00  2.30750000e+00  5.79418673e-09 -5.01999999e-12 
 2.31000000e+00  2.31000000e+00  5.79014636e-09 -5.01999999e-12 
 2.31250000e+00  2.31250000e+00  5.78611672e-09 -5.01999999e-12 
 2.31500000e+00  2.31500000e+00  5.78209777e-09 -5.01999999e-12 
 2.31750000e+00  2.31750000e+00  5.77808947e-09 -5.01999999e-12 
 2.32000000e+00  2.32000000e+00  5.77409177e-09 -5.01999999e-12 
 2.32250000e+00  2.32250000e+00  5.77010464e-09 -5.01999999e-12 
 2.32500000e+00  2.32500000e+00  5.76612802e-09 -5.01999999e-12 
 2.32750000e+00  2.32750000e+00  5.76216188e-09 -5.01999999e-12 
 2.33000000e+00  2.33000000e+00  5.75820618e-09 -5.01999999e-12 
 2.33250000e+00  2.33250000e+00  5.75426088e-09 -5.01999999e-12 
 2.33500000e+00  2.33500000e+00  5.75032593e-09 -5.01999999e-12 
 2.33750000e+00  2.33750000e+00  5.74640129e-09 -5.01999999e-12 
 2.34000000e+00  2.34000000e+00  5.74248693e-09 -5.01999999e-12 
 2.34250000e+00  2.34250000e+00  5.73858280e-09 -5.01999999e-12 
 2.34500000e+00  2.34500000e+00  5.73468887e-09 -5.01999999e-12 
 2.34750000e+00  2.34750000e+00  5.73080509e-09 -5.01999999e-12 
 2.35000000e+00  2.35000000e+00  5.72693142e-09 -5.01999999e-12 
 2.35250000e+00  2.35250000e+00  5.72306783e-09 -5.01999999e-12 
 2.35500000e+00  2.35500000e+00  5.71921427e-09 -5.01999999e-12 
 2.35750000e+00  2.35750000e+00  5.71537071e-09 -5.01999999e-12 
 2.36000000e+00  2.36000000e+00  5.71153711e-09 -5.01999999e-12 
 2.36250000e+00  2.36250000e+00  5.70771343e-09 -5.01999999e-12 
 2.36500000e+00  2.36500000e+00  5.70389962e-09 -5.01999999e-12 
 2.36750000e+00  2.36750000e+00  5.70009566e-09 -5.01999999e-12 
 2.37000000e+00  2.37000000e+00  5.69630150e-09 -5.01999999e-12 
 2.37250000e+00  2.37250000e+00  5.69251711e-09 -5.01999999e-12 
 2.37500000e+00  2.37500000e+00  5.68874245e-09 -5.01999999e-12 
 2.37750000e+00  2.37750000e+00  5.68497747e-09 -5.01999999e-12 
 2.38000000e+00  2.38000000e+00  5.68122215e-09 -5.01999999e-12 
 2.38250000e+00  2.38250000e+00  5.67747645e-09 -5.01999999e-12 
 2.38500000e+00  2.38500000e+00  5.67374033e-09 -5.01999999e-12 
 2.38750000e+00  2.38750000e+00  5.67001375e-09 -5.01999999e-12 
 2.39000000e+00  2.39000000e+00  5.66629668e-09 -5.01999999e-12 
 2.39250000e+00  2.39250000e+00  5.66258907e-09 -5.01999999e-12 
 2.39500000e+00  2.39500000e+00  5.65889090e-09 -5.01999999e-12 
 2.39750000e+00  2.39750000e+00  5.65520213e-09 -5.01999999e-12 
 2.40000000e+00  2.40000000e+00  5.65152273e-09 -5.01999999e-12 
 2.40250000e+00  2.40250000e+00  5.64785264e-09 -5.01999999e-12 
 2.40500000e+00  2.40500000e+00  5.64419185e-09 -5.01999999e-12 
 2.40750000e+00  2.40750000e+00  5.64054032e-09 -5.01999999e-12 
 2.41000000e+00  2.41000000e+00  5.63689801e-09 -5.01999999e-12 
 2.41250000e+00  2.41250000e+00  5.63326488e-09 -5.01999999e-12 
 2.41500000e+00  2.41500000e+00  5.62964090e-09 -5.01999999e-12 
 2.41750000e+00  2.41750000e+00  5.62602604e-09 -5.01999999e-12 
 2.42000000e+00  2.42000000e+00  5.62242027e-09 -5.01999999e-12 
 2.42250000e+00  2.42250000e+00  5.61882354e-09 -5.01999999e-12 
 2.42500000e+00  2.42500000e+00  5.61523583e-09 -5.01999999e-12 
 2.42750000e+00  2.42750000e+00  5.61165709e-09 -5.01999999e-12 
 2.43000000e+00  2.43000000e+00  5.60808731e-09 -5.01999999e-12 
 2.43250000e+00  2.43250000e+00  5.60452643e-09 -5.01999999e-12 
 2.43500000e+00  2.43500000e+00  5.60097444e-09 -5.01999999e-12 
 2.43750000e+00  2.43750000e+00  5.59743130e-09 -5.01999999e-12 
 2.44000000e+00  2.44000000e+00  5.59389696e-09 -5.01999999e-12 
 2.44250000e+00  2.44250000e+00  5.59037141e-09 -5.01999999e-12 
 2.44500000e+00  2.44500000e+00  5.58685461e-09 -5.01999999e-12 
 2.44750000e+00  2.44750000e+00  5.58334652e-09 -5.01999999e-12 
 2.45000000e+00  2.45000000e+00  5.57984712e-09 -5.01999999e-12 
 2.45250000e+00  2.45250000e+00  5.57635636e-09 -5.01999999e-12 
 2.45500000e+00  2.45500000e+00  5.57287423e-09 -5.01999999e-12 
 2.45750000e+00  2.45750000e+00  5.56940068e-09 -5.01999999e-12 
 2.46000000e+00  2.46000000e+00  5.56593569e-09 -5.01999999e-12 
 2.46250000e+00  2.46250000e+00  5.56247922e-09 -5.01999999e-12 
 2.46500000e+00  2.46500000e+00  5.55903125e-09 -5.01999999e-12 
 2.46750000e+00  2.46750000e+00  5.55559173e-09 -5.01999999e-12 
 2.47000000e+00  2.47000000e+00  5.55216065e-09 -5.01999999e-12 
 2.47250000e+00  2.47250000e+00  5.54873796e-09 -5.01999999e-12 
 2.47500000e+00  2.47500000e+00  5.54532365e-09 -5.01999999e-12 
 2.47750000e+00  2.47750000e+00  5.54191767e-09 -5.01999999e-12 
 2.48000000e+00  2.48000000e+00  5.53852000e-09 -5.01999999e-12 
 2.48250000e+00  2.48250000e+00  5.53513061e-09 -5.01999999e-12 
 2.48500000e+00  2.48500000e+00  5.53174946e-09 -5.01999999e-12 
 2.48750000e+00  2.48750000e+00  5.52837653e-09 -5.01999999e-12 
 2.49000000e+00  2.49000000e+00  5.52501178e-09 -5.01999999e-12 
 2.49250000e+00  2.49250000e+00  5.52165519e-09 -5.01999999e-12 
 2.49500000e+00  2.49500000e+00  5.51830673e-09 -5.01999999e-12 
 2.49750000e+00  2.49750000e+00  5.51496637e-09 -5.01999999e-12 
 2.50000000e+00  2.50000000e+00  5.51163408e-09 -5.01999999e-12 
