 v-sweep         v(a)            v(out)          i(vdd)         
 0.00000000e+00  0.00000000e+00  2.50000242e+00 -2.51000609e-12 
 2.50000000e-03  2.50000000e-03  2.50000346e+00 -2.51000436e-12 
 5.00000000e-03  5.00000000e-03  2.50000343e+00 -2.51000262e-12 
 7.50000000e-03  7.50000000e-03  2.50000000e+00 -2.51000089e-12 
 1.00000000e-02  1.00000000e-02  2.50000000e+00 -2.51000089e-12 
 1.25000000e-02  1.25000000e-02  2.50000000e+00 -2.51000262e-12 
 1.50000000e-02  1.50000000e-02  2.50000000e+00 -2.51000262e-12 
 1.75000000e-02  1.75000000e-02  2.50000000e+00 -2.51000262e-12 
 2.00000000e-02  2.00000000e-02  2.50000000e+00 -2.50999742e-12 
 2.25000000e-02  2.25000000e-02  2.50000000e+00 -2.50999915e-12 
 2.50000000e-02  2.50000000e-02  2.50000000e+00 -2.50999742e-12 
 2.75000000e-02  2.75000000e-02  2.50000000e+00 -2.50999915e-12 
 3.00000000e-02  3.00000000e-02  2.50000000e+00 -2.51000089e-12 
 3.25000000e-02  3.25000000e-02  2.50000000e+00 -2.51000089e-12 
 3.50000000e-02  3.50000000e-02  2.50000000e+00 -2.51000089e-12 
 3.75000000e-02  3.75000000e-02  2.50000000e+00 -2.51000436e-12 
 4.00000000e-02  4.00000000e-02  2.50000000e+00 -2.50999915e-12 
 4.25000000e-02  4.25000000e-02  2.50000000e+00 -2.51000089e-12 
 4.50000000e-02  4.50000000e-02  2.50000000e+00 -2.51000089e-12 
 4.75000000e-02  4.75000000e-02  2.50000000e+00 -2.51000262e-12 
 5.00000000e-02  5.00000000e-02  2.50000000e+00 -2.50999915e-12 
 5.25000000e-02  5.25000000e-02  2.50000000e+00 -2.51000089e-12 
 5.50000000e-02  5.50000000e-02  2.50000000e+00 -2.51000089e-12 
 5.75000000e-02  5.75000000e-02  2.50000000e+00 -2.51000089e-12 
 6.00000000e-02  6.00000000e-02  2.50000000e+00 -2.51000089e-12 
 6.25000000e-02  6.25000000e-02  2.50000000e+00 -2.51000262e-12 
 6.50000000e-02  6.50000000e-02  2.50000000e+00 -2.51000089e-12 
 6.75000000e-02  6.75000000e-02  2.50000000e+00 -2.51000089e-12 
 7.00000000e-02  7.00000000e-02  2.50000000e+00 -2.51000262e-12 
 7.25000000e-02  7.25000000e-02  2.50000000e+00 -2.51000089e-12 
 7.50000000e-02  7.50000000e-02  2.50000000e+00 -2.51000089e-12 
 7.75000000e-02  7.75000000e-02  2.50000000e+00 -2.50999915e-12 
 8.00000000e-02  8.00000000e-02  2.50000000e+00 -2.51000089e-12 
 8.25000000e-02  8.25000000e-02  2.50000000e+00 -2.51000089e-12 
 8.50000000e-02  8.50000000e-02  2.50000000e+00 -2.51000262e-12 
 8.75000000e-02  8.75000000e-02  2.50000000e+00 -2.50999915e-12 
 9.00000000e-02  9.00000000e-02  2.50000000e+00 -2.50999915e-12 
 9.25000000e-02  9.25000000e-02  2.50000000e+00 -2.50999915e-12 
 9.50000000e-02  9.50000000e-02  2.50000000e+00 -2.51000262e-12 
 9.75000000e-02  9.75000000e-02  2.50000000e+00 -2.51000089e-12 
 1.00000000e-01  1.00000000e-01  2.50000000e+00 -2.50999915e-12 
 1.02500000e-01  1.02500000e-01  2.50000000e+00 -2.51000089e-12 
 1.05000000e-01  1.05000000e-01  2.50000000e+00 -2.51000089e-12 
 1.07500000e-01  1.07500000e-01  2.50000000e+00 -2.51000262e-12 
 1.10000000e-01  1.10000000e-01  2.50000000e+00 -2.50999915e-12 
 1.12500000e-01  1.12500000e-01  2.50000000e+00 -2.51000089e-12 
 1.15000000e-01  1.15000000e-01  2.50000000e+00 -2.51000089e-12 
 1.17500000e-01  1.17500000e-01  2.50000000e+00 -2.50999915e-12 
 1.20000000e-01  1.20000000e-01  2.50000000e+00 -2.50999915e-12 
 1.22500000e-01  1.22500000e-01  2.50000000e+00 -2.51000089e-12 
 1.25000000e-01  1.25000000e-01  2.50000000e+00 -2.51000262e-12 
 1.27500000e-01  1.27500000e-01  2.50000000e+00 -2.51000089e-12 
 1.30000000e-01  1.30000000e-01  2.50000000e+00 -2.51000089e-12 
 1.32500000e-01  1.32500000e-01  2.50000000e+00 -2.51000089e-12 
 1.35000000e-01  1.35000000e-01  2.50000000e+00 -2.51000089e-12 
 1.37500000e-01  1.37500000e-01  2.50000000e+00 -2.50999915e-12 
 1.40000000e-01  1.40000000e-01  2.50000000e+00 -2.50999915e-12 
 1.42500000e-01  1.42500000e-01  2.50000000e+00 -2.51000089e-12 
 1.45000000e-01  1.45000000e-01  2.50000000e+00 -2.51000089e-12 
 1.47500000e-01  1.47500000e-01  2.50000000e+00 -2.51000262e-12 
 1.50000000e-01  1.50000000e-01  2.50000000e+00 -2.50999915e-12 
 1.52500000e-01  1.52500000e-01  2.50000000e+00 -2.51000089e-12 
 1.55000000e-01  1.55000000e-01  2.50000000e+00 -2.50999915e-12 
 1.57500000e-01  1.57500000e-01  2.50000000e+00 -2.50999915e-12 
 1.60000000e-01  1.60000000e-01  2.50000000e+00 -2.51000262e-12 
 1.62500000e-01  1.62500000e-01  2.50000000e+00 -2.51000089e-12 
 1.65000000e-01  1.65000000e-01  2.50000000e+00 -2.50999915e-12 
 1.67500000e-01  1.67500000e-01  2.50000000e+00 -2.51000262e-12 
 1.70000000e-01  1.70000000e-01  2.50000000e+00 -2.51000089e-12 
 1.72500000e-01  1.72500000e-01  2.50000000e+00 -2.50999915e-12 
 1.75000000e-01  1.75000000e-01  2.50000000e+00 -2.51000262e-12 
 1.77500000e-01  1.77500000e-01  2.50000000e+00 -2.51000089e-12 
 1.80000000e-01  1.80000000e-01  2.50000000e+00 -2.51000089e-12 
 1.82500000e-01  1.82500000e-01  2.50000000e+00 -2.50999915e-12 
 1.85000000e-01  1.85000000e-01  2.50000000e+00 -2.51000089e-12 
 1.87500000e-01  1.87500000e-01  2.50000000e+00 -2.51000089e-12 
 1.90000000e-01  1.90000000e-01  2.50000000e+00 -2.51000089e-12 
 1.92500000e-01  1.92500000e-01  2.50000000e+00 -2.51000089e-12 
 1.95000000e-01  1.95000000e-01  2.50000000e+00 -2.51000089e-12 
 1.97500000e-01  1.97500000e-01  2.50000000e+00 -2.51000262e-12 
 2.00000000e-01  2.00000000e-01  2.50000000e+00 -2.51000262e-12 
 2.02500000e-01  2.02500000e-01  2.50000000e+00 -2.50999742e-12 
 2.05000000e-01  2.05000000e-01  2.50000000e+00 -2.50999915e-12 
 2.07500000e-01  2.07500000e-01  2.50000000e+00 -2.51000089e-12 
 2.10000000e-01  2.10000000e-01  2.50000000e+00 -2.51000089e-12 
 2.12500000e-01  2.12500000e-01  2.50000000e+00 -2.51000089e-12 
 2.15000000e-01  2.15000000e-01  2.50000000e+00 -2.51000262e-12 
 2.17500000e-01  2.17500000e-01  2.50000000e+00 -2.51000089e-12 
 2.20000000e-01  2.20000000e-01  2.50000000e+00 -2.50999915e-12 
 2.22500000e-01  2.22500000e-01  2.50000000e+00 -2.51000262e-12 
 2.25000000e-01  2.25000000e-01  2.50000000e+00 -2.51000262e-12 
 2.27500000e-01  2.27500000e-01  2.50000000e+00 -2.51000262e-12 
 2.30000000e-01  2.30000000e-01  2.50000000e+00 -2.51000262e-12 
 2.32500000e-01  2.32500000e-01  2.50000000e+00 -2.50999915e-12 
 2.35000000e-01  2.35000000e-01  2.50000000e+00 -2.51000262e-12 
 2.37500000e-01  2.37500000e-01  2.50000000e+00 -2.50999915e-12 
 2.40000000e-01  2.40000000e-01  2.50000000e+00 -2.50999742e-12 
 2.42500000e-01  2.42500000e-01  2.50000000e+00 -2.51000089e-12 
 2.45000000e-01  2.45000000e-01  2.50000000e+00 -2.50999915e-12 
 2.47500000e-01  2.47500000e-01  2.50000000e+00 -2.51000089e-12 
 2.50000000e-01  2.50000000e-01  2.50000000e+00 -2.50999915e-12 
 2.52500000e-01  2.52500000e-01  2.50000000e+00 -2.51000089e-12 
 2.55000000e-01  2.55000000e-01  2.50000000e+00 -2.50999915e-12 
 2.57500000e-01  2.57500000e-01  2.50000000e+00 -2.51000262e-12 
 2.60000000e-01  2.60000000e-01  2.50000000e+00 -2.51000089e-12 
 2.62500000e-01  2.62500000e-01  2.50000000e+00 -2.51000089e-12 
 2.65000000e-01  2.65000000e-01  2.50000000e+00 -2.51000089e-12 
 2.67500000e-01  2.67500000e-01  2.50000000e+00 -2.51000089e-12 
 2.70000000e-01  2.70000000e-01  2.50000000e+00 -2.51000262e-12 
 2.72500000e-01  2.72500000e-01  2.50000000e+00 -2.51000262e-12 
 2.75000000e-01  2.75000000e-01  2.50000000e+00 -2.50999915e-12 
 2.77500000e-01  2.77500000e-01  2.50000000e+00 -2.50999915e-12 
 2.80000000e-01  2.80000000e-01  2.50000000e+00 -2.51000089e-12 
 2.82500000e-01  2.82500000e-01  2.50000000e+00 -2.51000089e-12 
 2.85000000e-01  2.85000000e-01  2.50000000e+00 -2.51000262e-12 
 2.87500000e-01  2.87500000e-01  2.50000000e+00 -2.51000089e-12 
 2.90000000e-01  2.90000000e-01  2.50000000e+00 -2.51000262e-12 
 2.92500000e-01  2.92500000e-01  2.50000000e+00 -2.51000089e-12 
 2.95000000e-01  2.95000000e-01  2.50000000e+00 -2.50999915e-12 
 2.97500000e-01  2.97500000e-01  2.50000000e+00 -2.51000176e-12 
 3.00000000e-01  3.00000000e-01  2.50000000e+00 -2.51000176e-12 
 3.02500000e-01  3.02500000e-01  2.50000000e+00 -2.51000089e-12 
 3.05000000e-01  3.05000000e-01  2.50000000e+00 -2.50999915e-12 
 3.07500000e-01  3.07500000e-01  2.50000000e+00 -2.51000262e-12 
 3.10000000e-01  3.10000000e-01  2.50000000e+00 -2.51000176e-12 
 3.12500000e-01  3.12500000e-01  2.50000000e+00 -2.51000089e-12 
 3.15000000e-01  3.15000000e-01  2.50000000e+00 -2.51000089e-12 
 3.17500000e-01  3.17500000e-01  2.50000000e+00 -2.51000002e-12 
 3.20000000e-01  3.20000000e-01  2.50000000e+00 -2.51000089e-12 
 3.22500000e-01  3.22500000e-01  2.50000000e+00 -2.51000089e-12 
 3.25000000e-01  3.25000000e-01  2.50000000e+00 -2.51000089e-12 
 3.27500000e-01  3.27500000e-01  2.50000000e+00 -2.50999915e-12 
 3.30000000e-01  3.30000000e-01  2.50000000e+00 -2.51000176e-12 
 3.32500000e-01  3.32500000e-01  2.50000000e+00 -2.51000176e-12 
 3.35000000e-01  3.35000000e-01  2.50000000e+00 -2.50999915e-12 
 3.37500000e-01  3.37500000e-01  2.50000000e+00 -2.51000002e-12 
 3.40000000e-01  3.40000000e-01  2.50000000e+00 -2.51000089e-12 
 3.42500000e-01  3.42500000e-01  2.50000000e+00 -2.51000002e-12 
 3.45000000e-01  3.45000000e-01  2.50000000e+00 -2.51000262e-12 
 3.47500000e-01  3.47500000e-01  2.50000000e+00 -2.51000176e-12 
 3.50000000e-01  3.50000000e-01  2.50000000e+00 -2.51000176e-12 
 3.52500000e-01  3.52500000e-01  2.50000000e+00 -2.51000002e-12 
 3.55000000e-01  3.55000000e-01  2.50000000e+00 -2.51000002e-12 
 3.57500000e-01  3.57500000e-01  2.50000000e+00 -2.51000002e-12 
 3.60000000e-01  3.60000000e-01  2.50000000e+00 -2.50999915e-12 
 3.62500000e-01  3.62500000e-01  2.50000000e+00 -2.51000176e-12 
 3.65000000e-01  3.65000000e-01  2.50000000e+00 -2.51000089e-12 
 3.67500000e-01  3.67500000e-01  2.50000000e+00 -2.51000176e-12 
 3.70000000e-01  3.70000000e-01  2.50000000e+00 -2.50999915e-12 
 3.72500000e-01  3.72500000e-01  2.50000000e+00 -2.51000002e-12 
 3.75000000e-01  3.75000000e-01  2.50000000e+00 -2.51000002e-12 
 3.77500000e-01  3.77500000e-01  2.50000000e+00 -2.51000002e-12 
 3.80000000e-01  3.80000000e-01  2.50000000e+00 -2.51000089e-12 
 3.82500000e-01  3.82500000e-01  2.50000000e+00 -2.51000002e-12 
 3.85000000e-01  3.85000000e-01  2.50000000e+00 -2.51000089e-12 
 3.87500000e-01  3.87500000e-01  2.50000000e+00 -2.51000002e-12 
 3.90000000e-01  3.90000000e-01  2.50000000e+00 -2.50999915e-12 
 3.92500000e-01  3.92500000e-01  2.50000000e+00 -2.51000176e-12 
 3.95000000e-01  3.95000000e-01  2.50000000e+00 -2.51000089e-12 
 3.97500000e-01  3.97500000e-01  2.50000000e+00 -2.51000002e-12 
 4.00000000e-01  4.00000000e-01  2.50000000e+00 -2.51000089e-12 
 4.02500000e-01  4.02500000e-01  2.50000000e+00 -2.51000262e-12 
 4.05000000e-01  4.05000000e-01  2.50000000e+00 -2.51000002e-12 
 4.07500000e-01  4.07500000e-01  2.50000000e+00 -2.50999915e-12 
 4.10000000e-01  4.10000000e-01  2.50000000e+00 -2.50999915e-12 
 4.12500000e-01  4.12500000e-01  2.50000000e+00 -2.51000089e-12 
 4.15000000e-01  4.15000000e-01  2.50000000e+00 -2.51000002e-12 
 4.17500000e-01  4.17500000e-01  2.50000000e+00 -2.51000176e-12 
 4.20000000e-01  4.20000000e-01  2.50000000e+00 -2.51000089e-12 
 4.22500000e-01  4.22500000e-01  2.50000000e+00 -2.51000002e-12 
 4.25000000e-01  4.25000000e-01  2.50000000e+00 -2.51000176e-12 
 4.27500000e-01  4.27500000e-01  2.50000000e+00 -2.50999915e-12 
 4.30000000e-01  4.30000000e-01  2.50000000e+00 -2.51000262e-12 
 4.32500000e-01  4.32500000e-01  2.49999954e+00 -1.31210710e-09 
 4.35000000e-01  4.35000000e-01  2.49999818e+00 -5.24110732e-09 
 4.37500000e-01  4.37500000e-01  2.49999590e+00 -1.17898101e-08 
 4.40000000e-01  4.40000000e-01  2.49999269e+00 -2.09585212e-08 
 4.42500000e-01  4.42500000e-01  2.49998857e+00 -3.27475438e-08 
 4.45000000e-01  4.45000000e-01  2.49998351e+00 -4.71571801e-08 
 4.47500000e-01  4.47500000e-01  2.49997752e+00 -6.41877313e-08 
 4.50000000e-01  4.50000000e-01  2.49997059e+00 -8.38394979e-08 
 4.52500000e-01  4.52500000e-01  2.49996273e+00 -1.06112779e-07 
 4.55000000e-01  4.55000000e-01  2.49995391e+00 -1.31007874e-07 
 4.57500000e-01  4.57500000e-01  2.49994414e+00 -1.58525080e-07 
 4.60000000e-01  4.60000000e-01  2.49993342e+00 -1.88664693e-07 
 4.62500000e-01  4.62500000e-01  2.49992173e+00 -2.21427010e-07 
 4.65000000e-01  4.65000000e-01  2.49990908e+00 -2.56812324e-07 
 4.67500000e-01  4.67500000e-01  2.49989547e+00 -2.94820932e-07 
 4.70000000e-01  4.70000000e-01  2.49988087e+00 -3.35453124e-07 
 4.72500000e-01  4.72500000e-01  2.49986530e+00 -3.78709194e-07 
 4.75000000e-01  4.75000000e-01  2.49984874e+00 -4.24589432e-07 
 4.77500000e-01  4.77500000e-01  2.49983120e+00 -4.73094129e-07 
 4.80000000e-01  4.80000000e-01  2.49981266e+00 -5.24223574e-07 
 4.82500000e-01  4.82500000e-01  2.49979313e+00 -5.77978056e-07 
 4.85000000e-01  4.85000000e-01  2.49977259e+00 -6.34357861e-07 
 4.87500000e-01  4.87500000e-01  2.49975104e+00 -6.93363276e-07 
 4.90000000e-01  4.90000000e-01  2.49972848e+00 -7.54994588e-07 
 4.92500000e-01  4.92500000e-01  2.49970490e+00 -8.19252079e-07 
 4.95000000e-01  4.95000000e-01  2.49968030e+00 -8.86136035e-07 
 4.97500000e-01  4.97500000e-01  2.49965467e+00 -9.55646738e-07 
 5.00000000e-01  5.00000000e-01  2.49962801e+00 -1.02778447e-06 
 5.02500000e-01  5.02500000e-01  2.49960031e+00 -1.10254951e-06 
 5.05000000e-01  5.05000000e-01  2.49957157e+00 -1.17994214e-06 
 5.07500000e-01  5.07500000e-01  2.49954178e+00 -1.25996264e-06 
 5.10000000e-01  5.10000000e-01  2.49951146e+00 -1.34129716e-06 
 5.12500000e-01  5.12500000e-01  2.49947956e+00 -1.42657410e-06 
 5.15000000e-01  5.15000000e-01  2.49944660e+00 -1.51447973e-06 
 5.17500000e-01  5.17500000e-01  2.49941256e+00 -1.60501433e-06 
 5.20000000e-01  5.20000000e-01  2.49937746e+00 -1.69817818e-06 
 5.22500000e-01  5.22500000e-01  2.49934127e+00 -1.79397156e-06 
 5.25000000e-01  5.25000000e-01  2.49930399e+00 -1.89239473e-06 
 5.27500000e-01  5.27500000e-01  2.49926563e+00 -1.99344796e-06 
 5.30000000e-01  5.30000000e-01  2.49922617e+00 -2.09713154e-06 
 5.32500000e-01  5.32500000e-01  2.49918561e+00 -2.20344571e-06 
 5.35000000e-01  5.35000000e-01  2.49914394e+00 -2.31239076e-06 
 5.37500000e-01  5.37500000e-01  2.49910116e+00 -2.42396695e-06 
 5.40000000e-01  5.40000000e-01  2.49905726e+00 -2.53817455e-06 
 5.42500000e-01  5.42500000e-01  2.49901223e+00 -2.65501382e-06 
 5.45000000e-01  5.45000000e-01  2.49896608e+00 -2.77448503e-06 
 5.47500000e-01  5.47500000e-01  2.49891879e+00 -2.89658844e-06 
 5.50000000e-01  5.50000000e-01  2.49887035e+00 -3.02132431e-06 
 5.52500000e-01  5.52500000e-01  2.49882078e+00 -3.14869290e-06 
 5.55000000e-01  5.55000000e-01  2.49877004e+00 -3.27869448e-06 
 5.57500000e-01  5.57500000e-01  2.49871815e+00 -3.41132930e-06 
 5.60000000e-01  5.60000000e-01  2.49866509e+00 -3.54659762e-06 
 5.62500000e-01  5.62500000e-01  2.49861087e+00 -3.68449971e-06 
 5.65000000e-01  5.65000000e-01  2.49855546e+00 -3.82503580e-06 
 5.67500000e-01  5.67500000e-01  2.49849887e+00 -3.96820617e-06 
 5.70000000e-01  5.70000000e-01  2.49844110e+00 -4.11401107e-06 
 5.72500000e-01  5.72500000e-01  2.49838212e+00 -4.26245074e-06 
 5.75000000e-01  5.75000000e-01  2.49832195e+00 -4.41352544e-06 
 5.77500000e-01  5.77500000e-01  2.49826056e+00 -4.56723542e-06 
 5.80000000e-01  5.80000000e-01  2.49819797e+00 -4.72358094e-06 
 5.82500000e-01  5.82500000e-01  2.49813415e+00 -4.88256224e-06 
 5.85000000e-01  5.85000000e-01  2.49806911e+00 -5.04417956e-06 
 5.87500000e-01  5.87500000e-01  2.49800283e+00 -5.20843317e-06 
 5.90000000e-01  5.90000000e-01  2.49793531e+00 -5.37532329e-06 
 5.92500000e-01  5.92500000e-01  2.49786654e+00 -5.54485018e-06 
 5.95000000e-01  5.95000000e-01  2.49779653e+00 -5.71701409e-06 
 5.97500000e-01  5.97500000e-01  2.49772525e+00 -5.89181524e-06 
 6.00000000e-01  6.00000000e-01  2.49765270e+00 -6.06925389e-06 
 6.02500000e-01  6.02500000e-01  2.49757889e+00 -6.24933028e-06 
 6.05000000e-01  6.05000000e-01  2.49750379e+00 -6.43204464e-06 
 6.07500000e-01  6.07500000e-01  2.49742740e+00 -6.61739722e-06 
 6.10000000e-01  6.10000000e-01  2.49734973e+00 -6.80538825e-06 
 6.12500000e-01  6.12500000e-01  2.49727075e+00 -6.99601796e-06 
 6.15000000e-01  6.15000000e-01  2.49719046e+00 -7.18928660e-06 
 6.17500000e-01  6.17500000e-01  2.49710886e+00 -7.38519440e-06 
 6.20000000e-01  6.20000000e-01  2.49702594e+00 -7.58374158e-06 
 6.22500000e-01  6.22500000e-01  2.49694169e+00 -7.78492839e-06 
 6.25000000e-01  6.25000000e-01  2.49685610e+00 -7.98875505e-06 
 6.27500000e-01  6.27500000e-01  2.49676917e+00 -8.19522180e-06 
 6.30000000e-01  6.30000000e-01  2.49668089e+00 -8.40432885e-06 
 6.32500000e-01  6.32500000e-01  2.49659125e+00 -8.61607645e-06 
 6.35000000e-01  6.35000000e-01  2.49650024e+00 -8.83046480e-06 
 6.37500000e-01  6.37500000e-01  2.49640787e+00 -9.04749415e-06 
 6.40000000e-01  6.40000000e-01  2.49631411e+00 -9.26716471e-06 
 6.42500000e-01  6.42500000e-01  2.49621896e+00 -9.48947671e-06 
 6.45000000e-01  6.45000000e-01  2.49612242e+00 -9.71443037e-06 
 6.47500000e-01  6.47500000e-01  2.49602447e+00 -9.94202591e-06 
 6.50000000e-01  6.50000000e-01  2.49592512e+00 -1.01722635e-05 
 6.52500000e-01  6.52500000e-01  2.49582434e+00 -1.04051435e-05 
 6.55000000e-01  6.55000000e-01  2.49572214e+00 -1.06406660e-05 
 6.57500000e-01  6.57500000e-01  2.49561850e+00 -1.08788312e-05 
 6.60000000e-01  6.60000000e-01  2.49551342e+00 -1.11196394e-05 
 6.62500000e-01  6.62500000e-01  2.49540689e+00 -1.13630908e-05 
 6.65000000e-01  6.65000000e-01  2.49529890e+00 -1.16091856e-05 
 6.67500000e-01  6.67500000e-01  2.49518944e+00 -1.18579239e-05 
 6.70000000e-01  6.70000000e-01  2.49507851e+00 -1.21093061e-05 
 6.72500000e-01  6.72500000e-01  2.49496609e+00 -1.23633323e-05 
 6.75000000e-01  6.75000000e-01  2.49485219e+00 -1.26200027e-05 
 6.77500000e-01  6.77500000e-01  2.49473678e+00 -1.28793176e-05 
 6.80000000e-01  6.80000000e-01  2.49461986e+00 -1.31412771e-05 
 6.82500000e-01  6.82500000e-01  2.49450142e+00 -1.34058815e-05 
 6.85000000e-01  6.85000000e-01  2.49438146e+00 -1.36731308e-05 
 6.87500000e-01  6.87500000e-01  2.49425996e+00 -1.39430255e-05 
 6.90000000e-01  6.90000000e-01  2.49413691e+00 -1.42155655e-05 
 6.92500000e-01  6.92500000e-01  2.49401232e+00 -1.44907513e-05 
 6.95000000e-01  6.95000000e-01  2.49388616e+00 -1.47685828e-05 
 6.97500000e-01  6.97500000e-01  2.49375843e+00 -1.50490604e-05 
 7.00000000e-01  7.00000000e-01  2.49362912e+00 -1.53321843e-05 
 7.02500000e-01  7.02500000e-01  2.49349822e+00 -1.56179545e-05 
 7.05000000e-01  7.05000000e-01  2.49336573e+00 -1.59063714e-05 
 7.07500000e-01  7.07500000e-01  2.49323162e+00 -1.61974351e-05 
 7.10000000e-01  7.10000000e-01  2.49309590e+00 -1.64911458e-05 
 7.12500000e-01  7.12500000e-01  2.49295855e+00 -1.67875037e-05 
 7.15000000e-01  7.15000000e-01  2.49281957e+00 -1.70865089e-05 
 7.17500000e-01  7.17500000e-01  2.49267894e+00 -1.73881617e-05 
 7.20000000e-01  7.20000000e-01  2.49253665e+00 -1.76924623e-05 
 7.22500000e-01  7.22500000e-01  2.49239270e+00 -1.79994107e-05 
 7.25000000e-01  7.25000000e-01  2.49224707e+00 -1.83090073e-05 
 7.27500000e-01  7.27500000e-01  2.49209976e+00 -1.86212522e-05 
 7.30000000e-01  7.30000000e-01  2.49195075e+00 -1.89361455e-05 
 7.32500000e-01  7.32500000e-01  2.49180004e+00 -1.92536875e-05 
 7.35000000e-01  7.35000000e-01  2.49164761e+00 -1.95738783e-05 
 7.37500000e-01  7.37500000e-01  2.49149345e+00 -1.98967181e-05 
 7.40000000e-01  7.40000000e-01  2.49133756e+00 -2.02222070e-05 
 7.42500000e-01  7.42500000e-01  2.49117993e+00 -2.05503453e-05 
 7.45000000e-01  7.45000000e-01  2.49102053e+00 -2.08811331e-05 
 7.47500000e-01  7.47500000e-01  2.49085937e+00 -2.12145706e-05 
 7.50000000e-01  7.50000000e-01  2.49069642e+00 -2.15506579e-05 
 7.52500000e-01  7.52500000e-01  2.49053169e+00 -2.18893953e-05 
 7.55000000e-01  7.55000000e-01  2.49036516e+00 -2.22307828e-05 
 7.57500000e-01  7.57500000e-01  2.49019681e+00 -2.25748206e-05 
 7.60000000e-01  7.60000000e-01  2.49002665e+00 -2.29215089e-05 
 7.62500000e-01  7.62500000e-01  2.48985465e+00 -2.32708479e-05 
 7.65000000e-01  7.65000000e-01  2.48968080e+00 -2.36228377e-05 
 7.67500000e-01  7.67500000e-01  2.48950510e+00 -2.39774785e-05 
 7.70000000e-01  7.70000000e-01  2.48932752e+00 -2.43347704e-05 
 7.72500000e-01  7.72500000e-01  2.48914807e+00 -2.46947136e-05 
 7.75000000e-01  7.75000000e-01  2.48896673e+00 -2.50573082e-05 
 7.77500000e-01  7.77500000e-01  2.48878348e+00 -2.54225544e-05 
 7.80000000e-01  7.80000000e-01  2.48859832e+00 -2.57904523e-05 
 7.82500000e-01  7.82500000e-01  2.48841123e+00 -2.61610021e-05 
 7.85000000e-01  7.85000000e-01  2.48822220e+00 -2.65342039e-05 
 7.87500000e-01  7.87500000e-01  2.48803122e+00 -2.69100579e-05 
 7.90000000e-01  7.90000000e-01  2.48783827e+00 -2.72885642e-05 
 7.92500000e-01  7.92500000e-01  2.48764335e+00 -2.76697229e-05 
 7.95000000e-01  7.95000000e-01  2.48744643e+00 -2.80535342e-05 
 7.97500000e-01  7.97500000e-01  2.48724752e+00 -2.84399983e-05 
 8.00000000e-01  8.00000000e-01  2.48704659e+00 -2.88291152e-05 
 8.02500000e-01  8.02500000e-01  2.48684363e+00 -2.92208850e-05 
 8.05000000e-01  8.05000000e-01  2.48663863e+00 -2.96153081e-05 
 8.07500000e-01  8.07500000e-01  2.48643158e+00 -3.00123843e-05 
 8.10000000e-01  8.10000000e-01  2.48622246e+00 -3.04121140e-05 
 8.12500000e-01  8.12500000e-01  2.48601125e+00 -3.08144971e-05 
 8.15000000e-01  8.15000000e-01  2.48579796e+00 -3.12195339e-05 
 8.17500000e-01  8.17500000e-01  2.48558255e+00 -3.16272245e-05 
 8.20000000e-01  8.20000000e-01  2.48536502e+00 -3.20375689e-05 
 8.22500000e-01  8.22500000e-01  2.48514536e+00 -3.24505673e-05 
 8.25000000e-01  8.25000000e-01  2.48492355e+00 -3.28662198e-05 
 8.27500000e-01  8.27500000e-01  2.48469957e+00 -3.32845266e-05 
 8.30000000e-01  8.30000000e-01  2.48447341e+00 -3.37054877e-05 
 8.32500000e-01  8.32500000e-01  2.48424506e+00 -3.41291033e-05 
 8.35000000e-01  8.35000000e-01  2.48401450e+00 -3.45553734e-05 
 8.37500000e-01  8.37500000e-01  2.48378172e+00 -3.49842982e-05 
 8.40000000e-01  8.40000000e-01  2.48354670e+00 -3.54158777e-05 
 8.42500000e-01  8.42500000e-01  2.48330943e+00 -3.58501122e-05 
 8.45000000e-01  8.45000000e-01  2.48306989e+00 -3.62870016e-05 
 8.47500000e-01  8.47500000e-01  2.48282807e+00 -3.67265461e-05 
 8.50000000e-01  8.50000000e-01  2.48258395e+00 -3.71687458e-05 
 8.52500000e-01  8.52500000e-01  2.48233751e+00 -3.76136007e-05 
 8.55000000e-01  8.55000000e-01  2.48208875e+00 -3.80611110e-05 
 8.57500000e-01  8.57500000e-01  2.48183763e+00 -3.85112768e-05 
 8.60000000e-01  8.60000000e-01  2.48158416e+00 -3.89640982e-05 
 8.62500000e-01  8.62500000e-01  2.48132831e+00 -3.94195751e-05 
 8.65000000e-01  8.65000000e-01  2.48107006e+00 -3.98777078e-05 
 8.67500000e-01  8.67500000e-01  2.48080940e+00 -4.03384963e-05 
 8.70000000e-01  8.70000000e-01  2.48054631e+00 -4.08019407e-05 
 8.72500000e-01  8.72500000e-01  2.48028078e+00 -4.12680410e-05 
 8.75000000e-01  8.75000000e-01  2.48001278e+00 -4.17367974e-05 
 8.77500000e-01  8.77500000e-01  2.47974230e+00 -4.22082099e-05 
 8.80000000e-01  8.80000000e-01  2.47946933e+00 -4.26822786e-05 
 8.82500000e-01  8.82500000e-01  2.47919384e+00 -4.31590035e-05 
 8.85000000e-01  8.85000000e-01  2.47891582e+00 -4.36383848e-05 
 8.87500000e-01  8.87500000e-01  2.47863525e+00 -4.41204224e-05 
 8.90000000e-01  8.90000000e-01  2.47835211e+00 -4.46051165e-05 
 8.92500000e-01  8.92500000e-01  2.47806638e+00 -4.50924671e-05 
 8.95000000e-01  8.95000000e-01  2.47777804e+00 -4.55824743e-05 
 8.97500000e-01  8.97500000e-01  2.47748709e+00 -4.60751381e-05 
 9.00000000e-01  9.00000000e-01  2.47719348e+00 -4.65704585e-05 
 9.02500000e-01  9.02500000e-01  2.47689722e+00 -4.70684357e-05 
 9.05000000e-01  9.05000000e-01  2.47659827e+00 -4.75690696e-05 
 9.07500000e-01  9.07500000e-01  2.47629662e+00 -4.80723604e-05 
 9.10000000e-01  9.10000000e-01  2.47599225e+00 -4.85783080e-05 
 9.12500000e-01  9.12500000e-01  2.47568513e+00 -4.90869125e-05 
 9.15000000e-01  9.15000000e-01  2.47537526e+00 -4.95981740e-05 
 9.17500000e-01  9.17500000e-01  2.47506260e+00 -5.01120924e-05 
 9.20000000e-01  9.20000000e-01  2.47474714e+00 -5.06286678e-05 
 9.22500000e-01  9.22500000e-01  2.47442886e+00 -5.11479003e-05 
 9.25000000e-01  9.25000000e-01  2.47410773e+00 -5.16697898e-05 
 9.27500000e-01  9.27500000e-01  2.47378373e+00 -5.21943363e-05 
 9.30000000e-01  9.30000000e-01  2.47345685e+00 -5.27215400e-05 
 9.32500000e-01  9.32500000e-01  2.47312705e+00 -5.32514008e-05 
 9.35000000e-01  9.35000000e-01  2.47279433e+00 -5.37839187e-05 
 9.37500000e-01  9.37500000e-01  2.47245865e+00 -5.43190938e-05 
 9.40000000e-01  9.40000000e-01  2.47212000e+00 -5.48569260e-05 
 9.42500000e-01  9.42500000e-01  2.47177834e+00 -5.53974153e-05 
 9.45000000e-01  9.45000000e-01  2.47143366e+00 -5.59405619e-05 
 9.47500000e-01  9.47500000e-01  2.47108594e+00 -5.64863655e-05 
 9.50000000e-01  9.50000000e-01  2.47073515e+00 -5.70348264e-05 
 9.52500000e-01  9.52500000e-01  2.47038126e+00 -5.75859443e-05 
 9.55000000e-01  9.55000000e-01  2.47002426e+00 -5.81397195e-05 
 9.57500000e-01  9.57500000e-01  2.46966412e+00 -5.86961517e-05 
 9.60000000e-01  9.60000000e-01  2.46930081e+00 -5.92552411e-05 
 9.62500000e-01  9.62500000e-01  2.46893431e+00 -5.98169875e-05 
 9.65000000e-01  9.65000000e-01  2.46856459e+00 -6.03813910e-05 
 9.67500000e-01  9.67500000e-01  2.46819163e+00 -6.09484515e-05 
 9.70000000e-01  9.70000000e-01  2.46781540e+00 -6.15181691e-05 
 9.72500000e-01  9.72500000e-01  2.46743588e+00 -6.20905436e-05 
 9.75000000e-01  9.75000000e-01  2.46705304e+00 -6.26655750e-05 
 9.77500000e-01  9.77500000e-01  2.46666685e+00 -6.32432634e-05 
 9.80000000e-01  9.80000000e-01  2.46627729e+00 -6.38236086e-05 
 9.82500000e-01  9.82500000e-01  2.46588432e+00 -6.44066106e-05 
 9.85000000e-01  9.85000000e-01  2.46548793e+00 -6.49922694e-05 
 9.87500000e-01  9.87500000e-01  2.46508808e+00 -6.55805848e-05 
 9.90000000e-01  9.90000000e-01  2.46468474e+00 -6.61715569e-05 
 9.92500000e-01  9.92500000e-01  2.46427789e+00 -6.67651856e-05 
 9.95000000e-01  9.95000000e-01  2.46386749e+00 -6.73614708e-05 
 9.97500000e-01  9.97500000e-01  2.46345353e+00 -6.79604124e-05 
 1.00000000e+00  1.00000000e+00  2.46303595e+00 -6.85620104e-05 
 1.00250000e+00  1.00250000e+00  2.46261475e+00 -6.91662646e-05 
 1.00500000e+00  1.00500000e+00  2.46218988e+00 -6.97731751e-05 
 1.00750000e+00  1.00750000e+00  2.46176132e+00 -7.03827417e-05 
 1.01000000e+00  1.01000000e+00  2.46132903e+00 -7.09949643e-05 
 1.01250000e+00  1.01250000e+00  2.46089299e+00 -7.16098428e-05 
 1.01500000e+00  1.01500000e+00  2.46045315e+00 -7.22273771e-05 
 1.01750000e+00  1.01750000e+00  2.46000949e+00 -7.28475672e-05 
 1.02000000e+00  1.02000000e+00  2.45956198e+00 -7.34704129e-05 
 1.02250000e+00  1.02250000e+00  2.45911058e+00 -7.40959140e-05 
 1.02500000e+00  1.02500000e+00  2.45865526e+00 -7.47240706e-05 
 1.02750000e+00  1.02750000e+00  2.45819598e+00 -7.53548823e-05 
 1.03000000e+00  1.03000000e+00  2.45773270e+00 -7.59883493e-05 
 1.03250000e+00  1.03250000e+00  2.45726541e+00 -7.66244712e-05 
 1.03500000e+00  1.03500000e+00  2.45679405e+00 -7.72632479e-05 
 1.03750000e+00  1.03750000e+00  2.45631859e+00 -7.79046794e-05 
 1.04000000e+00  1.04000000e+00  2.45583900e+00 -7.85487655e-05 
 1.04250000e+00  1.04250000e+00  2.45535523e+00 -7.91955059e-05 
 1.04500000e+00  1.04500000e+00  2.45486726e+00 -7.98449006e-05 
 1.04750000e+00  1.04750000e+00  2.45437504e+00 -8.04969494e-05 
 1.05000000e+00  1.05000000e+00  2.45387854e+00 -8.11516521e-05 
 1.05250000e+00  1.05250000e+00  2.45337771e+00 -8.18090085e-05 
 1.05500000e+00  1.05500000e+00  2.45287252e+00 -8.24690186e-05 
 1.05750000e+00  1.05750000e+00  2.45236292e+00 -8.31316819e-05 
 1.06000000e+00  1.06000000e+00  2.45184888e+00 -8.37969985e-05 
 1.06250000e+00  1.06250000e+00  2.45133035e+00 -8.44649681e-05 
 1.06500000e+00  1.06500000e+00  2.45080729e+00 -8.51355904e-05 
 1.06750000e+00  1.06750000e+00  2.45027967e+00 -8.58088654e-05 
 1.07000000e+00  1.07000000e+00  2.44974743e+00 -8.64847926e-05 
 1.07250000e+00  1.07250000e+00  2.44921053e+00 -8.71633721e-05 
 1.07500000e+00  1.07500000e+00  2.44866894e+00 -8.78446034e-05 
 1.07750000e+00  1.07750000e+00  2.44812259e+00 -8.85284864e-05 
 1.08000000e+00  1.08000000e+00  2.44757146e+00 -8.92150209e-05 
 1.08250000e+00  1.08250000e+00  2.44701549e+00 -8.99042065e-05 
 1.08500000e+00  1.08500000e+00  2.44645463e+00 -9.05960431e-05 
 1.08750000e+00  1.08750000e+00  2.44588885e+00 -9.12905303e-05 
 1.09000000e+00  1.09000000e+00  2.44531808e+00 -9.19876680e-05 
 1.09250000e+00  1.09250000e+00  2.44474228e+00 -9.26874557e-05 
 1.09500000e+00  1.09500000e+00  2.44416141e+00 -9.33898934e-05 
 1.09750000e+00  1.09750000e+00  2.44357541e+00 -9.40949805e-05 
 1.10000000e+00  1.10000000e+00  2.44298423e+00 -9.48027170e-05 
 1.10250000e+00  1.10250000e+00  2.44238781e+00 -9.55131024e-05 
 1.10500000e+00  1.10500000e+00  2.44178612e+00 -9.62261364e-05 
 1.10750000e+00  1.10750000e+00  2.44117908e+00 -9.69418187e-05 
 1.11000000e+00  1.11000000e+00  2.44056666e+00 -9.76601491e-05 
 1.11250000e+00  1.11250000e+00  2.43994878e+00 -9.83811271e-05 
 1.11500000e+00  1.11500000e+00  2.43932541e+00 -9.91047524e-05 
 1.11750000e+00  1.11750000e+00  2.43869647e+00 -9.98310246e-05 
 1.12000000e+00  1.12000000e+00  2.43806192e+00 -1.00559943e-04 
 1.12250000e+00  1.12250000e+00  2.43742170e+00 -1.01291508e-04 
 1.12500000e+00  1.12500000e+00  2.43677573e+00 -1.02025719e-04 
 1.12750000e+00  1.12750000e+00  2.43612397e+00 -1.02762576e-04 
 1.13000000e+00  1.13000000e+00  2.43546636e+00 -1.03502077e-04 
 1.13250000e+00  1.13250000e+00  2.43480282e+00 -1.04244223e-04 
 1.13500000e+00  1.13500000e+00  2.43413331e+00 -1.04989013e-04 
 1.13750000e+00  1.13750000e+00  2.43345774e+00 -1.05736447e-04 
 1.14000000e+00  1.14000000e+00  2.43277607e+00 -1.06486525e-04 
 1.14250000e+00  1.14250000e+00  2.43208821e+00 -1.07239245e-04 
 1.14500000e+00  1.14500000e+00  2.43139411e+00 -1.07994608e-04 
 1.14750000e+00  1.14750000e+00  2.43069369e+00 -1.08752613e-04 
 1.15000000e+00  1.15000000e+00  2.42998688e+00 -1.09513259e-04 
 1.15250000e+00  1.15250000e+00  2.42927362e+00 -1.10276546e-04 
 1.15500000e+00  1.15500000e+00  2.42855383e+00 -1.11042474e-04 
 1.15750000e+00  1.15750000e+00  2.42782744e+00 -1.11811042e-04 
 1.16000000e+00  1.16000000e+00  2.42709437e+00 -1.12582249e-04 
 1.16250000e+00  1.16250000e+00  2.42635455e+00 -1.13356095e-04 
 1.16500000e+00  1.16500000e+00  2.42560789e+00 -1.14132579e-04 
 1.16750000e+00  1.16750000e+00  2.42485433e+00 -1.14911702e-04 
 1.17000000e+00  1.17000000e+00  2.42409377e+00 -1.15693461e-04 
 1.17250000e+00  1.17250000e+00  2.42332615e+00 -1.16477857e-04 
 1.17500000e+00  1.17500000e+00  2.42255137e+00 -1.17264890e-04 
 1.17750000e+00  1.17750000e+00  2.42176935e+00 -1.18054557e-04 
 1.18000000e+00  1.18000000e+00  2.42098001e+00 -1.18846860e-04 
 1.18250000e+00  1.18250000e+00  2.42018325e+00 -1.19641796e-04 
 1.18500000e+00  1.18500000e+00  2.41937899e+00 -1.20439366e-04 
 1.18750000e+00  1.18750000e+00  2.41856714e+00 -1.21239569e-04 
 1.19000000e+00  1.19000000e+00  2.41774761e+00 -1.22042404e-04 
 1.19250000e+00  1.19250000e+00  2.41692029e+00 -1.22847870e-04 
 1.19500000e+00  1.19500000e+00  2.41608510e+00 -1.23655967e-04 
 1.19750000e+00  1.19750000e+00  2.41524193e+00 -1.24466694e-04 
 1.20000000e+00  1.20000000e+00  2.41439070e+00 -1.25280050e-04 
 1.20250000e+00  1.20250000e+00  2.41353128e+00 -1.26096035e-04 
 1.20500000e+00  1.20500000e+00  2.41266359e+00 -1.26914647e-04 
 1.20750000e+00  1.20750000e+00  2.41178751e+00 -1.27735886e-04 
 1.21000000e+00  1.21000000e+00  2.41090295e+00 -1.28559751e-04 
 1.21250000e+00  1.21250000e+00  2.41000978e+00 -1.29386241e-04 
 1.21500000e+00  1.21500000e+00  2.40910789e+00 -1.30215356e-04 
 1.21750000e+00  1.21750000e+00  2.40819718e+00 -1.31047093e-04 
 1.22000000e+00  1.22000000e+00  2.40727752e+00 -1.31881454e-04 
 1.22250000e+00  1.22250000e+00  2.40634880e+00 -1.32718435e-04 
 1.22500000e+00  1.22500000e+00  2.40541089e+00 -1.33558038e-04 
 1.22750000e+00  1.22750000e+00  2.40446368e+00 -1.34400260e-04 
 1.23000000e+00  1.23000000e+00  2.40350702e+00 -1.35245100e-04 
 1.23250000e+00  1.23250000e+00  2.40254081e+00 -1.36092559e-04 
 1.23500000e+00  1.23500000e+00  2.40156489e+00 -1.36942633e-04 
 1.23750000e+00  1.23750000e+00  2.40057914e+00 -1.37795324e-04 
 1.24000000e+00  1.24000000e+00  2.39958343e+00 -1.38650628e-04 
 1.24250000e+00  1.24250000e+00  2.39857760e+00 -1.39508546e-04 
 1.24500000e+00  1.24500000e+00  2.39756152e+00 -1.40369077e-04 
 1.24750000e+00  1.24750000e+00  2.39653504e+00 -1.41232218e-04 
 1.25000000e+00  1.25000000e+00  2.39549800e+00 -1.42097969e-04 
 1.25250000e+00  1.25250000e+00  2.39445027e+00 -1.42966328e-04 
 1.25500000e+00  1.25500000e+00  2.39339167e+00 -1.43837295e-04 
 1.25750000e+00  1.25750000e+00  2.39232204e+00 -1.44710867e-04 
 1.26000000e+00  1.26000000e+00  2.39124123e+00 -1.45587045e-04 
 1.26250000e+00  1.26250000e+00  2.39014907e+00 -1.46465826e-04 
 1.26500000e+00  1.26500000e+00  2.38904538e+00 -1.47347208e-04 
 1.26750000e+00  1.26750000e+00  2.38792998e+00 -1.48231191e-04 
 1.27000000e+00  1.27000000e+00  2.38680270e+00 -1.49117774e-04 
 1.27250000e+00  1.27250000e+00  2.38566335e+00 -1.50006953e-04 
 1.27500000e+00  1.27500000e+00  2.38451175e+00 -1.50898729e-04 
 1.27750000e+00  1.27750000e+00  2.38334769e+00 -1.51793100e-04 
 1.28000000e+00  1.28000000e+00  2.38217098e+00 -1.52690063e-04 
 1.28250000e+00  1.28250000e+00  2.38098142e+00 -1.53589617e-04 
 1.28500000e+00  1.28500000e+00  2.37977880e+00 -1.54491761e-04 
 1.28750000e+00  1.28750000e+00  2.37856290e+00 -1.55396492e-04 
 1.29000000e+00  1.29000000e+00  2.37733350e+00 -1.56303810e-04 
 1.29250000e+00  1.29250000e+00  2.37609038e+00 -1.57213712e-04 
 1.29500000e+00  1.29500000e+00  2.37483331e+00 -1.58126196e-04 
 1.29750000e+00  1.29750000e+00  2.37356205e+00 -1.59041260e-04 
 1.30000000e+00  1.30000000e+00  2.37227636e+00 -1.59958902e-04 
 1.30250000e+00  1.30250000e+00  2.37097598e+00 -1.60879121e-04 
 1.30500000e+00  1.30500000e+00  2.36966066e+00 -1.61801915e-04 
 1.30750000e+00  1.30750000e+00  2.36833014e+00 -1.62727280e-04 
 1.31000000e+00  1.31000000e+00  2.36698413e+00 -1.63655215e-04 
 1.31250000e+00  1.31250000e+00  2.36562238e+00 -1.64585718e-04 
 1.31500000e+00  1.31500000e+00  2.36424458e+00 -1.65518786e-04 
 1.31750000e+00  1.31750000e+00  2.36285044e+00 -1.66454416e-04 
 1.32000000e+00  1.32000000e+00  2.36143966e+00 -1.67392607e-04 
 1.32250000e+00  1.32250000e+00  2.36001192e+00 -1.68333356e-04 
 1.32500000e+00  1.32500000e+00  2.35856690e+00 -1.69276661e-04 
 1.32750000e+00  1.32750000e+00  2.35710428e+00 -1.70222517e-04 
 1.33000000e+00  1.33000000e+00  2.35562370e+00 -1.71170924e-04 
 1.33250000e+00  1.33250000e+00  2.35412482e+00 -1.72121877e-04 
 1.33500000e+00  1.33500000e+00  2.35260727e+00 -1.73075374e-04 
 1.33750000e+00  1.33750000e+00  2.35107068e+00 -1.74031413e-04 
 1.34000000e+00  1.34000000e+00  2.34951466e+00 -1.74989988e-04 
 1.34250000e+00  1.34250000e+00  2.34793880e+00 -1.75951099e-04 
 1.34500000e+00  1.34500000e+00  2.34634271e+00 -1.76914740e-04 
 1.34750000e+00  1.34750000e+00  2.34472594e+00 -1.77880910e-04 
 1.35000000e+00  1.35000000e+00  2.34308806e+00 -1.78849603e-04 
 1.35250000e+00  1.35250000e+00  2.34142862e+00 -1.79820817e-04 
 1.35500000e+00  1.35500000e+00  2.33974714e+00 -1.80794548e-04 
 1.35750000e+00  1.35750000e+00  2.33804313e+00 -1.81770792e-04 
 1.36000000e+00  1.36000000e+00  2.33631609e+00 -1.82749544e-04 
 1.36250000e+00  1.36250000e+00  2.33456549e+00 -1.83730801e-04 
 1.36500000e+00  1.36500000e+00  2.33279080e+00 -1.84714558e-04 
 1.36750000e+00  1.36750000e+00  2.33099145e+00 -1.85700811e-04 
 1.37000000e+00  1.37000000e+00  2.32916685e+00 -1.86689555e-04 
 1.37250000e+00  1.37250000e+00  2.32731640e+00 -1.87680785e-04 
 1.37500000e+00  1.37500000e+00  2.32543948e+00 -1.88674496e-04 
 1.37750000e+00  1.37750000e+00  2.32353542e+00 -1.89670684e-04 
 1.38000000e+00  1.38000000e+00  2.32160354e+00 -1.90669342e-04 
 1.38250000e+00  1.38250000e+00  2.31964315e+00 -1.91670465e-04 
 1.38500000e+00  1.38500000e+00  2.31765349e+00 -1.92674047e-04 
 1.38750000e+00  1.38750000e+00  2.31563381e+00 -1.93680082e-04 
 1.39000000e+00  1.39000000e+00  2.31358331e+00 -1.94688565e-04 
 1.39250000e+00  1.39250000e+00  2.31150114e+00 -1.95699488e-04 
 1.39500000e+00  1.39500000e+00  2.30938645e+00 -1.96712844e-04 
 1.39750000e+00  1.39750000e+00  2.30723831e+00 -1.97728626e-04 
 1.40000000e+00  1.40000000e+00  2.30505578e+00 -1.98746828e-04 
 1.40250000e+00  1.40250000e+00  2.30283786e+00 -1.99767441e-04 
 1.40500000e+00  1.40500000e+00  2.30058352e+00 -2.00790457e-04 
 1.40750000e+00  1.40750000e+00  2.29829165e+00 -2.01815868e-04 
 1.41000000e+00  1.41000000e+00  2.29596112e+00 -2.02843664e-04 
 1.41250000e+00  1.41250000e+00  2.29359072e+00 -2.03873837e-04 
 1.41500000e+00  1.41500000e+00  2.29117919e+00 -2.04906377e-04 
 1.41750000e+00  1.41750000e+00  2.28872519e+00 -2.05941274e-04 
 1.42000000e+00  1.42000000e+00  2.28622734e+00 -2.06978517e-04 
 1.42250000e+00  1.42250000e+00  2.28368415e+00 -2.08018094e-04 
 1.42500000e+00  1.42500000e+00  2.28109407e+00 -2.09059994e-04 
 1.42750000e+00  1.42750000e+00  2.27845546e+00 -2.10104205e-04 
 1.43000000e+00  1.43000000e+00  2.27576658e+00 -2.11150713e-04 
 1.43250000e+00  1.43250000e+00  2.27302559e+00 -2.12199504e-04 
 1.43500000e+00  1.43500000e+00  2.27023053e+00 -2.13250564e-04 
 1.43750000e+00  1.43750000e+00  2.26737934e+00 -2.14303878e-04 
 1.44000000e+00  1.44000000e+00  2.26446981e+00 -2.15359427e-04 
 1.44250000e+00  1.44250000e+00  2.26149959e+00 -2.16417197e-04 
 1.44500000e+00  1.44500000e+00  2.25846619e+00 -2.17477166e-04 
 1.44750000e+00  1.44750000e+00  2.25536692e+00 -2.18539317e-04 
 1.45000000e+00  1.45000000e+00  2.25219893e+00 -2.19603627e-04 
 1.45250000e+00  1.45250000e+00  2.24895915e+00 -2.20670074e-04 
 1.45500000e+00  1.45500000e+00  2.24564428e+00 -2.21738634e-04 
 1.45750000e+00  1.45750000e+00  2.24225077e+00 -2.22809281e-04 
 1.46000000e+00  1.46000000e+00  2.23877480e+00 -2.23881987e-04 
 1.46250000e+00  1.46250000e+00  2.23521221e+00 -2.24956721e-04 
 1.46500000e+00  1.46500000e+00  2.23155853e+00 -2.26033453e-04 
 1.46750000e+00  1.46750000e+00  2.22780886e+00 -2.27112145e-04 
 1.47000000e+00  1.47000000e+00  2.22395789e+00 -2.28192761e-04 
 1.47250000e+00  1.47250000e+00  2.21999980e+00 -2.29275257e-04 
 1.47500000e+00  1.47500000e+00  2.21592820e+00 -2.30359590e-04 
 1.47750000e+00  1.47750000e+00  2.21173606e+00 -2.31445708e-04 
 1.48000000e+00  1.48000000e+00  2.20741563e+00 -2.32533557e-04 
 1.48250000e+00  1.48250000e+00  2.20295827e+00 -2.33623076e-04 
 1.48500000e+00  1.48500000e+00  2.19835438e+00 -2.34714197e-04 
 1.48750000e+00  1.48750000e+00  2.19359321e+00 -2.35806846e-04 
 1.49000000e+00  1.49000000e+00  2.18866264e+00 -2.36900937e-04 
 1.49250000e+00  1.49250000e+00  2.18354896e+00 -2.37996376e-04 
 1.49500000e+00  1.49500000e+00  2.17823652e+00 -2.39093054e-04 
 1.49750000e+00  1.49750000e+00  2.17270739e+00 -2.40190848e-04 
 1.50000000e+00  1.50000000e+00  2.16694078e+00 -2.41289614e-04 
 1.50250000e+00  1.50250000e+00  2.16091246e+00 -2.42389188e-04 
 1.50500000e+00  1.50500000e+00  2.15459384e+00 -2.43489374e-04 
 1.50750000e+00  1.50750000e+00  2.14795082e+00 -2.44589943e-04 
 1.51000000e+00  1.51000000e+00  2.14094217e+00 -2.45690614e-04 
 1.51250000e+00  1.51250000e+00  2.13351731e+00 -2.46791049e-04 
 1.51500000e+00  1.51500000e+00  2.12561303e+00 -2.47890824e-04 
 1.51750000e+00  1.51750000e+00  2.11714868e+00 -2.48989402e-04 
 1.52000000e+00  1.52000000e+00  2.10801857e+00 -2.50086081e-04 
 1.52250000e+00  1.52250000e+00  2.09807979e+00 -2.51179917e-04 
 1.52500000e+00  1.52500000e+00  2.08713114e+00 -2.52269587e-04 
 1.52750000e+00  1.52750000e+00  2.07487396e+00 -2.53353133e-04 
 1.53000000e+00  1.53000000e+00  2.06083212e+00 -2.54427451e-04 
 1.53250000e+00  1.53250000e+00  2.04416458e+00 -2.55487077e-04 
 1.53500000e+00  1.53500000e+00  2.01921444e+00 -2.56496622e-04 
 1.53750000e+00  1.53750000e+00  1.97408061e+00 -2.57377781e-04 
 1.54000000e+00  1.54000000e+00  1.80684965e+00 -2.57472475e-04 
 1.54250000e+00  1.54250000e+00  1.63804583e+00 -2.57547107e-04 
 1.54500000e+00  1.54500000e+00  1.46794848e+00 -2.57587295e-04 
 1.54750000e+00  1.54750000e+00  1.29704974e+00 -2.57603495e-04 
 1.55000000e+00  1.55000000e+00  1.12537726e+00 -2.57595383e-04 
 1.55250000e+00  1.55250000e+00  9.87067225e-01 -2.57062630e-04 
 1.55500000e+00  1.55500000e+00  9.26961948e-01 -2.55426639e-04 
 1.55750000e+00  1.55750000e+00  8.85832358e-01 -2.53523184e-04 
 1.56000000e+00  1.56000000e+00  8.51913795e-01 -2.51521633e-04 
 1.56250000e+00  1.56250000e+00  8.22771578e-01 -2.49458082e-04 
 1.56500000e+00  1.56500000e+00  7.96948562e-01 -2.47354136e-04 
 1.56750000e+00  1.56750000e+00  7.73600617e-01 -2.45222430e-04 
 1.57000000e+00  1.57000000e+00  7.52189721e-01 -2.43071099e-04 
 1.57250000e+00  1.57250000e+00  7.31615319e-01 -2.40911970e-04 
 1.57500000e+00  1.57500000e+00  7.13238943e-01 -2.38734227e-04 
 1.57750000e+00  1.57750000e+00  6.95889616e-01 -2.36550863e-04 
 1.58000000e+00  1.58000000e+00  6.79483117e-01 -2.34363238e-04 
 1.58250000e+00  1.58250000e+00  6.63900960e-01 -2.32173243e-04 
 1.58500000e+00  1.58500000e+00  6.49049801e-01 -2.29982384e-04 
 1.58750000e+00  1.58750000e+00  6.34852580e-01 -2.27791915e-04 
 1.59000000e+00  1.59000000e+00  6.21244924e-01 -2.25602898e-04 
 1.59250000e+00  1.59250000e+00  6.08172417e-01 -2.23416238e-04 
 1.59500000e+00  1.59500000e+00  5.95588577e-01 -2.21232715e-04 
 1.59750000e+00  1.59750000e+00  5.83453333e-01 -2.19053011e-04 
 1.60000000e+00  1.60000000e+00  5.71731856e-01 -2.16877724e-04 
 1.60250000e+00  1.60250000e+00  5.60393648e-01 -2.14707382e-04 
 1.60500000e+00  1.60500000e+00  5.49411830e-01 -2.12542457e-04 
 1.60750000e+00  1.60750000e+00  5.38762566e-01 -2.10383370e-04 
 1.61000000e+00  1.61000000e+00  5.28424605e-01 -2.08230502e-04 
 1.61250000e+00  1.61250000e+00  5.18378905e-01 -2.06084198e-04 
 1.61500000e+00  1.61500000e+00  5.08608325e-01 -2.03944770e-04 
 1.61750000e+00  1.61750000e+00  4.99097370e-01 -2.01812505e-04 
 1.62000000e+00  1.62000000e+00  4.89831980e-01 -1.99687664e-04 
 1.62250000e+00  1.62250000e+00  4.80799349e-01 -1.97570489e-04 
 1.62500000e+00  1.62500000e+00  4.71987773e-01 -1.95461204e-04 
 1.62750000e+00  1.62750000e+00  4.63386527e-01 -1.93360013e-04 
 1.63000000e+00  1.63000000e+00  4.54985748e-01 -1.91267110e-04 
 1.63250000e+00  1.63250000e+00  4.46776346e-01 -1.89182672e-04 
 1.63500000e+00  1.63500000e+00  4.38749918e-01 -1.87106865e-04 
 1.63750000e+00  1.63750000e+00  4.30898681e-01 -1.85039847e-04 
 1.64000000e+00  1.64000000e+00  4.23215409e-01 -1.82981763e-04 
 1.64250000e+00  1.64250000e+00  4.15693375e-01 -1.80932750e-04 
 1.64500000e+00  1.64500000e+00  4.08326311e-01 -1.78892937e-04 
 1.64750000e+00  1.64750000e+00  4.01108359e-01 -1.76862448e-04 
 1.65000000e+00  1.65000000e+00  3.94034038e-01 -1.74841397e-04 
 1.65250000e+00  1.65250000e+00  3.87098211e-01 -1.72829893e-04 
 1.65500000e+00  1.65500000e+00  3.80296052e-01 -1.70828040e-04 
 1.65750000e+00  1.65750000e+00  3.73623024e-01 -1.68835936e-04 
 1.66000000e+00  1.66000000e+00  3.67074856e-01 -1.66853675e-04 
 1.66250000e+00  1.66250000e+00  3.60647516e-01 -1.64881345e-04 
 1.66500000e+00  1.66500000e+00  3.54337199e-01 -1.62919031e-04 
 1.66750000e+00  1.66750000e+00  3.48140307e-01 -1.60966814e-04 
 1.67000000e+00  1.67000000e+00  3.42053433e-01 -1.59024772e-04 
 1.67250000e+00  1.67250000e+00  3.36073347e-01 -1.57092978e-04 
 1.67500000e+00  1.67500000e+00  3.30196984e-01 -1.55171503e-04 
 1.67750000e+00  1.67750000e+00  3.24421434e-01 -1.53260415e-04 
 1.68000000e+00  1.68000000e+00  3.18743929e-01 -1.51359779e-04 
 1.68250000e+00  1.68250000e+00  3.13161832e-01 -1.49469657e-04 
 1.68500000e+00  1.68500000e+00  3.07672634e-01 -1.47590110e-04 
 1.68750000e+00  1.68750000e+00  3.02273941e-01 -1.45721196e-04 
 1.69000000e+00  1.69000000e+00  2.96963465e-01 -1.43862969e-04 
 1.69250000e+00  1.69250000e+00  2.91739025e-01 -1.42015484e-04 
 1.69500000e+00  1.69500000e+00  2.86598532e-01 -1.40178792e-04 
 1.69750000e+00  1.69750000e+00  2.81539988e-01 -1.38352943e-04 
 1.70000000e+00  1.70000000e+00  2.76561481e-01 -1.36537985e-04 
 1.70250000e+00  1.70250000e+00  2.71661177e-01 -1.34733965e-04 
 1.70500000e+00  1.70500000e+00  2.66837318e-01 -1.32940927e-04 
 1.70750000e+00  1.70750000e+00  2.62088217e-01 -1.31158915e-04 
 1.71000000e+00  1.71000000e+00  2.57412253e-01 -1.29387971e-04 
 1.71250000e+00  1.71250000e+00  2.52807869e-01 -1.27628135e-04 
 1.71500000e+00  1.71500000e+00  2.48273567e-01 -1.25879447e-04 
 1.71750000e+00  1.71750000e+00  2.43807908e-01 -1.24141946e-04 
 1.72000000e+00  1.72000000e+00  2.39409503e-01 -1.22415667e-04 
 1.72250000e+00  1.72250000e+00  2.35077018e-01 -1.20700648e-04 
 1.72500000e+00  1.72500000e+00  2.30809164e-01 -1.18996922e-04 
 1.72750000e+00  1.72750000e+00  2.26604699e-01 -1.17304525e-04 
 1.73000000e+00  1.73000000e+00  2.22462426e-01 -1.15623488e-04 
 1.73250000e+00  1.73250000e+00  2.18381188e-01 -1.13953844e-04 
 1.73500000e+00  1.73500000e+00  2.14359868e-01 -1.12295624e-04 
 1.73750000e+00  1.73750000e+00  2.10397386e-01 -1.10648857e-04 
 1.74000000e+00  1.74000000e+00  2.06492699e-01 -1.09013574e-04 
 1.74250000e+00  1.74250000e+00  2.02644798e-01 -1.07389803e-04 
 1.74500000e+00  1.74500000e+00  1.98852706e-01 -1.05777572e-04 
 1.74750000e+00  1.74750000e+00  1.95115478e-01 -1.04176907e-04 
 1.75000000e+00  1.75000000e+00  1.91432198e-01 -1.02587836e-04 
 1.75250000e+00  1.75250000e+00  1.87801980e-01 -1.01010384e-04 
 1.75500000e+00  1.75500000e+00  1.84223964e-01 -9.94445763e-05 
 1.75750000e+00  1.75750000e+00  1.80697316e-01 -9.78904370e-05 
 1.76000000e+00  1.76000000e+00  1.77221227e-01 -9.63479902e-05 
 1.76250000e+00  1.76250000e+00  1.73794914e-01 -9.48172592e-05 
 1.76500000e+00  1.76500000e+00  1.70417615e-01 -9.32982665e-05 
 1.76750000e+00  1.76750000e+00  1.67088589e-01 -9.17910343e-05 
 1.77000000e+00  1.77000000e+00  1.63807120e-01 -9.02955844e-05 
 1.77250000e+00  1.77250000e+00  1.60572509e-01 -8.88119377e-05 
 1.77500000e+00  1.77500000e+00  1.57384076e-01 -8.73401148e-05 
 1.77750000e+00  1.77750000e+00  1.54241164e-01 -8.58801360e-05 
 1.78000000e+00  1.78000000e+00  1.51143130e-01 -8.44320208e-05 
 1.78250000e+00  1.78250000e+00  1.48089349e-01 -8.29957884e-05 
 1.78500000e+00  1.78500000e+00  1.45079215e-01 -8.15714577e-05 
 1.78750000e+00  1.78750000e+00  1.42112135e-01 -8.01590470e-05 
 1.79000000e+00  1.79000000e+00  1.39187535e-01 -7.87585742e-05 
 1.79250000e+00  1.79250000e+00  1.36304852e-01 -7.73700568e-05 
 1.79500000e+00  1.79500000e+00  1.33463539e-01 -7.59935120e-05 
 1.79750000e+00  1.79750000e+00  1.30663065e-01 -7.46289566e-05 
 1.80000000e+00  1.80000000e+00  1.27902910e-01 -7.32764069e-05 
 1.80250000e+00  1.80250000e+00  1.25182567e-01 -7.19358790e-05 
 1.80500000e+00  1.80500000e+00  1.22501542e-01 -7.06073885e-05 
 1.80750000e+00  1.80750000e+00  1.19859353e-01 -6.92909509e-05 
 1.81000000e+00  1.81000000e+00  1.17255530e-01 -6.79865811e-05 
 1.81250000e+00  1.81250000e+00  1.14689614e-01 -6.66942939e-05 
 1.81500000e+00  1.81500000e+00  1.12161156e-01 -6.54141036e-05 
 1.81750000e+00  1.81750000e+00  1.09669719e-01 -6.41460242e-05 
 1.82000000e+00  1.82000000e+00  1.07214875e-01 -6.28900697e-05 
 1.82250000e+00  1.82250000e+00  1.04796206e-01 -6.16462535e-05 
 1.82500000e+00  1.82500000e+00  1.02413305e-01 -6.04145888e-05 
 1.82750000e+00  1.82750000e+00  1.00065772e-01 -5.91950885e-05 
 1.83000000e+00  1.83000000e+00  9.77532168e-02 -5.79877652e-05 
 1.83250000e+00  1.83250000e+00  9.54752585e-02 -5.67926315e-05 
 1.83500000e+00  1.83500000e+00  9.32315239e-02 -5.56096993e-05 
 1.83750000e+00  1.83750000e+00  9.10216481e-02 -5.44389807e-05 
 1.84000000e+00  1.84000000e+00  8.88452742e-02 -5.32804872e-05 
 1.84250000e+00  1.84250000e+00  8.67020527e-02 -5.21342303e-05 
 1.84500000e+00  1.84500000e+00  8.45916417e-02 -5.10002211e-05 
 1.84750000e+00  1.84750000e+00  8.25137065e-02 -4.98784705e-05 
 1.85000000e+00  1.85000000e+00  8.04679193e-02 -4.87689892e-05 
 1.85250000e+00  1.85250000e+00  7.84539592e-02 -4.76717878e-05 
 1.85500000e+00  1.85500000e+00  7.64715117e-02 -4.65868764e-05 
 1.85750000e+00  1.85750000e+00  7.45202689e-02 -4.55142653e-05 
 1.86000000e+00  1.86000000e+00  7.25999290e-02 -4.44539641e-05 
 1.86250000e+00  1.86250000e+00  7.07101962e-02 -4.34059825e-05 
 1.86500000e+00  1.86500000e+00  6.88507809e-02 -4.23703301e-05 
 1.86750000e+00  1.86750000e+00  6.70213987e-02 -4.13470160e-05 
 1.87000000e+00  1.87000000e+00  6.52217712e-02 -4.03360492e-05 
 1.87250000e+00  1.87250000e+00  6.34516251e-02 -3.93374388e-05 
 1.87500000e+00  1.87500000e+00  6.17106926e-02 -3.83511932e-05 
 1.87750000e+00  1.87750000e+00  5.99987109e-02 -3.73773212e-05 
 1.88000000e+00  1.88000000e+00  5.83154222e-02 -3.64158308e-05 
 1.88250000e+00  1.88250000e+00  5.66605735e-02 -3.54667304e-05 
 1.88500000e+00  1.88500000e+00  5.50339165e-02 -3.45300279e-05 
 1.88750000e+00  1.88750000e+00  5.34352078e-02 -3.36057311e-05 
 1.89000000e+00  1.89000000e+00  5.18642081e-02 -3.26938476e-05 
 1.89250000e+00  1.89250000e+00  5.03206827e-02 -3.17943849e-05 
 1.89500000e+00  1.89500000e+00  4.88044010e-02 -3.09073504e-05 
 1.89750000e+00  1.89750000e+00  4.73151367e-02 -3.00327511e-05 
 1.90000000e+00  1.90000000e+00  4.58526674e-02 -2.91705942e-05 
 1.90250000e+00  1.90250000e+00  4.44167749e-02 -2.83208864e-05 
 1.90500000e+00  1.90500000e+00  4.30072446e-02 -2.74836344e-05 
 1.90750000e+00  1.90750000e+00  4.16238657e-02 -2.66588449e-05 
 1.91000000e+00  1.91000000e+00  4.02664311e-02 -2.58465241e-05 
 1.91250000e+00  1.91250000e+00  3.89347374e-02 -2.50466785e-05 
 1.91500000e+00  1.91500000e+00  3.76285845e-02 -2.42593141e-05 
 1.91750000e+00  1.91750000e+00  3.63477757e-02 -2.34844368e-05 
 1.92000000e+00  1.92000000e+00  3.50921178e-02 -2.27220526e-05 
 1.92250000e+00  1.92250000e+00  3.38614207e-02 -2.19721672e-05 
 1.92500000e+00  1.92500000e+00  3.26554976e-02 -2.12347862e-05 
 1.92750000e+00  1.92750000e+00  3.14741647e-02 -2.05099149e-05 
 1.93000000e+00  1.93000000e+00  3.03172412e-02 -1.97975588e-05 
 1.93250000e+00  1.93250000e+00  2.91845494e-02 -1.90977230e-05 
 1.93500000e+00  1.93500000e+00  2.80759144e-02 -1.84104126e-05 
 1.93750000e+00  1.93750000e+00  2.69911641e-02 -1.77356325e-05 
 1.94000000e+00  1.94000000e+00  2.59301292e-02 -1.70733877e-05 
 1.94250000e+00  1.94250000e+00  2.48926432e-02 -1.64236827e-05 
 1.94500000e+00  1.94500000e+00  2.38785421e-02 -1.57865222e-05 
 1.94750000e+00  1.94750000e+00  2.28876644e-02 -1.51619106e-05 
 1.95000000e+00  1.95000000e+00  2.19198515e-02 -1.45498524e-05 
 1.95250000e+00  1.95250000e+00  2.09749469e-02 -1.39503517e-05 
 1.95500000e+00  1.95500000e+00  2.00527967e-02 -1.33634127e-05 
 1.95750000e+00  1.95750000e+00  1.91532494e-02 -1.27890395e-05 
 1.96000000e+00  1.96000000e+00  1.82761556e-02 -1.22272358e-05 
 1.96250000e+00  1.96250000e+00  1.74213685e-02 -1.16780056e-05 
 1.96500000e+00  1.96500000e+00  1.65887433e-02 -1.11413525e-05 
 1.96750000e+00  1.96750000e+00  1.57781373e-02 -1.06172801e-05 
 1.97000000e+00  1.97000000e+00  1.49894102e-02 -1.01057919e-05 
 1.97250000e+00  1.97250000e+00  1.42224236e-02 -9.60689127e-06 
 1.97500000e+00  1.97500000e+00  1.34770411e-02 -9.12058155e-06 
 1.97750000e+00  1.97750000e+00  1.27531286e-02 -8.64686588e-06 
 1.98000000e+00  1.98000000e+00  1.20505536e-02 -8.18574735e-06 
 1.98250000e+00  1.98250000e+00  1.13691858e-02 -7.73722895e-06 
 1.98500000e+00  1.98500000e+00  1.07088965e-02 -7.30131356e-06 
 1.98750000e+00  1.98750000e+00  1.00695592e-02 -6.87800397e-06 
 1.99000000e+00  1.99000000e+00  9.45104893e-03 -6.46730289e-06 
 1.99250000e+00  1.99250000e+00  8.86355398e-03 -6.07551910e-06 
 1.99500000e+00  1.99500000e+00  8.28627018e-03 -5.69004398e-06 
 1.99750000e+00  1.99750000e+00  7.72945019e-03 -5.31718485e-06 
 2.00000000e+00  2.00000000e+00  7.19297602e-03 -4.95694404e-06 
 2.00250000e+00  2.00250000e+00  6.67673133e-03 -4.60932379e-06 
 2.00500000e+00  2.00500000e+00  6.18060141e-03 -4.27432624e-06 
 2.00750000e+00  2.00750000e+00  5.70447309e-03 -3.95195346e-06 
 2.01000000e+00  2.01000000e+00  5.24823479e-03 -3.64220743e-06 
 2.01250000e+00  2.01250000e+00  4.81177644e-03 -3.34509002e-06 
 2.01500000e+00  2.01500000e+00  4.39498946e-03 -3.06060304e-06 
 2.01750000e+00  2.01750000e+00  3.99776675e-03 -2.78874822e-06 
 2.02000000e+00  2.02000000e+00  3.62000263e-03 -2.52952717e-06 
 2.02250000e+00  2.02250000e+00  3.26159284e-03 -2.28294146e-06 
 2.02500000e+00  2.02500000e+00  2.92243454e-03 -2.04899255e-06 
 2.02750000e+00  2.02750000e+00  2.60242620e-03 -1.82768182e-06 
 2.03000000e+00  2.03000000e+00  2.30146766e-03 -1.61901059e-06 
 2.03250000e+00  2.03250000e+00  2.01946008e-03 -1.42298007e-06 
 2.03500000e+00  2.03500000e+00  1.75630589e-03 -1.23959142e-06 
 2.03750000e+00  2.03750000e+00  1.51190881e-03 -1.06884570e-06 
 2.04000000e+00  2.04000000e+00  1.28617379e-03 -9.10743898e-07 
 2.04250000e+00  2.04250000e+00  1.07900700e-03 -7.65286933e-07 
 2.04500000e+00  2.04500000e+00  8.90315834e-04 -6.32475638e-07 
 2.04750000e+00  2.04750000e+00  7.20008850e-04 -5.12310773e-07 
 2.05000000e+00  2.05000000e+00  5.67995775e-04 -4.04793023e-07 
 2.05250000e+00  2.05250000e+00  4.34187475e-04 -3.09922998e-07 
 2.05500000e+00  2.05500000e+00  3.18495942e-04 -2.27701236e-07 
 2.05750000e+00  2.05750000e+00  2.20834266e-04 -1.58128198e-07 
 2.06000000e+00  2.06000000e+00  1.41116627e-04 -1.01204275e-07 
 2.06250000e+00  2.06250000e+00  7.92582672e-05 -5.69297844e-08 
 2.06500000e+00  2.06500000e+00  3.51754800e-05 -2.53049735e-08 
 2.06750000e+00  2.06750000e+00  8.78558888e-06 -6.33001708e-09 
 2.07000000e+00  2.07000000e+00  6.92060805e-09 -5.01999999e-12 
 2.07250000e+00  2.07250000e+00  6.94621279e-09 -5.01999982e-12 
 2.07500000e+00  2.07500000e+00  6.93560142e-09 -5.01999999e-12 
 2.07750000e+00  2.07750000e+00  6.92507712e-09 -5.01999999e-12 
 2.08000000e+00  2.08000000e+00  6.91458463e-09 -5.01999999e-12 
 2.08250000e+00  2.08250000e+00  6.90412388e-09 -5.01999999e-12 
 2.08500000e+00  2.08500000e+00  6.89369474e-09 -5.01999999e-12 
 2.08750000e+00  2.08750000e+00  6.88329706e-09 -5.01999999e-12 
 2.09000000e+00  2.09000000e+00  6.87293069e-09 -5.01999999e-12 
 2.09250000e+00  2.09250000e+00  6.86259551e-09 -5.01999999e-12 
 2.09500000e+00  2.09500000e+00  6.85229136e-09 -5.01999999e-12 
 2.09750000e+00  2.09750000e+00  6.84201810e-09 -5.01999999e-12 
 2.10000000e+00  2.10000000e+00  6.83177561e-09 -5.01999999e-12 
 2.10250000e+00  2.10250000e+00  6.82156373e-09 -5.01999999e-12 
 2.10500000e+00  2.10500000e+00  6.81138234e-09 -5.01999999e-12 
 2.10750000e+00  2.10750000e+00  6.80123129e-09 -5.01999999e-12 
 2.11000000e+00  2.11000000e+00  6.79111046e-09 -5.01999999e-12 
 2.11250000e+00  2.11250000e+00  6.78101970e-09 -5.01999999e-12 
 2.11500000e+00  2.11500000e+00  6.77095888e-09 -5.01999999e-12 
 2.11750000e+00  2.11750000e+00  6.76092788e-09 -5.01999999e-12 
 2.12000000e+00  2.12000000e+00  6.75092655e-09 -5.01999999e-12 
 2.12250000e+00  2.12250000e+00  6.74095477e-09 -5.01999999e-12 
 2.12500000e+00  2.12500000e+00  6.73101240e-09 -5.01999999e-12 
 2.12750000e+00  2.12750000e+00  6.72109932e-09 -5.01999999e-12 
 2.13000000e+00  2.13000000e+00  6.71121539e-09 -5.01999999e-12 
 2.13250000e+00  2.13250000e+00  6.70136049e-09 -5.01999999e-12 
 2.13500000e+00  2.13500000e+00  6.69153449e-09 -5.01999999e-12 
 2.13750000e+00  2.13750000e+00  6.68173726e-09 -5.01999999e-12 
 2.14000000e+00  2.14000000e+00  6.67196868e-09 -5.01999999e-12 
 2.14250000e+00  2.14250000e+00  6.66222862e-09 -5.01999999e-12 
 2.14500000e+00  2.14500000e+00  6.65251696e-09 -5.01999999e-12 
 2.14750000e+00  2.14750000e+00  6.64283357e-09 -5.01999999e-12 
 2.15000000e+00  2.15000000e+00  6.63317833e-09 -5.01999999e-12 
 2.15250000e+00  2.15250000e+00  6.62355112e-09 -5.01999999e-12 
 2.15500000e+00  2.15500000e+00  6.61395181e-09 -5.01999999e-12 
 2.15750000e+00  2.15750000e+00  6.60438028e-09 -5.01999999e-12 
 2.16000000e+00  2.16000000e+00  6.59483642e-09 -5.01999999e-12 
 2.16250000e+00  2.16250000e+00  6.58532010e-09 -5.01999999e-12 
 2.16500000e+00  2.16500000e+00  6.57583121e-09 -5.01999999e-12 
 2.16750000e+00  2.16750000e+00  6.56636962e-09 -5.01999999e-12 
 2.17000000e+00  2.17000000e+00  6.55693522e-09 -5.01999999e-12 
 2.17250000e+00  2.17250000e+00  6.54752789e-09 -5.01999999e-12 
 2.17500000e+00  2.17500000e+00  6.53814752e-09 -5.01999999e-12 
 2.17750000e+00  2.17750000e+00  6.52879398e-09 -5.01999999e-12 
 2.18000000e+00  2.18000000e+00  6.51946717e-09 -5.01999999e-12 
 2.18250000e+00  2.18250000e+00  6.51016697e-09 -5.01999999e-12 
 2.18500000e+00  2.18500000e+00  6.50089327e-09 -5.01999999e-12 
 2.18750000e+00  2.18750000e+00  6.49164595e-09 -5.01999999e-12 
 2.19000000e+00  2.19000000e+00  6.48242490e-09 -5.01999999e-12 
 2.19250000e+00  2.19250000e+00  6.47323000e-09 -5.01999999e-12 
 2.19500000e+00  2.19500000e+00  6.46406116e-09 -5.01999999e-12 
 2.19750000e+00  2.19750000e+00  6.45491825e-09 -5.01999999e-12 
 2.20000000e+00  2.20000000e+00  6.44580117e-09 -5.01999999e-12 
 2.20250000e+00  2.20250000e+00  6.43670981e-09 -5.01999999e-12 
 2.20500000e+00  2.20500000e+00  6.42764406e-09 -5.01999999e-12 
 2.20750000e+00  2.20750000e+00  6.41860381e-09 -5.01999999e-12 
 2.21000000e+00  2.21000000e+00  6.40958895e-09 -5.01999999e-12 
 2.21250000e+00  2.21250000e+00  6.40059938e-09 -5.01999999e-12 
 2.21500000e+00  2.21500000e+00  6.39163499e-09 -5.01999999e-12 
 2.21750000e+00  2.21750000e+00  6.38269568e-09 -5.01999999e-12 
 2.22000000e+00  2.22000000e+00  6.37378133e-09 -5.01999999e-12 
 2.22250000e+00  2.22250000e+00  6.36489185e-09 -5.01999999e-12 
 2.22500000e+00  2.22500000e+00  6.35602714e-09 -5.01999999e-12 
 2.22750000e+00  2.22750000e+00  6.34718708e-09 -5.01999999e-12 
 2.23000000e+00  2.23000000e+00  6.33837157e-09 -5.01999999e-12 
 2.23250000e+00  2.23250000e+00  6.32958052e-09 -5.01999999e-12 
 2.23500000e+00  2.23500000e+00  6.32081383e-09 -5.01999999e-12 
 2.23750000e+00  2.23750000e+00  6.31207138e-09 -5.01999999e-12 
 2.24000000e+00  2.24000000e+00  6.30335308e-09 -5.01999999e-12 
 2.24250000e+00  2.24250000e+00  6.29465883e-09 -5.01999999e-12 
 2.24500000e+00  2.24500000e+00  6.28598854e-09 -5.01999999e-12 
 2.24750000e+00  2.24750000e+00  6.27734209e-09 -5.01999999e-12 
 2.25000000e+00  2.25000000e+00  6.26871940e-09 -5.01999999e-12 
 2.25250000e+00  2.25250000e+00  6.26012037e-09 -5.01999999e-12 
 2.25500000e+00  2.25500000e+00  6.25154489e-09 -5.01999999e-12 
 2.25750000e+00  2.25750000e+00  6.24299288e-09 -5.01999999e-12 
 2.26000000e+00  2.26000000e+00  6.23446423e-09 -5.01999999e-12 
 2.26250000e+00  2.26250000e+00  6.22595886e-09 -5.01999999e-12 
 2.26500000e+00  2.26500000e+00  6.21747666e-09 -5.01999999e-12 
 2.26750000e+00  2.26750000e+00  6.20901754e-09 -5.01999999e-12 
 2.27000000e+00  2.27000000e+00  6.20058140e-09 -5.01999999e-12 
 2.27250000e+00  2.27250000e+00  6.19216816e-09 -5.01999999e-12 
 2.27500000e+00  2.27500000e+00  6.18377772e-09 -5.01999999e-12 
 2.27750000e+00  2.27750000e+00  6.17540999e-09 -5.01999999e-12 
 2.28000000e+00  2.28000000e+00  6.16706487e-09 -5.01999999e-12 
 2.28250000e+00  2.28250000e+00  6.15874228e-09 -5.01999999e-12 
 2.28500000e+00  2.28500000e+00  6.15044211e-09 -5.01999999e-12 
 2.28750000e+00  2.28750000e+00  6.14216429e-09 -5.01999999e-12 
 2.29000000e+00  2.29000000e+00  6.13390873e-09 -5.01999999e-12 
 2.29250000e+00  2.29250000e+00  6.12567532e-09 -5.01999999e-12 
 2.29500000e+00  2.29500000e+00  6.11746399e-09 -5.01999999e-12 
 2.29750000e+00  2.29750000e+00  6.10927464e-09 -5.01999999e-12 
 2.30000000e+00  2.30000000e+00  6.10110719e-09 -5.01999999e-12 
 2.30250000e+00  2.30250000e+00  6.09296155e-09 -5.01999999e-12 
 2.30500000e+00  2.30500000e+00  6.08483763e-09 -5.01999999e-12 
 2.30750000e+00  2.30750000e+00  6.07673535e-09 -5.01999999e-12 
 2.31000000e+00  2.31000000e+00  6.06865461e-09 -5.01999999e-12 
 2.31250000e+00  2.31250000e+00  6.06059534e-09 -5.01999999e-12 
 2.31500000e+00  2.31500000e+00  6.05255744e-09 -5.01999999e-12 
 2.31750000e+00  2.31750000e+00  6.04454084e-09 -5.01999999e-12 
 2.32000000e+00  2.32000000e+00  6.03654544e-09 -5.01999999e-12 
 2.32250000e+00  2.32250000e+00  6.02857117e-09 -5.01999999e-12 
 2.32500000e+00  2.32500000e+00  6.02061794e-09 -5.01999999e-12 
 2.32750000e+00  2.32750000e+00  6.01268566e-09 -5.01999999e-12 
 2.33000000e+00  2.33000000e+00  6.00477426e-09 -5.01999999e-12 
 2.33250000e+00  2.33250000e+00  5.99688365e-09 -5.01999999e-12 
 2.33500000e+00  2.33500000e+00  5.98901375e-09 -5.01999999e-12 
 2.33750000e+00  2.33750000e+00  5.98116448e-09 -5.01999999e-12 
 2.34000000e+00  2.34000000e+00  5.97333576e-09 -5.01999999e-12 
 2.34250000e+00  2.34250000e+00  5.96552750e-09 -5.01999999e-12 
 2.34500000e+00  2.34500000e+00  5.95773964e-09 -5.01999999e-12 
 2.34750000e+00  2.34750000e+00  5.94997207e-09 -5.01999999e-12 
 2.35000000e+00  2.35000000e+00  5.94222474e-09 -5.01999999e-12 
 2.35250000e+00  2.35250000e+00  5.93449756e-09 -5.01999999e-12 
 2.35500000e+00  2.35500000e+00  5.92679044e-09 -5.01999999e-12 
 2.35750000e+00  2.35750000e+00  5.91910332e-09 -5.01999999e-12 
 2.36000000e+00  2.36000000e+00  5.91143612e-09 -5.01999999e-12 
 2.36250000e+00  2.36250000e+00  5.90378875e-09 -5.01999999e-12 
 2.36500000e+00  2.36500000e+00  5.89616114e-09 -5.01999999e-12 
 2.36750000e+00  2.36750000e+00  5.88855321e-09 -5.01999999e-12 
 2.37000000e+00  2.37000000e+00  5.88096490e-09 -5.01999999e-12 
 2.37250000e+00  2.37250000e+00  5.87339611e-09 -5.01999999e-12 
 2.37500000e+00  2.37500000e+00  5.86584679e-09 -5.01999999e-12 
 2.37750000e+00  2.37750000e+00  5.85831684e-09 -5.01999999e-12 
 2.38000000e+00  2.38000000e+00  5.85080620e-09 -5.01999999e-12 
 2.38250000e+00  2.38250000e+00  5.84331480e-09 -5.01999999e-12 
 2.38500000e+00  2.38500000e+00  5.83584255e-09 -5.01999999e-12 
 2.38750000e+00  2.38750000e+00  5.82838939e-09 -5.01999999e-12 
 2.39000000e+00  2.39000000e+00  5.82095525e-09 -5.01999999e-12 
 2.39250000e+00  2.39250000e+00  5.81354004e-09 -5.01999999e-12 
 2.39500000e+00  2.39500000e+00  5.80614371e-09 -5.01999999e-12 
 2.39750000e+00  2.39750000e+00  5.79876616e-09 -5.01999999e-12 
 2.40000000e+00  2.40000000e+00  5.79140735e-09 -5.01999999e-12 
 2.40250000e+00  2.40250000e+00  5.78406718e-09 -5.01999999e-12 
 2.40500000e+00  2.40500000e+00  5.77674560e-09 -5.01999999e-12 
 2.40750000e+00  2.40750000e+00  5.76944254e-09 -5.01999999e-12 
 2.41000000e+00  2.41000000e+00  5.76215791e-09 -5.01999999e-12 
 2.41250000e+00  2.41250000e+00  5.75489166e-09 -5.01999999e-12 
 2.41500000e+00  2.41500000e+00  5.74764370e-09 -5.01999999e-12 
 2.41750000e+00  2.41750000e+00  5.74041399e-09 -5.01999999e-12 
 2.42000000e+00  2.42000000e+00  5.73320243e-09 -5.01999999e-12 
 2.42250000e+00  2.42250000e+00  5.72600898e-09 -5.01999999e-12 
 2.42500000e+00  2.42500000e+00  5.71883355e-09 -5.01999999e-12 
 2.42750000e+00  2.42750000e+00  5.71167608e-09 -5.01999999e-12 
 2.43000000e+00  2.43000000e+00  5.70453651e-09 -5.01999999e-12 
 2.43250000e+00  2.43250000e+00  5.69741477e-09 -5.01999999e-12 
 2.43500000e+00  2.43500000e+00  5.69031078e-09 -5.01999999e-12 
 2.43750000e+00  2.43750000e+00  5.68322449e-09 -5.01999999e-12 
 2.44000000e+00  2.44000000e+00  5.67615582e-09 -5.01999999e-12 
 2.44250000e+00  2.44250000e+00  5.66910472e-09 -5.01999999e-12 
 2.44500000e+00  2.44500000e+00  5.66207111e-09 -5.01999999e-12 
 2.44750000e+00  2.44750000e+00  5.65505494e-09 -5.01999999e-12 
 2.45000000e+00  2.45000000e+00  5.64805613e-09 -5.01999999e-12 
 2.45250000e+00  2.45250000e+00  5.64107462e-09 -5.01999999e-12 
 2.45500000e+00  2.45500000e+00  5.63411035e-09 -5.01999999e-12 
 2.45750000e+00  2.45750000e+00  5.62716326e-09 -5.01999999e-12 
 2.46000000e+00  2.46000000e+00  5.62023327e-09 -5.01999999e-12 
 2.46250000e+00  2.46250000e+00  5.61332034e-09 -5.01999999e-12 
 2.46500000e+00  2.46500000e+00  5.60642439e-09 -5.01999999e-12 
 2.46750000e+00  2.46750000e+00  5.59954536e-09 -5.01999999e-12 
 2.47000000e+00  2.47000000e+00  5.59268319e-09 -5.01999999e-12 
 2.47250000e+00  2.47250000e+00  5.58583783e-09 -5.01999999e-12 
 2.47500000e+00  2.47500000e+00  5.57900919e-09 -5.01999999e-12 
 2.47750000e+00  2.47750000e+00  5.57219724e-09 -5.01999999e-12 
 2.48000000e+00  2.48000000e+00  5.56540190e-09 -5.01999999e-12 
 2.48250000e+00  2.48250000e+00  5.55862311e-09 -5.01999999e-12 
 2.48500000e+00  2.48500000e+00  5.55186081e-09 -5.01999999e-12 
 2.48750000e+00  2.48750000e+00  5.54511495e-09 -5.01999999e-12 
 2.49000000e+00  2.49000000e+00  5.53838546e-09 -5.01999999e-12 
 2.49250000e+00  2.49250000e+00  5.53167229e-09 -5.01999999e-12 
 2.49500000e+00  2.49500000e+00  5.52497537e-09 -5.01999999e-12 
 2.49750000e+00  2.49750000e+00  5.51829464e-09 -5.01999999e-12 
 2.50000000e+00  2.50000000e+00  5.51163005e-09 -5.01999999e-12 
