 v-sweep         v(a)            v(out)          i(vdd)         
 0.00000000e+00  0.00000000e+00  2.50000242e+00 -2.51000609e-12 
 2.50000000e-03  2.50000000e-03  2.50000348e+00 -2.51000436e-12 
 5.00000000e-03  5.00000000e-03  2.50000346e+00 -2.51000436e-12 
 7.50000000e-03  7.50000000e-03  2.50000000e+00 -2.50999915e-12 
 1.00000000e-02  1.00000000e-02  2.50000000e+00 -2.51000089e-12 
 1.25000000e-02  1.25000000e-02  2.50000000e+00 -2.51000089e-12 
 1.50000000e-02  1.50000000e-02  2.50000000e+00 -2.51000089e-12 
 1.75000000e-02  1.75000000e-02  2.50000000e+00 -2.51000089e-12 
 2.00000000e-02  2.00000000e-02  2.50000000e+00 -2.50999915e-12 
 2.25000000e-02  2.25000000e-02  2.50000000e+00 -2.51000089e-12 
 2.50000000e-02  2.50000000e-02  2.50000000e+00 -2.51000262e-12 
 2.75000000e-02  2.75000000e-02  2.50000000e+00 -2.51000089e-12 
 3.00000000e-02  3.00000000e-02  2.50000000e+00 -2.51000262e-12 
 3.25000000e-02  3.25000000e-02  2.50000000e+00 -2.50999915e-12 
 3.50000000e-02  3.50000000e-02  2.50000000e+00 -2.51000262e-12 
 3.75000000e-02  3.75000000e-02  2.50000000e+00 -2.50999742e-12 
 4.00000000e-02  4.00000000e-02  2.50000000e+00 -2.50999915e-12 
 4.25000000e-02  4.25000000e-02  2.50000000e+00 -2.51000089e-12 
 4.50000000e-02  4.50000000e-02  2.50000000e+00 -2.50999915e-12 
 4.75000000e-02  4.75000000e-02  2.50000000e+00 -2.51000089e-12 
 5.00000000e-02  5.00000000e-02  2.50000000e+00 -2.50999915e-12 
 5.25000000e-02  5.25000000e-02  2.50000000e+00 -2.51000089e-12 
 5.50000000e-02  5.50000000e-02  2.50000000e+00 -2.50999915e-12 
 5.75000000e-02  5.75000000e-02  2.50000000e+00 -2.51000089e-12 
 6.00000000e-02  6.00000000e-02  2.50000000e+00 -2.51000436e-12 
 6.25000000e-02  6.25000000e-02  2.50000000e+00 -2.51000089e-12 
 6.50000000e-02  6.50000000e-02  2.50000000e+00 -2.50999915e-12 
 6.75000000e-02  6.75000000e-02  2.50000000e+00 -2.51000089e-12 
 7.00000000e-02  7.00000000e-02  2.50000000e+00 -2.50999742e-12 
 7.25000000e-02  7.25000000e-02  2.50000000e+00 -2.51000262e-12 
 7.50000000e-02  7.50000000e-02  2.50000000e+00 -2.50999915e-12 
 7.75000000e-02  7.75000000e-02  2.50000000e+00 -2.51000262e-12 
 8.00000000e-02  8.00000000e-02  2.50000000e+00 -2.50999915e-12 
 8.25000000e-02  8.25000000e-02  2.50000000e+00 -2.50999915e-12 
 8.50000000e-02  8.50000000e-02  2.50000000e+00 -2.50999915e-12 
 8.75000000e-02  8.75000000e-02  2.50000000e+00 -2.51000089e-12 
 9.00000000e-02  9.00000000e-02  2.50000000e+00 -2.51000089e-12 
 9.25000000e-02  9.25000000e-02  2.50000000e+00 -2.50999915e-12 
 9.50000000e-02  9.50000000e-02  2.50000000e+00 -2.51000089e-12 
 9.75000000e-02  9.75000000e-02  2.50000000e+00 -2.50999915e-12 
 1.00000000e-01  1.00000000e-01  2.50000000e+00 -2.51000089e-12 
 1.02500000e-01  1.02500000e-01  2.50000000e+00 -2.51000089e-12 
 1.05000000e-01  1.05000000e-01  2.50000000e+00 -2.50999915e-12 
 1.07500000e-01  1.07500000e-01  2.50000000e+00 -2.51000436e-12 
 1.10000000e-01  1.10000000e-01  2.50000000e+00 -2.50999915e-12 
 1.12500000e-01  1.12500000e-01  2.50000000e+00 -2.50999915e-12 
 1.15000000e-01  1.15000000e-01  2.50000000e+00 -2.51000262e-12 
 1.17500000e-01  1.17500000e-01  2.50000000e+00 -2.51000262e-12 
 1.20000000e-01  1.20000000e-01  2.50000000e+00 -2.51000262e-12 
 1.22500000e-01  1.22500000e-01  2.50000000e+00 -2.50999915e-12 
 1.25000000e-01  1.25000000e-01  2.50000000e+00 -2.50999915e-12 
 1.27500000e-01  1.27500000e-01  2.50000000e+00 -2.51000436e-12 
 1.30000000e-01  1.30000000e-01  2.50000000e+00 -2.50999915e-12 
 1.32500000e-01  1.32500000e-01  2.50000000e+00 -2.51000089e-12 
 1.35000000e-01  1.35000000e-01  2.50000000e+00 -2.50999742e-12 
 1.37500000e-01  1.37500000e-01  2.50000000e+00 -2.51000262e-12 
 1.40000000e-01  1.40000000e-01  2.50000000e+00 -2.51000262e-12 
 1.42500000e-01  1.42500000e-01  2.50000000e+00 -2.50999915e-12 
 1.45000000e-01  1.45000000e-01  2.50000000e+00 -2.51000089e-12 
 1.47500000e-01  1.47500000e-01  2.50000000e+00 -2.51000089e-12 
 1.50000000e-01  1.50000000e-01  2.50000000e+00 -2.50999915e-12 
 1.52500000e-01  1.52500000e-01  2.50000000e+00 -2.51000089e-12 
 1.55000000e-01  1.55000000e-01  2.50000000e+00 -2.51000436e-12 
 1.57500000e-01  1.57500000e-01  2.50000000e+00 -2.51000089e-12 
 1.60000000e-01  1.60000000e-01  2.50000000e+00 -2.51000262e-12 
 1.62500000e-01  1.62500000e-01  2.50000000e+00 -2.51000089e-12 
 1.65000000e-01  1.65000000e-01  2.50000000e+00 -2.51000262e-12 
 1.67500000e-01  1.67500000e-01  2.50000000e+00 -2.50999742e-12 
 1.70000000e-01  1.70000000e-01  2.50000000e+00 -2.50999915e-12 
 1.72500000e-01  1.72500000e-01  2.50000000e+00 -2.50999915e-12 
 1.75000000e-01  1.75000000e-01  2.50000000e+00 -2.51000262e-12 
 1.77500000e-01  1.77500000e-01  2.50000000e+00 -2.50999915e-12 
 1.80000000e-01  1.80000000e-01  2.50000000e+00 -2.51000262e-12 
 1.82500000e-01  1.82500000e-01  2.50000000e+00 -2.51000262e-12 
 1.85000000e-01  1.85000000e-01  2.50000000e+00 -2.51000262e-12 
 1.87500000e-01  1.87500000e-01  2.50000000e+00 -2.50999742e-12 
 1.90000000e-01  1.90000000e-01  2.50000000e+00 -2.51000089e-12 
 1.92500000e-01  1.92500000e-01  2.50000000e+00 -2.50999915e-12 
 1.95000000e-01  1.95000000e-01  2.50000000e+00 -2.51000089e-12 
 1.97500000e-01  1.97500000e-01  2.50000000e+00 -2.50999915e-12 
 2.00000000e-01  2.00000000e-01  2.50000000e+00 -2.51000089e-12 
 2.02500000e-01  2.02500000e-01  2.50000000e+00 -2.51000436e-12 
 2.05000000e-01  2.05000000e-01  2.50000000e+00 -2.51000089e-12 
 2.07500000e-01  2.07500000e-01  2.50000000e+00 -2.51000262e-12 
 2.10000000e-01  2.10000000e-01  2.50000000e+00 -2.51000089e-12 
 2.12500000e-01  2.12500000e-01  2.50000000e+00 -2.50999915e-12 
 2.15000000e-01  2.15000000e-01  2.50000000e+00 -2.51000436e-12 
 2.17500000e-01  2.17500000e-01  2.50000000e+00 -2.51000089e-12 
 2.20000000e-01  2.20000000e-01  2.50000000e+00 -2.51000089e-12 
 2.22500000e-01  2.22500000e-01  2.50000000e+00 -2.51000262e-12 
 2.25000000e-01  2.25000000e-01  2.50000000e+00 -2.51000089e-12 
 2.27500000e-01  2.27500000e-01  2.50000000e+00 -2.51000262e-12 
 2.30000000e-01  2.30000000e-01  2.50000000e+00 -2.50999915e-12 
 2.32500000e-01  2.32500000e-01  2.50000000e+00 -2.50999915e-12 
 2.35000000e-01  2.35000000e-01  2.50000000e+00 -2.51000262e-12 
 2.37500000e-01  2.37500000e-01  2.50000000e+00 -2.51000089e-12 
 2.40000000e-01  2.40000000e-01  2.50000000e+00 -2.51000262e-12 
 2.42500000e-01  2.42500000e-01  2.50000000e+00 -2.51000089e-12 
 2.45000000e-01  2.45000000e-01  2.50000000e+00 -2.50999915e-12 
 2.47500000e-01  2.47500000e-01  2.50000000e+00 -2.51000436e-12 
 2.50000000e-01  2.50000000e-01  2.50000000e+00 -2.50999915e-12 
 2.52500000e-01  2.52500000e-01  2.50000000e+00 -2.51000262e-12 
 2.55000000e-01  2.55000000e-01  2.50000000e+00 -2.51000262e-12 
 2.57500000e-01  2.57500000e-01  2.50000000e+00 -2.50999915e-12 
 2.60000000e-01  2.60000000e-01  2.50000000e+00 -2.50999915e-12 
 2.62500000e-01  2.62500000e-01  2.50000000e+00 -2.51000089e-12 
 2.65000000e-01  2.65000000e-01  2.50000000e+00 -2.51000262e-12 
 2.67500000e-01  2.67500000e-01  2.50000000e+00 -2.51000089e-12 
 2.70000000e-01  2.70000000e-01  2.50000000e+00 -2.50999915e-12 
 2.72500000e-01  2.72500000e-01  2.50000000e+00 -2.50999915e-12 
 2.75000000e-01  2.75000000e-01  2.50000000e+00 -2.51000089e-12 
 2.77500000e-01  2.77500000e-01  2.50000000e+00 -2.50999742e-12 
 2.80000000e-01  2.80000000e-01  2.50000000e+00 -2.50999915e-12 
 2.82500000e-01  2.82500000e-01  2.50000000e+00 -2.50999915e-12 
 2.85000000e-01  2.85000000e-01  2.50000000e+00 -2.50999915e-12 
 2.87500000e-01  2.87500000e-01  2.50000000e+00 -2.51000089e-12 
 2.90000000e-01  2.90000000e-01  2.50000000e+00 -2.51000089e-12 
 2.92500000e-01  2.92500000e-01  2.50000000e+00 -2.50999915e-12 
 2.95000000e-01  2.95000000e-01  2.50000000e+00 -2.51000262e-12 
 2.97500000e-01  2.97500000e-01  2.50000000e+00 -2.50999915e-12 
 3.00000000e-01  3.00000000e-01  2.50000000e+00 -2.51000089e-12 
 3.02500000e-01  3.02500000e-01  2.50000000e+00 -2.51000262e-12 
 3.05000000e-01  3.05000000e-01  2.50000000e+00 -2.51000089e-12 
 3.07500000e-01  3.07500000e-01  2.50000000e+00 -2.51000089e-12 
 3.10000000e-01  3.10000000e-01  2.50000000e+00 -2.51000089e-12 
 3.12500000e-01  3.12500000e-01  2.50000000e+00 -2.51000089e-12 
 3.15000000e-01  3.15000000e-01  2.50000000e+00 -2.50999915e-12 
 3.17500000e-01  3.17500000e-01  2.50000000e+00 -2.50999915e-12 
 3.20000000e-01  3.20000000e-01  2.50000000e+00 -2.51000436e-12 
 3.22500000e-01  3.22500000e-01  2.50000000e+00 -2.50999742e-12 
 3.25000000e-01  3.25000000e-01  2.50000000e+00 -2.50999915e-12 
 3.27500000e-01  3.27500000e-01  2.50000000e+00 -2.50999742e-12 
 3.30000000e-01  3.30000000e-01  2.50000000e+00 -2.50999915e-12 
 3.32500000e-01  3.32500000e-01  2.50000000e+00 -2.50999915e-12 
 3.35000000e-01  3.35000000e-01  2.50000000e+00 -2.51000262e-12 
 3.37500000e-01  3.37500000e-01  2.50000000e+00 -2.50999915e-12 
 3.40000000e-01  3.40000000e-01  2.50000000e+00 -2.50999915e-12 
 3.42500000e-01  3.42500000e-01  2.50000000e+00 -2.50999915e-12 
 3.45000000e-01  3.45000000e-01  2.50000000e+00 -2.51000436e-12 
 3.47500000e-01  3.47500000e-01  2.50000000e+00 -2.51000262e-12 
 3.50000000e-01  3.50000000e-01  2.50000000e+00 -2.51000262e-12 
 3.52500000e-01  3.52500000e-01  2.50000000e+00 -2.51000089e-12 
 3.55000000e-01  3.55000000e-01  2.50000000e+00 -2.51000089e-12 
 3.57500000e-01  3.57500000e-01  2.50000000e+00 -2.51000089e-12 
 3.60000000e-01  3.60000000e-01  2.50000000e+00 -2.51000262e-12 
 3.62500000e-01  3.62500000e-01  2.50000000e+00 -2.50999915e-12 
 3.65000000e-01  3.65000000e-01  2.50000000e+00 -2.51000262e-12 
 3.67500000e-01  3.67500000e-01  2.50000000e+00 -2.51000262e-12 
 3.70000000e-01  3.70000000e-01  2.50000000e+00 -2.50999915e-12 
 3.72500000e-01  3.72500000e-01  2.50000000e+00 -2.51000089e-12 
 3.75000000e-01  3.75000000e-01  2.50000000e+00 -2.51000089e-12 
 3.77500000e-01  3.77500000e-01  2.50000000e+00 -2.50999915e-12 
 3.80000000e-01  3.80000000e-01  2.50000000e+00 -2.51000089e-12 
 3.82500000e-01  3.82500000e-01  2.50000000e+00 -2.50999915e-12 
 3.85000000e-01  3.85000000e-01  2.50000000e+00 -2.51000609e-12 
 3.87500000e-01  3.87500000e-01  2.50000000e+00 -2.50999915e-12 
 3.90000000e-01  3.90000000e-01  2.50000000e+00 -2.50999915e-12 
 3.92500000e-01  3.92500000e-01  2.50000000e+00 -2.51000089e-12 
 3.95000000e-01  3.95000000e-01  2.50000000e+00 -2.50999742e-12 
 3.97500000e-01  3.97500000e-01  2.50000000e+00 -2.51000262e-12 
 4.00000000e-01  4.00000000e-01  2.50000000e+00 -2.50999915e-12 
 4.02500000e-01  4.02500000e-01  2.50000000e+00 -2.50999915e-12 
 4.05000000e-01  4.05000000e-01  2.50000000e+00 -2.51000089e-12 
 4.07500000e-01  4.07500000e-01  2.50000000e+00 -2.51000089e-12 
 4.10000000e-01  4.10000000e-01  2.50000000e+00 -2.50999915e-12 
 4.12500000e-01  4.12500000e-01  2.50000000e+00 -2.50999915e-12 
 4.15000000e-01  4.15000000e-01  2.50000000e+00 -2.50999915e-12 
 4.17500000e-01  4.17500000e-01  2.50000000e+00 -2.51000089e-12 
 4.20000000e-01  4.20000000e-01  2.50000000e+00 -2.51000089e-12 
 4.22500000e-01  4.22500000e-01  2.50000000e+00 -2.50999742e-12 
 4.25000000e-01  4.25000000e-01  2.50000000e+00 -2.50999742e-12 
 4.27500000e-01  4.27500000e-01  2.50000000e+00 -2.50999915e-12 
 4.30000000e-01  4.30000000e-01  2.50000000e+00 -2.51000262e-12 
 4.32500000e-01  4.32500000e-01  2.50000000e+00 -2.51530741e-12 
 4.35000000e-01  4.35000000e-01  2.50000000e+00 -2.52057576e-12 
 4.37500000e-01  4.37500000e-01  2.50000000e+00 -2.52569146e-12 
 4.40000000e-01  4.40000000e-01  2.50000000e+00 -2.53072042e-12 
 4.42500000e-01  4.42500000e-01  2.50000000e+00 -2.53566786e-12 
 4.45000000e-01  4.45000000e-01  2.50000000e+00 -2.54054243e-12 
 4.47500000e-01  4.47500000e-01  2.50000000e+00 -2.54534588e-12 
 4.50000000e-01  4.50000000e-01  2.50000000e+00 -2.55008167e-12 
 4.52500000e-01  4.52500000e-01  2.50000000e+00 -2.55475502e-12 
 4.55000000e-01  4.55000000e-01  2.50000000e+00 -2.55938153e-12 
 4.57500000e-01  4.57500000e-01  2.50000000e+00 -2.56394905e-12 
 4.60000000e-01  4.60000000e-01  2.50000000e+00 -2.56847321e-12 
 4.62500000e-01  4.62500000e-01  2.50000000e+00 -2.57294880e-12 
 4.65000000e-01  4.65000000e-01  2.50000000e+00 -2.57738969e-12 
 4.67500000e-01  4.67500000e-01  2.50000000e+00 -2.58178721e-12 
 4.70000000e-01  4.70000000e-01  2.50000000e+00 -2.58615178e-12 
 4.72500000e-01  4.72500000e-01  2.50000000e+00 -2.59048685e-12 
 4.75000000e-01  4.75000000e-01  2.50000000e+00 -2.59478550e-12 
 4.77500000e-01  4.77500000e-01  2.50000000e+00 -2.59905986e-12 
 4.80000000e-01  4.80000000e-01  2.50000000e+00 -2.60330819e-12 
 4.82500000e-01  4.82500000e-01  2.50000000e+00 -2.60753051e-12 
 4.85000000e-01  4.85000000e-01  2.50000000e+00 -2.61173722e-12 
 4.87500000e-01  4.87500000e-01  2.50000000e+00 -2.61591443e-12 
 4.90000000e-01  4.90000000e-01  2.50000000e+00 -2.62007950e-12 
 4.92500000e-01  4.92500000e-01  2.50000000e+00 -2.62422375e-12 
 4.95000000e-01  4.95000000e-01  2.50000000e+00 -2.62835413e-12 
 4.97500000e-01  4.97500000e-01  2.50000000e+00 -2.63246890e-12 
 5.00000000e-01  5.00000000e-01  2.50000000e+00 -2.63656805e-12 
 5.02500000e-01  5.02500000e-01  2.50000000e+00 -2.64065853e-12 
 5.05000000e-01  5.05000000e-01  2.50000000e+00 -2.64473513e-12 
 5.07500000e-01  5.07500000e-01  2.50000000e+00 -2.64880305e-12 
 5.10000000e-01  5.10000000e-01  2.50000000e+00 -2.65286057e-12 
 5.12500000e-01  5.12500000e-01  2.50000000e+00 -2.65691115e-12 
 5.15000000e-01  5.15000000e-01  2.50000000e+00 -2.66094785e-12 
 5.17500000e-01  5.17500000e-01  2.50000000e+00 -2.66497935e-12 
 5.20000000e-01  5.20000000e-01  2.50000000e+00 -2.66900564e-12 
 5.22500000e-01  5.22500000e-01  2.50000000e+00 -2.67302673e-12 
 5.25000000e-01  5.25000000e-01  2.50000000e+00 -2.67704262e-12 
 5.27500000e-01  5.27500000e-01  2.50000000e+00 -2.68104636e-12 
 5.30000000e-01  5.30000000e-01  2.50000000e+00 -2.68504836e-12 
 5.32500000e-01  5.32500000e-01  2.50000000e+00 -2.68995416e-12 
 5.35000000e-01  5.35000000e-01  2.50000000e+00 -2.69388158e-12 
 5.37500000e-01  5.37500000e-01  2.50000000e+00 -2.69781072e-12 
 5.40000000e-01  5.40000000e-01  2.50000000e+00 -2.70174161e-12 
 5.42500000e-01  5.42500000e-01  2.50000000e+00 -2.70567249e-12 
 5.45000000e-01  5.45000000e-01  2.50000000e+00 -2.70961031e-12 
 5.47500000e-01  5.47500000e-01  2.50000000e+00 -2.71354120e-12 
 5.50000000e-01  5.50000000e-01  2.50000000e+00 -2.71747728e-12 
 5.52500000e-01  5.52500000e-01  2.50000000e+00 -2.72141511e-12 
 5.55000000e-01  5.55000000e-01  2.50000000e+00 -2.72535466e-12 
 5.57500000e-01  5.57500000e-01  2.50000000e+00 -2.72929249e-12 
 5.60000000e-01  5.60000000e-01  2.50000000e+00 -2.73323378e-12 
 5.62500000e-01  5.62500000e-01  2.50000000e+00 -2.73717160e-12 
 5.65000000e-01  5.65000000e-01  2.50000000e+00 -2.74111636e-12 
 5.67500000e-01  5.67500000e-01  2.50000000e+00 -2.74506112e-12 
 5.70000000e-01  5.70000000e-01  2.50000000e+00 -2.74900588e-12 
 5.72500000e-01  5.72500000e-01  2.50000000e+00 -2.75294891e-12 
 5.75000000e-01  5.75000000e-01  2.50000000e+00 -2.75689888e-12 
 5.77500000e-01  5.77500000e-01  2.50000000e+00 -2.76084537e-12 
 5.80000000e-01  5.80000000e-01  2.50000000e+00 -2.76480054e-12 
 5.82500000e-01  5.82500000e-01  2.50000000e+00 -2.76874704e-12 
 5.85000000e-01  5.85000000e-01  2.50000000e+00 -2.77270047e-12 
 5.87500000e-01  5.87500000e-01  2.50000000e+00 -2.77665217e-12 
 5.90000000e-01  5.90000000e-01  2.50000000e+00 -2.78060561e-12 
 5.92500000e-01  5.92500000e-01  2.50000000e+00 -2.78456251e-12 
 5.95000000e-01  5.95000000e-01  2.50000000e+00 -2.78852115e-12 
 5.97500000e-01  5.97500000e-01  2.50000000e+00 -2.79247719e-12 
 6.00000000e-01  6.00000000e-01  2.50000000e+00 -2.79643756e-12 
 6.02500000e-01  6.02500000e-01  2.50000000e+00 -2.80039360e-12 
 6.05000000e-01  6.05000000e-01  2.50000000e+00 -2.80435657e-12 
 6.07500000e-01  6.07500000e-01  2.50000000e+00 -2.80832128e-12 
 6.10000000e-01  6.10000000e-01  2.50000000e+00 -2.81228166e-12 
 6.12500000e-01  6.12500000e-01  2.50000000e+00 -2.81624637e-12 
 6.15000000e-01  6.15000000e-01  2.50000000e+00 -2.82021195e-12 
 6.17500000e-01  6.17500000e-01  2.50000000e+00 -2.82418013e-12 
 6.20000000e-01  6.20000000e-01  2.50000000e+00 -2.82814657e-12 
 6.22500000e-01  6.22500000e-01  2.50000000e+00 -2.83211649e-12 
 6.25000000e-01  6.25000000e-01  2.50000000e+00 -2.83608380e-12 
 6.27500000e-01  6.27500000e-01  2.50000000e+00 -2.84005371e-12 
 6.30000000e-01  6.30000000e-01  2.50000000e+00 -2.84402710e-12 
 6.32500000e-01  6.32500000e-01  2.50000000e+00 -2.84799875e-12 
 6.35000000e-01  6.35000000e-01  2.50000000e+00 -2.85197473e-12 
 6.37500000e-01  6.37500000e-01  2.50000000e+00 -2.85594725e-12 
 6.40000000e-01  6.40000000e-01  2.50000000e+00 -2.85992497e-12 
 6.42500000e-01  6.42500000e-01  2.50000000e+00 -2.86390269e-12 
 6.45000000e-01  6.45000000e-01  2.50000000e+00 -2.86787954e-12 
 6.47500000e-01  6.47500000e-01  2.50000000e+00 -2.87186074e-12 
 6.50000000e-01  6.50000000e-01  2.50000000e+00 -2.87583932e-12 
 6.52500000e-01  6.52500000e-01  2.50000000e+00 -2.87982051e-12 
 6.55000000e-01  6.55000000e-01  2.50000000e+00 -2.88380431e-12 
 6.57500000e-01  6.57500000e-01  2.50000000e+00 -2.88778723e-12 
 6.60000000e-01  6.60000000e-01  2.50000000e+00 -2.89177102e-12 
 6.62500000e-01  6.62500000e-01  2.50000000e+00 -2.89575568e-12 
 6.65000000e-01  6.65000000e-01  2.50000000e+00 -2.89974555e-12 
 6.67500000e-01  6.67500000e-01  2.50000000e+00 -2.90373108e-12 
 6.70000000e-01  6.70000000e-01  2.50000000e+00 -2.90771920e-12 
 6.72500000e-01  6.72500000e-01  2.50000000e+00 -2.91171080e-12 
 6.75000000e-01  6.75000000e-01  2.50000000e+00 -2.91570327e-12 
 6.77500000e-01  6.77500000e-01  2.50000000e+00 -2.91969313e-12 
 6.80000000e-01  6.80000000e-01  2.50000000e+00 -2.92368300e-12 
 6.82500000e-01  6.82500000e-01  2.50000000e+00 -2.92767807e-12 
 6.85000000e-01  6.85000000e-01  2.50000000e+00 -2.93167487e-12 
 6.87500000e-01  6.87500000e-01  2.50000000e+00 -2.93566907e-12 
 6.90000000e-01  6.90000000e-01  2.50000000e+00 -2.93966500e-12 
 6.92500000e-01  6.92500000e-01  2.50000000e+00 -2.94366441e-12 
 6.95000000e-01  6.95000000e-01  2.50000000e+00 -2.94766295e-12 
 6.97500000e-01  6.97500000e-01  2.50000000e+00 -2.95166235e-12 
 7.00000000e-01  7.00000000e-01  2.50000000e+00 -2.95566176e-12 
 7.02500000e-01  7.02500000e-01  2.50000000e+00 -2.95966723e-12 
 7.05000000e-01  7.05000000e-01  2.50000000e+00 -2.96366664e-12 
 7.07500000e-01  7.07500000e-01  2.50000000e+00 -2.96767038e-12 
 7.10000000e-01  7.10000000e-01  2.50000000e+00 -2.97167672e-12 
 7.12500000e-01  7.12500000e-01  2.50000000e+00 -2.97568047e-12 
 7.15000000e-01  7.15000000e-01  2.50000000e+00 -2.97968768e-12 
 7.17500000e-01  7.17500000e-01  2.50000000e+00 -2.98369402e-12 
 7.20000000e-01  7.20000000e-01  2.50000000e+00 -2.98770644e-12 
 7.22500000e-01  7.22500000e-01  2.50000000e+00 -2.99171278e-12 
 7.25000000e-01  7.25000000e-01  2.50000000e+00 -2.99572259e-12 
 7.27500000e-01  7.27500000e-01  2.50000000e+00 -2.99973414e-12 
 7.30000000e-01  7.30000000e-01  2.50000000e+00 -3.00374656e-12 
 7.32500000e-01  7.32500000e-01  2.50000000e+00 -3.00775897e-12 
 7.35000000e-01  7.35000000e-01  2.50000000e+00 -3.01177659e-12 
 7.37500000e-01  7.37500000e-01  2.50000000e+00 -3.01579248e-12 
 7.40000000e-01  7.40000000e-01  2.50000000e+00 -3.01980749e-12 
 7.42500000e-01  7.42500000e-01  2.50000000e+00 -3.02382338e-12 
 7.45000000e-01  7.45000000e-01  2.50000000e+00 -3.02783926e-12 
 7.47500000e-01  7.47500000e-01  2.50000000e+00 -3.03186035e-12 
 7.50000000e-01  7.50000000e-01  2.50000000e+00 -3.03587971e-12 
 7.52500000e-01  7.52500000e-01  2.50000000e+00 -3.03990253e-12 
 7.55000000e-01  7.55000000e-01  2.50000000e+00 -3.04392189e-12 
 7.57500000e-01  7.57500000e-01  2.50000000e+00 -3.04794558e-12 
 7.60000000e-01  7.60000000e-01  2.50000000e+00 -3.05197013e-12 
 7.62500000e-01  7.62500000e-01  2.50000000e+00 -3.05599556e-12 
 7.65000000e-01  7.65000000e-01  2.50000000e+00 -3.06001838e-12 
 7.67500000e-01  7.67500000e-01  2.50000000e+00 -3.06404381e-12 
 7.70000000e-01  7.70000000e-01  2.50000000e+00 -3.06807097e-12 
 7.72500000e-01  7.72500000e-01  2.50000000e+00 -3.07209987e-12 
 7.75000000e-01  7.75000000e-01  2.50000000e+00 -3.07612616e-12 
 7.77500000e-01  7.77500000e-01  2.50000000e+00 -3.08015939e-12 
 7.80000000e-01  7.80000000e-01  2.50000000e+00 -3.08418829e-12 
 7.82500000e-01  7.82500000e-01  2.50000000e+00 -3.08822152e-12 
 7.85000000e-01  7.85000000e-01  2.50000000e+00 -3.09225388e-12 
 7.87500000e-01  7.87500000e-01  2.50000000e+00 -3.09628625e-12 
 7.90000000e-01  7.90000000e-01  2.50000000e+00 -3.10032122e-12 
 7.92500000e-01  7.92500000e-01  2.50000000e+00 -3.10435531e-12 
 7.95000000e-01  7.95000000e-01  2.50000000e+00 -3.10839202e-12 
 7.97500000e-01  7.97500000e-01  2.50000000e+00 -3.11242872e-12 
 8.00000000e-01  8.00000000e-01  2.50000000e+00 -3.11646629e-12 
 8.02500000e-01  8.02500000e-01  2.50000000e+00 -3.12050732e-12 
 8.05000000e-01  8.05000000e-01  2.50000000e+00 -3.12454663e-12 
 8.07500000e-01  8.07500000e-01  2.50000000e+00 -3.12858593e-12 
 8.10000000e-01  8.10000000e-01  2.50000000e+00 -3.13262957e-12 
 8.12500000e-01  8.12500000e-01  2.50000000e+00 -3.13666801e-12 
 8.15000000e-01  8.15000000e-01  2.50000000e+00 -3.14071425e-12 
 8.17500000e-01  8.17500000e-01  2.50000000e+00 -3.14475702e-12 
 8.20000000e-01  8.20000000e-01  2.50000000e+00 -3.14880240e-12 
 8.22500000e-01  8.22500000e-01  2.50000000e+00 -3.15284604e-12 
 8.25000000e-01  8.25000000e-01  2.50000000e+00 -3.15689488e-12 
 8.27500000e-01  8.27500000e-01  2.50000000e+00 -3.16094199e-12 
 8.30000000e-01  8.30000000e-01  2.50000000e+00 -3.16499257e-12 
 8.32500000e-01  8.32500000e-01  2.50000000e+00 -3.16903968e-12 
 8.35000000e-01  8.35000000e-01  2.50000000e+00 -3.17308766e-12 
 8.37500000e-01  8.37500000e-01  2.50000000e+00 -3.17714171e-12 
 8.40000000e-01  8.40000000e-01  2.50000000e+00 -3.18119229e-12 
 8.42500000e-01  8.42500000e-01  2.50000000e+00 -3.18524720e-12 
 8.45000000e-01  8.45000000e-01  2.50000000e+00 -3.18929865e-12 
 8.47500000e-01  8.47500000e-01  2.50000000e+00 -3.19335270e-12 
 8.50000000e-01  8.50000000e-01  2.50000000e+00 -3.19740675e-12 
 8.52500000e-01  8.52500000e-01  2.50000000e+00 -3.20146427e-12 
 8.55000000e-01  8.55000000e-01  2.50000000e+00 -3.20551918e-12 
 8.57500000e-01  8.57500000e-01  2.50000000e+00 -3.20957757e-12 
 8.60000000e-01  8.60000000e-01  2.50000000e+00 -3.21363509e-12 
 8.62500000e-01  8.62500000e-01  2.50000000e+00 -3.21769434e-12 
 8.65000000e-01  8.65000000e-01  2.50000000e+00 -3.22175533e-12 
 8.67500000e-01  8.67500000e-01  2.50000000e+00 -3.22581545e-12 
 8.70000000e-01  8.70000000e-01  2.50000000e+00 -3.22987644e-12 
 8.72500000e-01  8.72500000e-01  2.50000000e+00 -3.23394263e-12 
 8.75000000e-01  8.75000000e-01  2.50000000e+00 -3.23800448e-12 
 8.77500000e-01  8.77500000e-01  2.50000000e+00 -3.24206634e-12 
 8.80000000e-01  8.80000000e-01  2.50000000e+00 -3.24613166e-12 
 8.82500000e-01  8.82500000e-01  2.50000000e+00 -3.25019872e-12 
 8.85000000e-01  8.85000000e-01  2.50000000e+00 -3.25426318e-12 
 8.87500000e-01  8.87500000e-01  2.50000000e+00 -3.25833110e-12 
 8.90000000e-01  8.90000000e-01  2.50000000e+00 -3.26239903e-12 
 8.92500000e-01  8.92500000e-01  2.50000000e+00 -3.26646869e-12 
 8.95000000e-01  8.95000000e-01  2.50000000e+00 -3.27054009e-12 
 8.97500000e-01  8.97500000e-01  2.50000000e+00 -3.27460715e-12 
 9.00000000e-01  9.00000000e-01  2.50000000e+00 -3.27867941e-12 
 9.02500000e-01  9.02500000e-01  2.50000000e+00 -3.28275254e-12 
 9.05000000e-01  9.05000000e-01  2.50000000e+00 -3.28682567e-12 
 9.07500000e-01  9.07500000e-01  2.50000000e+00 -3.29090054e-12 
 9.10000000e-01  9.10000000e-01  2.50000000e+00 -3.29497280e-12 
 9.12500000e-01  9.12500000e-01  2.50000000e+00 -3.29904853e-12 
 9.15000000e-01  9.15000000e-01  2.50000000e+00 -3.30312427e-12 
 9.17500000e-01  9.17500000e-01  2.50000000e+00 -3.30720173e-12 
 9.20000000e-01  9.20000000e-01  2.50000000e+00 -3.31127920e-12 
 9.22500000e-01  9.22500000e-01  2.50000000e+00 -3.31535667e-12 
 9.25000000e-01  9.25000000e-01  2.50000000e+00 -3.31943674e-12 
 9.27500000e-01  9.27500000e-01  2.50000000e+00 -3.32351768e-12 
 9.30000000e-01  9.30000000e-01  2.50000000e+00 -3.32759948e-12 
 9.32500000e-01  9.32500000e-01  2.50000000e+00 -3.33167868e-12 
 9.35000000e-01  9.35000000e-01  2.50000000e+00 -3.33576049e-12 
 9.37500000e-01  9.37500000e-01  2.50000000e+00 -3.33984056e-12 
 9.40000000e-01  9.40000000e-01  2.50000000e+00 -3.34392583e-12 
 9.42500000e-01  9.42500000e-01  2.50000000e+00 -3.34801284e-12 
 9.45000000e-01  9.45000000e-01  2.50000000e+00 -3.35209811e-12 
 9.47500000e-01  9.47500000e-01  2.50000000e+00 -3.35618078e-12 
 9.50000000e-01  9.50000000e-01  2.50000000e+00 -3.36027126e-12 
 9.52500000e-01  9.52500000e-01  2.50000000e+00 -3.36435654e-12 
 9.55000000e-01  9.55000000e-01  2.50000000e+00 -3.36844354e-12 
 9.57500000e-01  9.57500000e-01  2.50000000e+00 -3.37253576e-12 
 9.60000000e-01  9.60000000e-01  2.50000000e+00 -3.37662277e-12 
 9.62500000e-01  9.62500000e-01  2.50000000e+00 -3.38071498e-12 
 9.65000000e-01  9.65000000e-01  2.50000000e+00 -3.38480632e-12 
 9.67500000e-01  9.67500000e-01  2.50000000e+00 -3.38889767e-12 
 9.70000000e-01  9.70000000e-01  2.50000000e+00 -3.39298901e-12 
 9.72500000e-01  9.72500000e-01  2.50000000e+00 -3.39708383e-12 
 9.75000000e-01  9.75000000e-01  2.50000000e+00 -3.40117691e-12 
 9.77500000e-01  9.77500000e-01  2.50000000e+00 -3.40527259e-12 
 9.80000000e-01  9.80000000e-01  2.50000000e+00 -3.40936741e-12 
 9.82500000e-01  9.82500000e-01  2.50000000e+00 -3.41346656e-12 
 9.85000000e-01  9.85000000e-01  2.50000000e+00 -3.41756137e-12 
 9.87500000e-01  9.87500000e-01  2.50000000e+00 -3.42165966e-12 
 9.90000000e-01  9.90000000e-01  2.50000000e+00 -3.42575621e-12 
 9.92500000e-01  9.92500000e-01  2.50000000e+00 -3.42985709e-12 
 9.95000000e-01  9.95000000e-01  2.50000000e+00 -3.43395624e-12 
 9.97500000e-01  9.97500000e-01  2.50000000e+00 -3.43805800e-12 
 1.00000000e+00  1.00000000e+00  2.50000000e+00 -3.44215802e-12 
 1.00250000e+00  1.00250000e+00  2.50000000e+00 -3.44625977e-12 
 1.00500000e+00  1.00500000e+00  2.50000000e+00 -3.45036499e-12 
 1.00750000e+00  1.00750000e+00  2.50000000e+00 -3.45446761e-12 
 1.01000000e+00  1.01000000e+00  2.50000000e+00 -3.45857284e-12 
 1.01250000e+00  1.01250000e+00  2.50000000e+00 -3.46267546e-12 
 1.01500000e+00  1.01500000e+00  2.50000000e+00 -3.46678242e-12 
 1.01750000e+00  1.01750000e+00  2.50000000e+00 -3.47089024e-12 
 1.02000000e+00  1.02000000e+00  2.50000000e+00 -3.47499546e-12 
 1.02250000e+00  1.02250000e+00  2.50000000e+00 -3.47910416e-12 
 1.02500000e+00  1.02500000e+00  2.50000000e+00 -3.48321198e-12 
 1.02750000e+00  1.02750000e+00  2.50000000e+00 -3.48732328e-12 
 1.03000000e+00  1.03000000e+00  2.50000000e+00 -3.49143024e-12 
 1.03250000e+00  1.03250000e+00  2.50000000e+00 -3.49554240e-12 
 1.03500000e+00  1.03500000e+00  2.50000000e+00 -3.49965369e-12 
 1.03750000e+00  1.03750000e+00  2.50000000e+00 -3.50376499e-12 
 1.04000000e+00  1.04000000e+00  2.50000000e+00 -3.50787888e-12 
 1.04250000e+00  1.04250000e+00  2.50000000e+00 -3.51199105e-12 
 1.04500000e+00  1.04500000e+00  2.50000000e+00 -3.51610494e-12 
 1.04750000e+00  1.04750000e+00  2.50000000e+00 -3.52021971e-12 
 1.05000000e+00  1.05000000e+00  2.50000000e+00 -3.52433794e-12 
 1.05250000e+00  1.05250000e+00  2.50000000e+00 -3.52844923e-12 
 1.05500000e+00  1.05500000e+00  2.50000000e+00 -3.53256660e-12 
 1.05750000e+00  1.05750000e+00  2.50000000e+00 -3.53668570e-12 
 1.06000000e+00  1.06000000e+00  2.50000000e+00 -3.54080393e-12 
 1.06250000e+00  1.06250000e+00  2.50000000e+00 -3.54492043e-12 
 1.06500000e+00  1.06500000e+00  2.50000000e+00 -3.54904300e-12 
 1.06750000e+00  1.06750000e+00  2.50000000e+00 -3.55316124e-12 
 1.07000000e+00  1.07000000e+00  2.50000000e+00 -3.55728121e-12 
 1.07250000e+00  1.07250000e+00  2.50000000e+00 -3.56140291e-12 
 1.07500000e+00  1.07500000e+00  2.50000000e+00 -3.56552808e-12 
 1.07750000e+00  1.07750000e+00  2.50000000e+00 -3.56964892e-12 
 1.08000000e+00  1.08000000e+00  2.50000000e+00 -3.57377582e-12 
 1.08250000e+00  1.08250000e+00  2.50000000e+00 -3.57789666e-12 
 1.08500000e+00  1.08500000e+00  2.50000000e+00 -3.58202096e-12 
 1.08750000e+00  1.08750000e+00  2.50000000e+00 -3.58614700e-12 
 1.09000000e+00  1.09000000e+00  2.50000000e+00 -3.59027391e-12 
 1.09250000e+00  1.09250000e+00  2.50000000e+00 -3.59439908e-12 
 1.09500000e+00  1.09500000e+00  2.50000000e+00 -3.59852773e-12 
 1.09750000e+00  1.09750000e+00  2.50000000e+00 -3.60265637e-12 
 1.10000000e+00  1.10000000e+00  2.50000000e+00 -3.60678414e-12 
 1.10250000e+00  1.10250000e+00  2.50000000e+00 -3.61091365e-12 
 1.10500000e+00  1.10500000e+00  2.50000000e+00 -3.61504403e-12 
 1.10750000e+00  1.10750000e+00  2.50000000e+00 -3.61917354e-12 
 1.11000000e+00  1.11000000e+00  2.50000000e+00 -3.62330565e-12 
 1.11250000e+00  1.11250000e+00  2.50000000e+00 -3.62743603e-12 
 1.11500000e+00  1.11500000e+00  2.50000000e+00 -3.63157074e-12 
 1.11750000e+00  1.11750000e+00  2.50000000e+00 -3.63570285e-12 
 1.12000000e+00  1.12000000e+00  2.50000000e+00 -3.63983756e-12 
 1.12250000e+00  1.12250000e+00  2.50000000e+00 -3.64397054e-12 
 1.12500000e+00  1.12500000e+00  2.50000000e+00 -3.64810699e-12 
 1.12750000e+00  1.12750000e+00  2.50000000e+00 -3.65224344e-12 
 1.13000000e+00  1.13000000e+00  2.50000000e+00 -3.65637989e-12 
 1.13250000e+00  1.13250000e+00  2.50000000e+00 -3.66051633e-12 
 1.13500000e+00  1.13500000e+00  2.50000000e+00 -3.66465365e-12 
 1.13750000e+00  1.13750000e+00  2.50000000e+00 -3.66879183e-12 
 1.14000000e+00  1.14000000e+00  2.50000000e+00 -3.67293175e-12 
 1.14250000e+00  1.14250000e+00  2.50000000e+00 -3.67707167e-12 
 1.14500000e+00  1.14500000e+00  2.50000000e+00 -3.68121159e-12 
 1.14750000e+00  1.14750000e+00  2.50000000e+00 -3.68535237e-12 
 1.15000000e+00  1.15000000e+00  2.50000000e+00 -3.68949316e-12 
 1.15250000e+00  1.15250000e+00  2.50000000e+00 -3.69363481e-12 
 1.15500000e+00  1.15500000e+00  2.50000000e+00 -3.69777819e-12 
 1.15750000e+00  1.15750000e+00  2.50000000e+00 -3.70192245e-12 
 1.16000000e+00  1.16000000e+00  2.50000000e+00 -3.70606584e-12 
 1.16250000e+00  1.16250000e+00  2.50000000e+00 -3.71021009e-12 
 1.16500000e+00  1.16500000e+00  2.50000000e+00 -3.71435608e-12 
 1.16750000e+00  1.16750000e+00  2.50000000e+00 -3.71850120e-12 
 1.17000000e+00  1.17000000e+00  2.50000000e+00 -3.72264806e-12 
 1.17250000e+00  1.17250000e+00  2.50000000e+00 -3.72679491e-12 
 1.17500000e+00  1.17500000e+00  2.50000000e+00 -3.73094524e-12 
 1.17750000e+00  1.17750000e+00  2.50000000e+00 -3.73509210e-12 
 1.18000000e+00  1.18000000e+00  2.50000000e+00 -3.73924069e-12 
 1.18250000e+00  1.18250000e+00  2.50000000e+00 -3.74338928e-12 
 1.18500000e+00  1.18500000e+00  2.50000000e+00 -3.74754307e-12 
 1.18750000e+00  1.18750000e+00  2.50000000e+00 -3.75169253e-12 
 1.19000000e+00  1.19000000e+00  2.50000000e+00 -3.75584112e-12 
 1.19250000e+00  1.19250000e+00  2.50000000e+00 -3.75999318e-12 
 1.19500000e+00  1.19500000e+00  2.50000000e+00 -3.76414611e-12 
 1.19750000e+00  1.19750000e+00  2.50000000e+00 -3.76830164e-12 
 1.20000000e+00  1.20000000e+00  2.50000000e+00 -3.77245544e-12 
 1.20250000e+00  1.20250000e+00  2.50000000e+00 -3.77660923e-12 
 1.20500000e+00  1.20500000e+00  2.50000000e+00 -3.78076390e-12 
 1.20750000e+00  1.20750000e+00  2.50000000e+00 -3.78491856e-12 
 1.21000000e+00  1.21000000e+00  2.50000000e+00 -3.78907409e-12 
 1.21250000e+00  1.21250000e+00  2.50000000e+00 -3.79323222e-12 
 1.21500000e+00  1.21500000e+00  2.50000000e+00 -3.79738688e-12 
 1.21750000e+00  1.21750000e+00  2.50000000e+00 -3.80154762e-12 
 1.22000000e+00  1.22000000e+00  2.50000000e+00 -3.80570749e-12 
 1.22250000e+00  1.22250000e+00  2.50000000e+00 -3.80986562e-12 
 1.22500000e+00  1.22500000e+00  2.50000000e+00 -3.81402375e-12 
 1.22750000e+00  1.22750000e+00  2.50000000e+00 -3.81818362e-12 
 1.23000000e+00  1.23000000e+00  2.50000000e+00 -3.82234522e-12 
 1.23250000e+00  1.23250000e+00  2.50000000e+00 -3.82650509e-12 
 1.23500000e+00  1.23500000e+00  2.50000000e+00 -3.83066842e-12 
 1.23750000e+00  1.23750000e+00  2.50000000e+00 -3.83483089e-12 
 1.24000000e+00  1.24000000e+00  2.50000000e+00 -3.83899249e-12 
 1.24250000e+00  1.24250000e+00  2.50000000e+00 -3.84315930e-12 
 1.24500000e+00  1.24500000e+00  2.50000000e+00 -3.84732177e-12 
 1.24750000e+00  1.24750000e+00  2.50000000e+00 -3.85148771e-12 
 1.25000000e+00  1.25000000e+00  2.50000000e+00 -3.85565278e-12 
 1.25250000e+00  1.25250000e+00  2.50000000e+00 -3.85981958e-12 
 1.25500000e+00  1.25500000e+00  2.50000000e+00 -3.86398465e-12 
 1.25750000e+00  1.25750000e+00  2.50000000e+00 -3.86815233e-12 
 1.26000000e+00  1.26000000e+00  2.50000000e+00 -3.87232173e-12 
 1.26250000e+00  1.26250000e+00  2.50000000e+00 -3.87648594e-12 
 1.26500000e+00  1.26500000e+00  2.50000000e+00 -3.88065795e-12 
 1.26750000e+00  1.26750000e+00  2.50000000e+00 -3.88482649e-12 
 1.27000000e+00  1.27000000e+00  2.50000000e+00 -3.88899676e-12 
 1.27250000e+00  1.27250000e+00  2.50000000e+00 -3.89316704e-12 
 1.27500000e+00  1.27500000e+00  2.50000000e+00 -3.89733992e-12 
 1.27750000e+00  1.27750000e+00  2.50000000e+00 -3.90150932e-12 
 1.28000000e+00  1.28000000e+00  2.50000000e+00 -3.90568133e-12 
 1.28250000e+00  1.28250000e+00  2.50000000e+00 -3.90985595e-12 
 1.28500000e+00  1.28500000e+00  2.50000000e+00 -3.91402969e-12 
 1.28750000e+00  1.28750000e+00  2.50000000e+00 -3.91820344e-12 
 1.29000000e+00  1.29000000e+00  2.50000000e+00 -3.92237631e-12 
 1.29250000e+00  1.29250000e+00  2.50000000e+00 -3.92655266e-12 
 1.29500000e+00  1.29500000e+00  2.50000000e+00 -3.93072901e-12 
 1.29750000e+00  1.29750000e+00  2.50000000e+00 -3.93490622e-12 
 1.30000000e+00  1.30000000e+00  2.50000000e+00 -3.93908257e-12 
 1.30250000e+00  1.30250000e+00  2.50000000e+00 -3.94325718e-12 
 1.30500000e+00  1.30500000e+00  2.50000000e+00 -3.94743700e-12 
 1.30750000e+00  1.30750000e+00  2.50000000e+00 -3.95161334e-12 
 1.31000000e+00  1.31000000e+00  2.50000000e+00 -3.95579403e-12 
 1.31250000e+00  1.31250000e+00  2.50000000e+00 -3.95997297e-12 
 1.31500000e+00  1.31500000e+00  2.50000000e+00 -3.96415539e-12 
 1.31750000e+00  1.31750000e+00  2.50000000e+00 -3.96833174e-12 
 1.32000000e+00  1.32000000e+00  2.50000000e+00 -3.97251329e-12 
 1.32250000e+00  1.32250000e+00  2.50000000e+00 -3.97669571e-12 
 1.32500000e+00  1.32500000e+00  2.50000000e+00 -3.98087813e-12 
 1.32750000e+00  1.32750000e+00  2.50000000e+00 -3.98506055e-12 
 1.33000000e+00  1.33000000e+00  2.50000000e+00 -3.98924383e-12 
 1.33250000e+00  1.33250000e+00  2.50000000e+00 -3.99342712e-12 
 1.33500000e+00  1.33500000e+00  2.50000000e+00 -3.99761300e-12 
 1.33750000e+00  1.33750000e+00  2.50000000e+00 -4.00179629e-12 
 1.34000000e+00  1.34000000e+00  2.50000000e+00 -4.00598391e-12 
 1.34250000e+00  1.34250000e+00  2.50000000e+00 -4.01017067e-12 
 1.34500000e+00  1.34500000e+00  2.50000000e+00 -4.01435482e-12 
 1.34750000e+00  1.34750000e+00  2.50000000e+00 -4.01854244e-12 
 1.35000000e+00  1.35000000e+00  2.50000000e+00 -4.02272833e-12 
 1.35250000e+00  1.35250000e+00  2.50000000e+00 -4.02691769e-12 
 1.35500000e+00  1.35500000e+00  2.50000000e+00 -4.03110531e-12 
 1.35750000e+00  1.35750000e+00  2.50000000e+00 -4.03529467e-12 
 1.36000000e+00  1.36000000e+00  2.50000000e+00 -4.03948489e-12 
 1.36250000e+00  1.36250000e+00  2.50000000e+00 -4.04367425e-12 
 1.36500000e+00  1.36500000e+00  2.50000000e+00 -4.04786447e-12 
 1.36750000e+00  1.36750000e+00  2.50000000e+00 -4.05205643e-12 
 1.37000000e+00  1.37000000e+00  2.50000000e+00 -4.05624926e-12 
 1.37250000e+00  1.37250000e+00  2.50000000e+00 -4.06044122e-12 
 1.37500000e+00  1.37500000e+00  2.50000000e+00 -4.06463491e-12 
 1.37750000e+00  1.37750000e+00  2.50000000e+00 -4.06882687e-12 
 1.38000000e+00  1.38000000e+00  2.50000000e+00 -4.07302057e-12 
 1.38250000e+00  1.38250000e+00  2.50000000e+00 -4.07721600e-12 
 1.38500000e+00  1.38500000e+00  2.50000000e+00 -4.08140882e-12 
 1.38750000e+00  1.38750000e+00  2.50000000e+00 -4.08560512e-12 
 1.39000000e+00  1.39000000e+00  2.50000000e+00 -4.08980141e-12 
 1.39250000e+00  1.39250000e+00  2.50000000e+00 -4.09399684e-12 
 1.39500000e+00  1.39500000e+00  2.50000000e+00 -4.09819574e-12 
 1.39750000e+00  1.39750000e+00  2.50000000e+00 -4.10239117e-12 
 1.40000000e+00  1.40000000e+00  2.50000000e+00 -4.10658833e-12 
 1.40250000e+00  1.40250000e+00  2.50000000e+00 -4.11078983e-12 
 1.40500000e+00  1.40500000e+00  2.50000000e+00 -4.11498613e-12 
 1.40750000e+00  1.40750000e+00  2.50000000e+00 -4.11918590e-12 
 1.41000000e+00  1.41000000e+00  2.50000000e+00 -4.12338566e-12 
 1.41250000e+00  1.41250000e+00  2.50000000e+00 -4.12758716e-12 
 1.41500000e+00  1.41500000e+00  2.50000000e+00 -4.13178779e-12 
 1.41750000e+00  1.41750000e+00  2.50000000e+00 -4.13598843e-12 
 1.42000000e+00  1.42000000e+00  2.50000000e+00 -4.14019166e-12 
 1.42250000e+00  1.42250000e+00  2.50000000e+00 -4.14439143e-12 
 1.42500000e+00  1.42500000e+00  2.50000000e+00 -4.14859553e-12 
 1.42750000e+00  1.42750000e+00  2.50000000e+00 -4.15279876e-12 
 1.43000000e+00  1.43000000e+00  2.50000000e+00 -4.15700460e-12 
 1.43250000e+00  1.43250000e+00  2.50000000e+00 -4.16120870e-12 
 1.43500000e+00  1.43500000e+00  2.50000000e+00 -4.16541281e-12 
 1.43750000e+00  1.43750000e+00  2.50000000e+00 -4.16961864e-12 
 1.44000000e+00  1.44000000e+00  2.50000000e+00 -4.17382448e-12 
 1.44250000e+00  1.44250000e+00  2.50000000e+00 -4.17803292e-12 
 1.44500000e+00  1.44500000e+00  2.50000000e+00 -4.18223702e-12 
 1.44750000e+00  1.44750000e+00  2.50000000e+00 -4.18644720e-12 
 1.45000000e+00  1.45000000e+00  2.50000000e+00 -4.19065390e-12 
 1.45250000e+00  1.45250000e+00  2.50000000e+00 -4.19486147e-12 
 1.45500000e+00  1.45500000e+00  2.50000000e+00 -4.19906991e-12 
 1.45750000e+00  1.45750000e+00  2.50000000e+00 -4.20328009e-12 
 1.46000000e+00  1.46000000e+00  2.50000000e+00 -4.20749199e-12 
 1.46250000e+00  1.46250000e+00  2.50000000e+00 -4.21170130e-12 
 1.46500000e+00  1.46500000e+00  2.50000000e+00 -4.21590974e-12 
 1.46750000e+00  1.46750000e+00  2.50000000e+00 -4.22012078e-12 
 1.47000000e+00  1.47000000e+00  2.50000000e+00 -4.22433269e-12 
 1.47250000e+00  1.47250000e+00  2.50000000e+00 -4.22854547e-12 
 1.47500000e+00  1.47500000e+00  2.50000000e+00 -4.23275737e-12 
 1.47750000e+00  1.47750000e+00  2.50000000e+00 -4.23697449e-12 
 1.48000000e+00  1.48000000e+00  2.50000000e+00 -4.24118553e-12 
 1.48250000e+00  1.48250000e+00  2.50000000e+00 -4.24540264e-12 
 1.48500000e+00  1.48500000e+00  2.50000000e+00 -4.24961802e-12 
 1.48750000e+00  1.48750000e+00  2.50000000e+00 -4.25382906e-12 
 1.49000000e+00  1.49000000e+00  2.50000000e+00 -4.25804704e-12 
 1.49250000e+00  1.49250000e+00  2.50000000e+00 -4.26226155e-12 
 1.49500000e+00  1.49500000e+00  2.50000000e+00 -4.26648040e-12 
 1.49750000e+00  1.49750000e+00  2.50000000e+00 -4.27069664e-12 
 1.50000000e+00  1.50000000e+00  2.50000000e+00 -4.27491202e-12 
 1.50250000e+00  1.50250000e+00  2.50000000e+00 -4.27913260e-12 
 1.50500000e+00  1.50500000e+00  2.50000000e+00 -4.28334972e-12 
 1.50750000e+00  1.50750000e+00  2.50000000e+00 -4.28756770e-12 
 1.51000000e+00  1.51000000e+00  2.50000000e+00 -4.29179088e-12 
 1.51250000e+00  1.51250000e+00  2.50000000e+00 -4.29600539e-12 
 1.51500000e+00  1.51500000e+00  2.50000000e+00 -4.30022771e-12 
 1.51750000e+00  1.51750000e+00  2.50000000e+00 -4.30445089e-12 
 1.52000000e+00  1.52000000e+00  2.50000000e+00 -4.30867061e-12 
 1.52250000e+00  1.52250000e+00  2.50000000e+00 -4.31289032e-12 
 1.52500000e+00  1.52500000e+00  2.50000000e+00 -4.31711437e-12 
 1.52750000e+00  1.52750000e+00  2.50000000e+00 -4.32133669e-12 
 1.53000000e+00  1.53000000e+00  2.50000000e+00 -4.32555988e-12 
 1.53250000e+00  1.53250000e+00  2.50000000e+00 -4.32978479e-12 
 1.53500000e+00  1.53500000e+00  2.50000000e+00 -4.33400711e-12 
 1.53750000e+00  1.53750000e+00  2.50000000e+00 -4.33823377e-12 
 1.54000000e+00  1.54000000e+00  2.50000000e+00 -4.34245695e-12 
 1.54250000e+00  1.54250000e+00  2.50000000e+00 -4.34668707e-12 
 1.54500000e+00  1.54500000e+00  2.50000000e+00 -4.35090852e-12 
 1.54750000e+00  1.54750000e+00  2.50000000e+00 -4.35513691e-12 
 1.55000000e+00  1.55000000e+00  2.50000000e+00 -4.35936096e-12 
 1.55250000e+00  1.55250000e+00  2.50000000e+00 -4.36358848e-12 
 1.55500000e+00  1.55500000e+00  2.50000000e+00 -4.36782034e-12 
 1.55750000e+00  1.55750000e+00  2.50000000e+00 -4.37204613e-12 
 1.56000000e+00  1.56000000e+00  2.50000000e+00 -4.37627365e-12 
 1.56250000e+00  1.56250000e+00  2.50000000e+00 -4.38050464e-12 
 1.56500000e+00  1.56500000e+00  2.50000000e+00 -4.38473043e-12 
 1.56750000e+00  1.56750000e+00  2.50000000e+00 -4.38896228e-12 
 1.57000000e+00  1.57000000e+00  2.50000000e+00 -4.39319327e-12 
 1.57250000e+00  1.57250000e+00  2.50000000e+00 -4.39742600e-12 
 1.57500000e+00  1.57500000e+00  2.50000000e+00 -4.40165439e-12 
 1.57750000e+00  1.57750000e+00  2.50000000e+00 -4.40588885e-12 
 1.58000000e+00  1.58000000e+00  2.50000000e+00 -4.41011897e-12 
 1.58250000e+00  1.58250000e+00  2.50000000e+00 -4.41435343e-12 
 1.58500000e+00  1.58500000e+00  2.50000000e+00 -4.41858616e-12 
 1.58750000e+00  1.58750000e+00  2.50000000e+00 -4.42281888e-12 
 1.59000000e+00  1.59000000e+00  2.50000000e+00 -4.42705334e-12 
 1.59250000e+00  1.59250000e+00  2.50000000e+00 -4.43128780e-12 
 1.59500000e+00  1.59500000e+00  2.50000000e+00 -4.43552226e-12 
 1.59750000e+00  1.59750000e+00  2.50000000e+00 -4.43975846e-12 
 1.60000000e+00  1.60000000e+00  2.50000000e+00 -4.44399465e-12 
 1.60250000e+00  1.60250000e+00  2.50000000e+00 -4.44822824e-12 
 1.60500000e+00  1.60500000e+00  2.50000000e+00 -4.45246704e-12 
 1.60750000e+00  1.60750000e+00  2.50000000e+00 -4.45670497e-12 
 1.61000000e+00  1.61000000e+00  2.50000000e+00 -4.46094290e-12 
 1.61250000e+00  1.61250000e+00  2.50000000e+00 -4.46517909e-12 
 1.61500000e+00  1.61500000e+00  2.50000000e+00 -4.46941876e-12 
 1.61750000e+00  1.61750000e+00  2.50000000e+00 -4.47365582e-12 
 1.62000000e+00  1.62000000e+00  2.50000000e+00 -4.47789462e-12 
 1.62250000e+00  1.62250000e+00  2.50000000e+00 -4.48213428e-12 
 1.62500000e+00  1.62500000e+00  2.50000000e+00 -4.48637655e-12 
 1.62750000e+00  1.62750000e+00  2.50000000e+00 -4.49061621e-12 
 1.63000000e+00  1.63000000e+00  2.50000000e+00 -4.49485588e-12 
 1.63250000e+00  1.63250000e+00  2.50000000e+00 -4.49909988e-12 
 1.63500000e+00  1.63500000e+00  2.50000000e+00 -4.50334214e-12 
 1.63750000e+00  1.63750000e+00  2.50000000e+00 -4.50758354e-12 
 1.64000000e+00  1.64000000e+00  2.50000000e+00 -4.51182581e-12 
 1.64250000e+00  1.64250000e+00  2.50000000e+00 -4.51606981e-12 
 1.64500000e+00  1.64500000e+00  2.50000000e+00 -4.52031208e-12 
 1.64750000e+00  1.64750000e+00  2.50000000e+00 -4.52455608e-12 
 1.65000000e+00  1.65000000e+00  2.50000000e+00 -4.52879834e-12 
 1.65250000e+00  1.65250000e+00  2.50000000e+00 -4.53304495e-12 
 1.65500000e+00  1.65500000e+00  2.50000000e+00 -4.53729068e-12 
 1.65750000e+00  1.65750000e+00  2.50000000e+00 -4.54153729e-12 
 1.66000000e+00  1.66000000e+00  2.50000000e+00 -4.54578302e-12 
 1.66250000e+00  1.66250000e+00  2.50000000e+00 -4.55003049e-12 
 1.66500000e+00  1.66500000e+00  2.50000000e+00 -4.55427709e-12 
 1.66750000e+00  1.66750000e+00  2.50000000e+00 -4.55852630e-12 
 1.67000000e+00  1.67000000e+00  2.50000000e+00 -4.56277204e-12 
 1.67250000e+00  1.67250000e+00  2.50000000e+00 -4.56702211e-12 
 1.67500000e+00  1.67500000e+00  2.50000000e+00 -4.57127045e-12 
 1.67750000e+00  1.67750000e+00  2.50000000e+00 -4.57551965e-12 
 1.68000000e+00  1.68000000e+00  2.50000000e+00 -4.57976972e-12 
 1.68250000e+00  1.68250000e+00  2.50000000e+00 -4.58401806e-12 
 1.68500000e+00  1.68500000e+00  2.50000000e+00 -4.58826813e-12 
 1.68750000e+00  1.68750000e+00  2.50000000e+00 -4.59251734e-12 
 1.69000000e+00  1.69000000e+00  2.50000000e+00 -4.59677001e-12 
 1.69250000e+00  1.69250000e+00  2.50000000e+00 -4.60101922e-12 
 1.69500000e+00  1.69500000e+00  2.50000000e+00 -4.60527276e-12 
 1.69750000e+00  1.69750000e+00  2.50000000e+00 -4.60952543e-12 
 1.70000000e+00  1.70000000e+00  2.50000000e+00 -4.61377898e-12 
 1.70250000e+00  1.70250000e+00  2.50000000e+00 -4.61803252e-12 
 1.70500000e+00  1.70500000e+00  2.50000000e+00 -4.62228519e-12 
 1.70750000e+00  1.70750000e+00  2.50000000e+00 -4.62653960e-12 
 1.71000000e+00  1.71000000e+00  2.50000000e+00 -4.63079661e-12 
 1.71250000e+00  1.71250000e+00  2.50000000e+00 -4.63504929e-12 
 1.71500000e+00  1.71500000e+00  2.50000000e+00 -4.63930543e-12 
 1.71750000e+00  1.71750000e+00  2.50000000e+00 -4.64355984e-12 
 1.72000000e+00  1.72000000e+00  2.50000000e+00 -4.64781512e-12 
 1.72250000e+00  1.72250000e+00  2.50000000e+00 -4.65207387e-12 
 1.72500000e+00  1.72500000e+00  2.50000000e+00 -4.65633088e-12 
 1.72750000e+00  1.72750000e+00  2.50000000e+00 -4.66058702e-12 
 1.73000000e+00  1.73000000e+00  2.50000000e+00 -4.66484403e-12 
 1.73250000e+00  1.73250000e+00  2.50000000e+00 -4.66910278e-12 
 1.73500000e+00  1.73500000e+00  2.50000000e+00 -4.67336066e-12 
 1.73750000e+00  1.73750000e+00  2.50000000e+00 -4.67762027e-12 
 1.74000000e+00  1.74000000e+00  2.50000000e+00 -4.68187902e-12 
 1.74250000e+00  1.74250000e+00  2.50000000e+00 -4.68614036e-12 
 1.74500000e+00  1.74500000e+00  2.50000000e+00 -4.69039824e-12 
 1.74750000e+00  1.74750000e+00  2.50000000e+00 -4.69466219e-12 
 1.75000000e+00  1.75000000e+00  2.50000000e+00 -4.69892094e-12 
 1.75250000e+00  1.75250000e+00  2.50000000e+00 -4.70318489e-12 
 1.75500000e+00  1.75500000e+00  2.50000000e+00 -4.70744364e-12 
 1.75750000e+00  1.75750000e+00  2.50000000e+00 -4.71170845e-12 
 1.76000000e+00  1.76000000e+00  2.50000000e+00 -4.71596893e-12 
 1.76250000e+00  1.76250000e+00  2.50000000e+00 -4.72023115e-12 
 1.76500000e+00  1.76500000e+00  2.50000000e+00 -4.72449597e-12 
 1.76750000e+00  1.76750000e+00  2.50000000e+00 -4.72875818e-12 
 1.77000000e+00  1.77000000e+00  2.50000000e+00 -4.73302127e-12 
 1.77250000e+00  1.77250000e+00  2.50000000e+00 -4.73728782e-12 
 1.77500000e+00  1.77500000e+00  2.50000000e+00 -4.74155090e-12 
 1.77750000e+00  1.77750000e+00  2.50000000e+00 -4.74581659e-12 
 1.78000000e+00  1.78000000e+00  2.50000000e+00 -4.75008314e-12 
 1.78250000e+00  1.78250000e+00  2.50000000e+00 -4.75434969e-12 
 1.78500000e+00  1.78500000e+00  2.50000000e+00 -4.75861538e-12 
 1.78750000e+00  1.78750000e+00  2.50000000e+00 -4.76288280e-12 
 1.79000000e+00  1.79000000e+00  2.50000000e+00 -4.76715022e-12 
 1.79250000e+00  1.79250000e+00  2.50000000e+00 -4.77141937e-12 
 1.79500000e+00  1.79500000e+00  2.50000000e+00 -4.77568506e-12 
 1.79750000e+00  1.79750000e+00  2.50000000e+00 -4.77995508e-12 
 1.80000000e+00  1.80000000e+00  2.50000000e+00 -4.78422250e-12 
 1.80250000e+00  1.80250000e+00  2.50000000e+00 -4.78849252e-12 
 1.80500000e+00  1.80500000e+00  2.50000000e+00 -4.79276254e-12 
 1.80750000e+00  1.80750000e+00  2.50000000e+00 -4.79703170e-12 
 1.81000000e+00  1.81000000e+00  2.50000000e+00 -4.80129998e-12 
 1.81250000e+00  1.81250000e+00  2.50000000e+00 -4.80557261e-12 
 1.81500000e+00  1.81500000e+00  2.50000000e+00 -4.80984436e-12 
 1.81750000e+00  1.81750000e+00  2.50000000e+00 -4.81411612e-12 
 1.82000000e+00  1.82000000e+00  2.50000000e+00 -4.81838701e-12 
 1.82250000e+00  1.82250000e+00  2.50000000e+00 -4.82265790e-12 
 1.82500000e+00  1.82500000e+00  2.50000000e+00 -4.82693226e-12 
 1.82750000e+00  1.82750000e+00  2.50000000e+00 -4.83120488e-12 
 1.83000000e+00  1.83000000e+00  2.50000000e+00 -4.83547924e-12 
 1.83250000e+00  1.83250000e+00  2.50000000e+00 -4.83975100e-12 
 1.83500000e+00  1.83500000e+00  2.50000000e+00 -4.84402449e-12 
 1.83750000e+00  1.83750000e+00  2.50000000e+00 -4.84829971e-12 
 1.84000000e+00  1.84000000e+00  2.50000000e+00 -4.85257494e-12 
 1.84250000e+00  1.84250000e+00  2.50000000e+00 -4.85685017e-12 
 1.84500000e+00  1.84500000e+00  2.50000000e+00 -4.86112626e-12 
 1.84750000e+00  1.84750000e+00  2.50000000e+00 -4.86540235e-12 
 1.85000000e+00  1.85000000e+00  2.50000000e+00 -4.86967845e-12 
 1.85250000e+00  1.85250000e+00  2.50000000e+00 -4.87395541e-12 
 1.85500000e+00  1.85500000e+00  2.50000000e+00 -4.87823237e-12 
 1.85750000e+00  1.85750000e+00  2.50000000e+00 -4.88251106e-12 
 1.86000000e+00  1.86000000e+00  2.50000000e+00 -4.88678889e-12 
 1.86250000e+00  1.86250000e+00  2.50000000e+00 -4.89106759e-12 
 1.86500000e+00  1.86500000e+00  2.50000000e+00 -4.89534455e-12 
 1.86750000e+00  1.86750000e+00  2.50000000e+00 -4.89962411e-12 
 1.87000000e+00  1.87000000e+00  2.50000000e+00 -4.90390367e-12 
 1.87250000e+00  1.87250000e+00  2.50000000e+00 -4.90818237e-12 
 1.87500000e+00  1.87500000e+00  2.50000000e+00 -4.91246453e-12 
 1.87750000e+00  1.87750000e+00  2.50000000e+00 -4.91674410e-12 
 1.88000000e+00  1.88000000e+00  2.50000000e+00 -4.92102539e-12 
 1.88250000e+00  1.88250000e+00  2.50000000e+00 -4.92530496e-12 
 1.88500000e+00  1.88500000e+00  2.50000000e+00 -4.92958712e-12 
 1.88750000e+00  1.88750000e+00  2.50000000e+00 -4.93386929e-12 
 1.89000000e+00  1.89000000e+00  2.50000000e+00 -4.93815058e-12 
 1.89250000e+00  1.89250000e+00  2.50000000e+00 -4.94243448e-12 
 1.89500000e+00  1.89500000e+00  2.50000000e+00 -4.94671751e-12 
 1.89750000e+00  1.89750000e+00  2.50000000e+00 -4.95099968e-12 
 1.90000000e+00  1.90000000e+00  2.50000000e+00 -4.95528358e-12 
 1.90250000e+00  1.90250000e+00  2.50000000e+00 -4.95956835e-12 
 1.90500000e+00  1.90500000e+00  2.50000000e+00 -4.96385225e-12 
 1.90750000e+00  1.90750000e+00  2.50000000e+00 -4.96813615e-12 
 1.91000000e+00  1.91000000e+00  2.50000000e+00 -4.97242612e-12 
 1.91250000e+00  1.91250000e+00  2.50000000e+00 -4.97670741e-12 
 1.91500000e+00  1.91500000e+00  2.50000000e+00 -4.98099305e-12 
 1.91750000e+00  1.91750000e+00  2.50000000e+00 -4.98528042e-12 
 1.92000000e+00  1.92000000e+00  2.50000000e+00 -4.98956779e-12 
 1.92250000e+00  1.92250000e+00  2.50000000e+00 -4.99385429e-12 
 1.92500000e+00  1.92500000e+00  2.50000000e+00 -4.99814166e-12 
 1.92750000e+00  1.92750000e+00  2.50000000e+00 -5.00242989e-12 
 1.93000000e+00  1.93000000e+00  2.50000000e+00 -5.00671640e-12 
 1.93250000e+00  1.93250000e+00  2.50000000e+00 -5.01100637e-12 
 1.93500000e+00  1.93500000e+00  2.50000000e+00 -5.01529287e-12 
 1.93750000e+00  1.93750000e+00  2.50000000e+00 -5.01958284e-12 
 1.94000000e+00  1.94000000e+00  2.50000000e+00 -5.02387281e-12 
 1.94250000e+00  1.94250000e+00  2.50000000e+00 -5.02816105e-12 
 1.94500000e+00  1.94500000e+00  2.50000000e+00 -5.03245189e-12 
 1.94750000e+00  1.94750000e+00  2.50000000e+00 -5.03674272e-12 
 1.95000000e+00  1.95000000e+00  2.50000000e+00 -5.04103530e-12 
 1.95250000e+00  1.95250000e+00  2.50000000e+00 -5.04532527e-12 
 1.95500000e+00  1.95500000e+00  2.50000000e+00 -5.04961611e-12 
 1.95750000e+00  1.95750000e+00  2.50000000e+00 -5.05391042e-12 
 1.96000000e+00  1.96000000e+00  2.50000000e+00 -5.05820039e-12 
 1.96250000e+00  1.96250000e+00  2.50000000e+00 -5.06249469e-12 
 1.96500000e+00  1.96500000e+00  2.50000000e+00 -5.06678813e-12 
 1.96750000e+00  1.96750000e+00  2.50000000e+00 -5.07108071e-12 
 1.97000000e+00  1.97000000e+00  2.50000000e+00 -5.07537415e-12 
 1.97250000e+00  1.97250000e+00  2.50000000e+00 -5.07966932e-12 
 1.97500000e+00  1.97500000e+00  2.50000000e+00 -5.08396190e-12 
 1.97750000e+00  1.97750000e+00  2.50000000e+00 -5.08825707e-12 
 1.98000000e+00  1.98000000e+00  2.50000000e+00 -5.09255225e-12 
 1.98250000e+00  1.98250000e+00  2.50000000e+00 -5.09684656e-12 
 1.98500000e+00  1.98500000e+00  2.50000000e+00 -5.10114433e-12 
 1.98750000e+00  1.98750000e+00  2.50000000e+00 -5.10544038e-12 
 1.99000000e+00  1.99000000e+00  2.50000000e+00 -5.10973642e-12 
 1.99250000e+00  1.99250000e+00  2.50000000e+00 -5.11403333e-12 
 1.99500000e+00  1.99500000e+00  2.50000000e+00 -5.11832937e-12 
 1.99750000e+00  1.99750000e+00  2.50000000e+00 -5.12262628e-12 
 2.00000000e+00  2.00000000e+00  2.50000000e+00 -5.12692579e-12 
 2.00250000e+00  2.00250000e+00  2.50000000e+00 -5.13122357e-12 
 2.00500000e+00  2.00500000e+00  2.50000000e+00 -5.13552395e-12 
 2.00750000e+00  2.00750000e+00  2.50000000e+00 -5.13982173e-12 
 2.01000000e+00  2.01000000e+00  2.50000000e+00 -5.14412124e-12 
 2.01250000e+00  2.01250000e+00  2.50000000e+00 -5.14842075e-12 
 2.01500000e+00  2.01500000e+00  2.50000000e+00 -5.15271940e-12 
 2.01750000e+00  2.01750000e+00  2.50000000e+00 -5.15702151e-12 
 2.02000000e+00  2.02000000e+00  2.50000000e+00 -5.16132016e-12 
 2.02250000e+00  2.02250000e+00  2.50000000e+00 -5.16562140e-12 
 2.02500000e+00  2.02500000e+00  2.50000000e+00 -5.16992178e-12 
 2.02750000e+00  2.02750000e+00  2.50000000e+00 -5.17422476e-12 
 2.03000000e+00  2.03000000e+00  2.50000000e+00 -5.17852601e-12 
 2.03250000e+00  2.03250000e+00  2.50000000e+00 -5.18282899e-12 
 2.03500000e+00  2.03500000e+00  2.50000000e+00 -5.18713197e-12 
 2.03750000e+00  2.03750000e+00  2.50000000e+00 -5.19143322e-12 
 2.04000000e+00  2.04000000e+00  2.50000000e+00 -5.19573620e-12 
 2.04250000e+00  2.04250000e+00  2.50000000e+00 -5.20004092e-12 
 2.04500000e+00  2.04500000e+00  2.50000000e+00 -5.20434477e-12 
 2.04750000e+00  2.04750000e+00  2.50000000e+00 -5.20864948e-12 
 2.05000000e+00  2.05000000e+00  2.50000000e+00 -5.21295247e-12 
 2.05250000e+00  2.05250000e+00  2.50000000e+00 -5.21725805e-12 
 2.05500000e+00  2.05500000e+00  2.50000000e+00 -5.22156450e-12 
 2.05750000e+00  2.05750000e+00  2.50000000e+00 -5.22586835e-12 
 2.06000000e+00  2.06000000e+00  2.50000000e+00 -5.23017567e-12 
 2.06250000e+00  2.06250000e+00  2.50000000e+00 -5.23448125e-12 
 2.06500000e+00  2.06500000e+00  2.50000000e+00 -5.23878944e-12 
 2.06750000e+00  2.06750000e+00  2.50000000e+00 -5.24309502e-12 
 2.07000000e+00  2.07000000e+00  2.50000000e+00 -5.24740147e-12 
 2.07250000e+00  2.07250000e+00  2.50000000e+00 -5.25170966e-12 
 2.07500000e+00  2.07500000e+00  2.50000000e+00 -5.25601698e-12 
 2.07750000e+00  2.07750000e+00  2.50000000e+00 -5.26032603e-12 
 2.08000000e+00  2.08000000e+00  2.50000000e+00 -5.26463421e-12 
 2.08250000e+00  2.08250000e+00  2.50000000e+00 -5.26894327e-12 
 2.08500000e+00  2.08500000e+00  2.50000000e+00 -5.27325319e-12 
 2.08750000e+00  2.08750000e+00  2.50000000e+00 -5.27756137e-12 
 2.09000000e+00  2.09000000e+00  2.50000000e+00 -5.28187216e-12 
 2.09250000e+00  2.09250000e+00  2.50000000e+00 -5.28618208e-12 
 2.09500000e+00  2.09500000e+00  2.50000000e+00 -5.29049374e-12 
 2.09750000e+00  2.09750000e+00  2.50000000e+00 -5.29480279e-12 
 2.10000000e+00  2.10000000e+00  2.50000000e+00 -5.29911445e-12 
 2.10250000e+00  2.10250000e+00  2.50000000e+00 -5.30342610e-12 
 2.10500000e+00  2.10500000e+00  2.50000000e+00 -5.30773862e-12 
 2.10750000e+00  2.10750000e+00  2.50000000e+00 -5.31204941e-12 
 2.11000000e+00  2.11000000e+00  2.50000000e+00 -5.31636193e-12 
 2.11250000e+00  2.11250000e+00  2.50000000e+00 -5.32067359e-12 
 2.11500000e+00  2.11500000e+00  2.50000000e+00 -5.32498698e-12 
 2.11750000e+00  2.11750000e+00  2.50000000e+00 -5.32930124e-12 
 2.12000000e+00  2.12000000e+00  2.50000000e+00 -5.33361463e-12 
 2.12250000e+00  2.12250000e+00  2.50000000e+00 -5.33792975e-12 
 2.12500000e+00  2.12500000e+00  2.50000000e+00 -5.34224314e-12 
 2.12750000e+00  2.12750000e+00  2.50000000e+00 -5.34655740e-12 
 2.13000000e+00  2.13000000e+00  2.50000000e+00 -5.35087426e-12 
 2.13250000e+00  2.13250000e+00  2.50000000e+00 -5.35518938e-12 
 2.13500000e+00  2.13500000e+00  2.50000000e+00 -5.35950364e-12 
 2.13750000e+00  2.13750000e+00  2.50000000e+00 -5.36381876e-12 
 2.14000000e+00  2.14000000e+00  2.50000000e+00 -5.36813649e-12 
 2.14250000e+00  2.14250000e+00  2.50000000e+00 -5.37244988e-12 
 2.14500000e+00  2.14500000e+00  2.50000000e+00 -5.37676847e-12 
 2.14750000e+00  2.14750000e+00  2.50000000e+00 -5.38108620e-12 
 2.15000000e+00  2.15000000e+00  2.50000000e+00 -5.38540306e-12 
 2.15250000e+00  2.15250000e+00  2.50000000e+00 -5.38972079e-12 
 2.15500000e+00  2.15500000e+00  2.50000000e+00 -5.39404025e-12 
 2.15750000e+00  2.15750000e+00  2.50000000e+00 -5.39835798e-12 
 2.16000000e+00  2.16000000e+00  2.50000000e+00 -5.40267657e-12 
 2.16250000e+00  2.16250000e+00  2.50000000e+00 -5.40699516e-12 
 2.16500000e+00  2.16500000e+00  2.50000000e+00 -5.41131636e-12 
 2.16750000e+00  2.16750000e+00  2.50000000e+00 -5.41563495e-12 
 2.17000000e+00  2.17000000e+00  2.50000000e+00 -5.41995528e-12 
 2.17250000e+00  2.17250000e+00  2.50000000e+00 -5.42427474e-12 
 2.17500000e+00  2.17500000e+00  2.50000000e+00 -5.42859594e-12 
 2.17750000e+00  2.17750000e+00  2.50000000e+00 -5.43291800e-12 
 2.18000000e+00  2.18000000e+00  2.50000000e+00 -5.43723747e-12 
 2.18250000e+00  2.18250000e+00  2.50000000e+00 -5.44155953e-12 
 2.18500000e+00  2.18500000e+00  2.50000000e+00 -5.44588073e-12 
 2.18750000e+00  2.18750000e+00  2.50000000e+00 -5.45020452e-12 
 2.19000000e+00  2.19000000e+00  2.50000000e+00 -5.45452572e-12 
 2.19250000e+00  2.19250000e+00  2.50000000e+00 -5.45884952e-12 
 2.19500000e+00  2.19500000e+00  2.50000000e+00 -5.46317245e-12 
 2.19750000e+00  2.19750000e+00  2.50000000e+00 -5.46749451e-12 
 2.20000000e+00  2.20000000e+00  2.50000000e+00 -5.47182005e-12 
 2.20250000e+00  2.20250000e+00  2.50000000e+00 -5.47614211e-12 
 2.20500000e+00  2.20500000e+00  2.50000000e+00 -5.48046591e-12 
 2.20750000e+00  2.20750000e+00  2.50000000e+00 -5.48479231e-12 
 2.21000000e+00  2.21000000e+00  2.50000000e+00 -5.48911697e-12 
 2.21250000e+00  2.21250000e+00  2.50000000e+00 -5.49344077e-12 
 2.21500000e+00  2.21500000e+00  2.50000000e+00 -5.49776717e-12 
 2.21750000e+00  2.21750000e+00  2.50000000e+00 -5.50209357e-12 
 2.22000000e+00  2.22000000e+00  2.50000000e+00 -5.50642084e-12 
 2.22250000e+00  2.22250000e+00  2.50000000e+00 -5.51074637e-12 
 2.22500000e+00  2.22500000e+00  2.50000000e+00 -5.51507277e-12 
 2.22750000e+00  2.22750000e+00  2.50000000e+00 -5.51939917e-12 
 2.23000000e+00  2.23000000e+00  2.50000000e+00 -5.52372557e-12 
 2.23250000e+00  2.23250000e+00  2.50000000e+00 -5.52805458e-12 
 2.23500000e+00  2.23500000e+00  2.50000000e+00 -5.53238098e-12 
 2.23750000e+00  2.23750000e+00  2.50000000e+00 -5.53671085e-12 
 2.24000000e+00  2.24000000e+00  2.50000000e+00 -5.54103811e-12 
 2.24250000e+00  2.24250000e+00  2.50000000e+00 -5.54536712e-12 
 2.24500000e+00  2.24500000e+00  2.50000000e+00 -5.54969525e-12 
 2.24750000e+00  2.24750000e+00  2.50000000e+00 -5.55402772e-12 
 2.25000000e+00  2.25000000e+00  2.50000000e+00 -5.55835586e-12 
 2.25250000e+00  2.25250000e+00  2.50000000e+00 -5.56268573e-12 
 2.25500000e+00  2.25500000e+00  2.50000000e+00 -5.56701560e-12 
 2.25750000e+00  2.25750000e+00  2.50000000e+00 -5.57134634e-12 
 2.26000000e+00  2.26000000e+00  2.50000000e+00 -5.57567794e-12 
 2.26250000e+00  2.26250000e+00  2.50000000e+00 -5.58001041e-12 
 2.26500000e+00  2.26500000e+00  2.50000000e+00 -5.58434028e-12 
 2.26750000e+00  2.26750000e+00  2.50000000e+00 -5.58867275e-12 
 2.27000000e+00  2.27000000e+00  2.50000000e+00 -5.59300523e-12 
 2.27250000e+00  2.27250000e+00  2.50000000e+00 -5.59733683e-12 
 2.27500000e+00  2.27500000e+00  2.50000000e+00 -5.60166930e-12 
 2.27750000e+00  2.27750000e+00  2.50000000e+00 -5.60600177e-12 
 2.28000000e+00  2.28000000e+00  2.50000000e+00 -5.61033425e-12 
 2.28250000e+00  2.28250000e+00  2.50000000e+00 -5.61466845e-12 
 2.28500000e+00  2.28500000e+00  2.50000000e+00 -5.61900266e-12 
 2.28750000e+00  2.28750000e+00  2.50000000e+00 -5.62333687e-12 
 2.29000000e+00  2.29000000e+00  2.50000000e+00 -5.62767107e-12 
 2.29250000e+00  2.29250000e+00  2.50000000e+00 -5.63200788e-12 
 2.29500000e+00  2.29500000e+00  2.50000000e+00 -5.63634122e-12 
 2.29750000e+00  2.29750000e+00  2.50000000e+00 -5.64067629e-12 
 2.30000000e+00  2.30000000e+00  2.50000000e+00 -5.64501310e-12 
 2.30250000e+00  2.30250000e+00  2.50000000e+00 -5.64934904e-12 
 2.30500000e+00  2.30500000e+00  2.50000000e+00 -5.65368412e-12 
 2.30750000e+00  2.30750000e+00  2.50000000e+00 -5.65802093e-12 
 2.31000000e+00  2.31000000e+00  2.50000000e+00 -5.66235774e-12 
 2.31250000e+00  2.31250000e+00  2.50000000e+00 -5.66669541e-12 
 2.31500000e+00  2.31500000e+00  2.50000000e+00 -5.67103135e-12 
 2.31750000e+00  2.31750000e+00  2.50000000e+00 -5.67536903e-12 
 2.32000000e+00  2.32000000e+00  2.50000000e+00 -5.67970757e-12 
 2.32250000e+00  2.32250000e+00  2.50000000e+00 -5.68404525e-12 
 2.32500000e+00  2.32500000e+00  2.50000000e+00 -5.68838379e-12 
 2.32750000e+00  2.32750000e+00  2.50000000e+00 -5.69272234e-12 
 2.33000000e+00  2.33000000e+00  2.50000000e+00 -5.69706175e-12 
 2.33250000e+00  2.33250000e+00  2.50000000e+00 -5.70140029e-12 
 2.33500000e+00  2.33500000e+00  2.50000000e+00 -5.70573970e-12 
 2.33750000e+00  2.33750000e+00  2.50000000e+00 -5.71007911e-12 
 2.34000000e+00  2.34000000e+00  2.50000000e+00 -5.71442112e-12 
 2.34250000e+00  2.34250000e+00  2.50000000e+00 -5.71876053e-12 
 2.34500000e+00  2.34500000e+00  2.50000000e+00 -5.72310081e-12 
 2.34750000e+00  2.34750000e+00  2.50000000e+00 -5.72744369e-12 
 2.35000000e+00  2.35000000e+00  2.50000000e+00 -5.73178310e-12 
 2.35250000e+00  2.35250000e+00  2.50000000e+00 -5.73612598e-12 
 2.35500000e+00  2.35500000e+00  2.50000000e+00 -5.74046800e-12 
 2.35750000e+00  2.35750000e+00  2.50000000e+00 -5.74481088e-12 
 2.36000000e+00  2.36000000e+00  2.50000000e+00 -5.74915116e-12 
 2.36250000e+00  2.36250000e+00  2.50000000e+00 -5.75349490e-12 
 2.36500000e+00  2.36500000e+00  2.50000000e+00 -5.75783865e-12 
 2.36750000e+00  2.36750000e+00  2.50000000e+00 -5.76218153e-12 
 2.37000000e+00  2.37000000e+00  2.50000000e+00 -5.76652441e-12 
 2.37250000e+00  2.37250000e+00  2.50000000e+00 -5.77086816e-12 
 2.37500000e+00  2.37500000e+00  2.50000000e+00 -5.77521277e-12 
 2.37750000e+00  2.37750000e+00  2.50000000e+00 -5.77955652e-12 
 2.38000000e+00  2.38000000e+00  2.50000000e+00 -5.78390114e-12 
 2.38250000e+00  2.38250000e+00  2.50000000e+00 -5.78824662e-12 
 2.38500000e+00  2.38500000e+00  2.50000000e+00 -5.79259297e-12 
 2.38750000e+00  2.38750000e+00  2.50000000e+00 -5.79693845e-12 
 2.39000000e+00  2.39000000e+00  2.50000000e+00 -5.80128307e-12 
 2.39250000e+00  2.39250000e+00  2.50000000e+00 -5.80562855e-12 
 2.39500000e+00  2.39500000e+00  2.50000000e+00 -5.80997490e-12 
 2.39750000e+00  2.39750000e+00  2.50000000e+00 -5.81432125e-12 
 2.40000000e+00  2.40000000e+00  2.50000000e+00 -5.81866760e-12 
 2.40250000e+00  2.40250000e+00  2.50000000e+00 -5.82301568e-12 
 2.40500000e+00  2.40500000e+00  2.50000000e+00 -5.82736290e-12 
 2.40750000e+00  2.40750000e+00  2.50000000e+00 -5.83171011e-12 
 2.41000000e+00  2.41000000e+00  2.50000000e+00 -5.83605993e-12 
 2.41250000e+00  2.41250000e+00  2.50000000e+00 -5.84040715e-12 
 2.41500000e+00  2.41500000e+00  2.50000000e+00 -5.84475524e-12 
 2.41750000e+00  2.41750000e+00  2.50000000e+00 -5.84910419e-12 
 2.42000000e+00  2.42000000e+00  2.50000000e+00 -5.85345401e-12 
 2.42250000e+00  2.42250000e+00  2.50000000e+00 -5.85780296e-12 
 2.42500000e+00  2.42500000e+00  2.50000000e+00 -5.86215364e-12 
 2.42750000e+00  2.42750000e+00  2.50000000e+00 -5.86650173e-12 
 2.43000000e+00  2.43000000e+00  2.50000000e+00 -5.87085328e-12 
 2.43250000e+00  2.43250000e+00  2.50000000e+00 -5.87520310e-12 
 2.43500000e+00  2.43500000e+00  2.50000000e+00 -5.87955379e-12 
 2.43750000e+00  2.43750000e+00  2.50000000e+00 -5.88390447e-12 
 2.44000000e+00  2.44000000e+00  2.50000000e+00 -5.88825603e-12 
 2.44250000e+00  2.44250000e+00  2.50000000e+00 -5.89260758e-12 
 2.44500000e+00  2.44500000e+00  2.50000000e+00 -5.89695914e-12 
 2.44750000e+00  2.44750000e+00  2.50000000e+00 -5.90131069e-12 
 2.45000000e+00  2.45000000e+00  2.50000000e+00 -5.90566485e-12 
 2.45250000e+00  2.45250000e+00  2.50000000e+00 -5.91001553e-12 
 2.45500000e+00  2.45500000e+00  2.50000000e+00 -5.91436882e-12 
 2.45750000e+00  2.45750000e+00  2.50000000e+00 -5.91872124e-12 
 2.46000000e+00  2.46000000e+00  2.50000000e+00 -5.92307453e-12 
 2.46250000e+00  2.46250000e+00  2.50000000e+00 -5.92742869e-12 
 2.46500000e+00  2.46500000e+00  2.50000000e+00 -5.93178198e-12 
 2.46750000e+00  2.46750000e+00  2.50000000e+00 -5.93613700e-12 
 2.47000000e+00  2.47000000e+00  2.50000000e+00 -5.94049202e-12 
 2.47250000e+00  2.47250000e+00  2.50000000e+00 -5.94484618e-12 
 2.47500000e+00  2.47500000e+00  2.50000000e+00 -5.94920033e-12 
 2.47750000e+00  2.47750000e+00  2.50000000e+00 -5.95355709e-12 
 2.48000000e+00  2.48000000e+00  2.50000000e+00 -5.95791212e-12 
 2.48250000e+00  2.48250000e+00  2.50000000e+00 -5.96226801e-12 
 2.48500000e+00  2.48500000e+00  2.50000000e+00 -5.96662476e-12 
 2.48750000e+00  2.48750000e+00  2.50000000e+00 -5.97097979e-12 
 2.49000000e+00  2.49000000e+00  2.50000000e+00 -5.97533655e-12 
 2.49250000e+00  2.49250000e+00  2.50000000e+00 -5.97969244e-12 
 2.49500000e+00  2.49500000e+00  2.50000000e+00 -5.98405093e-12 
 2.49750000e+00  2.49750000e+00  2.50000000e+00 -5.98840682e-12 
 2.50000000e+00  2.50000000e+00  2.50000000e+00 -5.99276358e-12 
