 v-sweep         v(drain)        i(vds)          v(gate)        
 0.00000000e+00  0.00000000e+00  0.00000000e+00  5.00000000e-01 
 1.00000000e-02  1.00000000e-02 -5.50440001e-06  5.00000000e-01 
 2.00000000e-02  2.00000000e-02 -9.79342225e-06  5.00000000e-01 
 3.00000000e-02  3.00000000e-02 -1.28641334e-05  5.00000000e-01 
 4.00000000e-02  4.00000000e-02 -1.47136000e-05  5.00000000e-01 
 5.00000000e-02  5.00000000e-02 -1.53388889e-05  5.00000000e-01 
 6.00000000e-02  6.00000000e-02 -1.53511112e-05  5.00000000e-01 
 7.00000000e-02  7.00000000e-02 -1.53633334e-05  5.00000000e-01 
 8.00000000e-02  8.00000000e-02 -1.53755556e-05  5.00000000e-01 
 9.00000000e-02  9.00000000e-02 -1.53877779e-05  5.00000000e-01 
 1.00000000e-01  1.00000000e-01 -1.54000001e-05  5.00000000e-01 
 1.10000000e-01  1.10000000e-01 -1.54122223e-05  5.00000000e-01 
 1.20000000e-01  1.20000000e-01 -1.54244446e-05  5.00000000e-01 
 1.30000000e-01  1.30000000e-01 -1.54366668e-05  5.00000000e-01 
 1.40000000e-01  1.40000000e-01 -1.54488890e-05  5.00000000e-01 
 1.50000000e-01  1.50000000e-01 -1.54611113e-05  5.00000000e-01 
 1.60000000e-01  1.60000000e-01 -1.54733335e-05  5.00000000e-01 
 1.70000000e-01  1.70000000e-01 -1.54855557e-05  5.00000000e-01 
 1.80000000e-01  1.80000000e-01 -1.54977780e-05  5.00000000e-01 
 1.90000000e-01  1.90000000e-01 -1.55100002e-05  5.00000000e-01 
 2.00000000e-01  2.00000000e-01 -1.55222224e-05  5.00000000e-01 
 2.10000000e-01  2.10000000e-01 -1.55344447e-05  5.00000000e-01 
 2.20000000e-01  2.20000000e-01 -1.55466669e-05  5.00000000e-01 
 2.30000000e-01  2.30000000e-01 -1.55588891e-05  5.00000000e-01 
 2.40000000e-01  2.40000000e-01 -1.55711114e-05  5.00000000e-01 
 2.50000000e-01  2.50000000e-01 -1.55833336e-05  5.00000000e-01 
 2.60000000e-01  2.60000000e-01 -1.55955558e-05  5.00000000e-01 
 2.70000000e-01  2.70000000e-01 -1.56077781e-05  5.00000000e-01 
 2.80000000e-01  2.80000000e-01 -1.56200003e-05  5.00000000e-01 
 2.90000000e-01  2.90000000e-01 -1.56322225e-05  5.00000000e-01 
 3.00000000e-01  3.00000000e-01 -1.56444448e-05  5.00000000e-01 
 3.10000000e-01  3.10000000e-01 -1.56566670e-05  5.00000000e-01 
 3.20000000e-01  3.20000000e-01 -1.56688892e-05  5.00000000e-01 
 3.30000000e-01  3.30000000e-01 -1.56811115e-05  5.00000000e-01 
 3.40000000e-01  3.40000000e-01 -1.56933337e-05  5.00000000e-01 
 3.50000000e-01  3.50000000e-01 -1.57055559e-05  5.00000000e-01 
 3.60000000e-01  3.60000000e-01 -1.57177781e-05  5.00000000e-01 
 3.70000000e-01  3.70000000e-01 -1.57300004e-05  5.00000000e-01 
 3.80000000e-01  3.80000000e-01 -1.57422226e-05  5.00000000e-01 
 3.90000000e-01  3.90000000e-01 -1.57544448e-05  5.00000000e-01 
 4.00000000e-01  4.00000000e-01 -1.57666671e-05  5.00000000e-01 
 4.10000000e-01  4.10000000e-01 -1.57788893e-05  5.00000000e-01 
 4.20000000e-01  4.20000000e-01 -1.57911115e-05  5.00000000e-01 
 4.30000000e-01  4.30000000e-01 -1.58033338e-05  5.00000000e-01 
 4.40000000e-01  4.40000000e-01 -1.58155560e-05  5.00000000e-01 
 4.50000000e-01  4.50000000e-01 -1.58277782e-05  5.00000000e-01 
 4.60000000e-01  4.60000000e-01 -1.58400005e-05  5.00000000e-01 
 4.70000000e-01  4.70000000e-01 -1.58522227e-05  5.00000000e-01 
 4.80000000e-01  4.80000000e-01 -1.58644449e-05  5.00000000e-01 
 4.90000000e-01  4.90000000e-01 -1.58766672e-05  5.00000000e-01 
 5.00000000e-01  5.00000000e-01 -1.58888894e-05  5.00000000e-01 
 5.10000000e-01  5.10000000e-01 -1.59011116e-05  5.00000000e-01 
 5.20000000e-01  5.20000000e-01 -1.59133339e-05  5.00000000e-01 
 5.30000000e-01  5.30000000e-01 -1.59255561e-05  5.00000000e-01 
 5.40000000e-01  5.40000000e-01 -1.59377783e-05  5.00000000e-01 
 5.50000000e-01  5.50000000e-01 -1.59500006e-05  5.00000000e-01 
 5.60000000e-01  5.60000000e-01 -1.59622228e-05  5.00000000e-01 
 5.70000000e-01  5.70000000e-01 -1.59744450e-05  5.00000000e-01 
 5.80000000e-01  5.80000000e-01 -1.59866673e-05  5.00000000e-01 
 5.90000000e-01  5.90000000e-01 -1.59988895e-05  5.00000000e-01 
 6.00000000e-01  6.00000000e-01 -1.60111117e-05  5.00000000e-01 
 6.10000000e-01  6.10000000e-01 -1.60233340e-05  5.00000000e-01 
 6.20000000e-01  6.20000000e-01 -1.60355562e-05  5.00000000e-01 
 6.30000000e-01  6.30000000e-01 -1.60477784e-05  5.00000000e-01 
 6.40000000e-01  6.40000000e-01 -1.60600006e-05  5.00000000e-01 
 6.50000000e-01  6.50000000e-01 -1.60722229e-05  5.00000000e-01 
 6.60000000e-01  6.60000000e-01 -1.60844451e-05  5.00000000e-01 
 6.70000000e-01  6.70000000e-01 -1.60966673e-05  5.00000000e-01 
 6.80000000e-01  6.80000000e-01 -1.61088896e-05  5.00000000e-01 
 6.90000000e-01  6.90000000e-01 -1.61211118e-05  5.00000000e-01 
 7.00000000e-01  7.00000000e-01 -1.61333340e-05  5.00000000e-01 
 7.10000000e-01  7.10000000e-01 -1.61455563e-05  5.00000000e-01 
 7.20000000e-01  7.20000000e-01 -1.61577785e-05  5.00000000e-01 
 7.30000000e-01  7.30000000e-01 -1.61700007e-05  5.00000000e-01 
 7.40000000e-01  7.40000000e-01 -1.61822230e-05  5.00000000e-01 
 7.50000000e-01  7.50000000e-01 -1.61944452e-05  5.00000000e-01 
 7.60000000e-01  7.60000000e-01 -1.62066674e-05  5.00000000e-01 
 7.70000000e-01  7.70000000e-01 -1.62188897e-05  5.00000000e-01 
 7.80000000e-01  7.80000000e-01 -1.62311119e-05  5.00000000e-01 
 7.90000000e-01  7.90000000e-01 -1.62433341e-05  5.00000000e-01 
 8.00000000e-01  8.00000000e-01 -1.62555564e-05  5.00000000e-01 
 8.10000000e-01  8.10000000e-01 -1.62677786e-05  5.00000000e-01 
 8.20000000e-01  8.20000000e-01 -1.62800008e-05  5.00000000e-01 
 8.30000000e-01  8.30000000e-01 -1.62922231e-05  5.00000000e-01 
 8.40000000e-01  8.40000000e-01 -1.63044453e-05  5.00000000e-01 
 8.50000000e-01  8.50000000e-01 -1.63166675e-05  5.00000000e-01 
 8.60000000e-01  8.60000000e-01 -1.63288898e-05  5.00000000e-01 
 8.70000000e-01  8.70000000e-01 -1.63411120e-05  5.00000000e-01 
 8.80000000e-01  8.80000000e-01 -1.63533342e-05  5.00000000e-01 
 8.90000000e-01  8.90000000e-01 -1.63655565e-05  5.00000000e-01 
 9.00000000e-01  9.00000000e-01 -1.63777787e-05  5.00000000e-01 
 9.10000000e-01  9.10000000e-01 -1.63900009e-05  5.00000000e-01 
 9.20000000e-01  9.20000000e-01 -1.64022232e-05  5.00000000e-01 
 9.30000000e-01  9.30000000e-01 -1.64144454e-05  5.00000000e-01 
 9.40000000e-01  9.40000000e-01 -1.64266676e-05  5.00000000e-01 
 9.50000000e-01  9.50000000e-01 -1.64388898e-05  5.00000000e-01 
 9.60000000e-01  9.60000000e-01 -1.64511121e-05  5.00000000e-01 
 9.70000000e-01  9.70000000e-01 -1.64633343e-05  5.00000000e-01 
 9.80000000e-01  9.80000000e-01 -1.64755565e-05  5.00000000e-01 
 9.90000000e-01  9.90000000e-01 -1.64877788e-05  5.00000000e-01 
 1.00000000e+00  1.00000000e+00 -1.65000010e-05  5.00000000e-01 
 1.01000000e+00  1.01000000e+00 -1.65122232e-05  5.00000000e-01 
 1.02000000e+00  1.02000000e+00 -1.65244455e-05  5.00000000e-01 
 1.03000000e+00  1.03000000e+00 -1.65366677e-05  5.00000000e-01 
 1.04000000e+00  1.04000000e+00 -1.65488899e-05  5.00000000e-01 
 1.05000000e+00  1.05000000e+00 -1.65611122e-05  5.00000000e-01 
 1.06000000e+00  1.06000000e+00 -1.65733344e-05  5.00000000e-01 
 1.07000000e+00  1.07000000e+00 -1.65855566e-05  5.00000000e-01 
 1.08000000e+00  1.08000000e+00 -1.65977789e-05  5.00000000e-01 
 1.09000000e+00  1.09000000e+00 -1.66100011e-05  5.00000000e-01 
 1.10000000e+00  1.10000000e+00 -1.66222233e-05  5.00000000e-01 
 1.11000000e+00  1.11000000e+00 -1.66344456e-05  5.00000000e-01 
 1.12000000e+00  1.12000000e+00 -1.66466678e-05  5.00000000e-01 
 1.13000000e+00  1.13000000e+00 -1.66588900e-05  5.00000000e-01 
 1.14000000e+00  1.14000000e+00 -1.66711123e-05  5.00000000e-01 
 1.15000000e+00  1.15000000e+00 -1.66833345e-05  5.00000000e-01 
 1.16000000e+00  1.16000000e+00 -1.66955567e-05  5.00000000e-01 
 1.17000000e+00  1.17000000e+00 -1.67077790e-05  5.00000000e-01 
 1.18000000e+00  1.18000000e+00 -1.67200012e-05  5.00000000e-01 
 1.19000000e+00  1.19000000e+00 -1.67322234e-05  5.00000000e-01 
 1.20000000e+00  1.20000000e+00 -1.67444457e-05  5.00000000e-01 
 1.21000000e+00  1.21000000e+00 -1.67566679e-05  5.00000000e-01 
 1.22000000e+00  1.22000000e+00 -1.67688901e-05  5.00000000e-01 
 1.23000000e+00  1.23000000e+00 -1.67811124e-05  5.00000000e-01 
 1.24000000e+00  1.24000000e+00 -1.67933346e-05  5.00000000e-01 
 1.25000000e+00  1.25000000e+00 -1.68055568e-05  5.00000000e-01 
 1.26000000e+00  1.26000000e+00 -1.68177790e-05  5.00000000e-01 
 1.27000000e+00  1.27000000e+00 -1.68300013e-05  5.00000000e-01 
 1.28000000e+00  1.28000000e+00 -1.68422235e-05  5.00000000e-01 
 1.29000000e+00  1.29000000e+00 -1.68544457e-05  5.00000000e-01 
 1.30000000e+00  1.30000000e+00 -1.68666680e-05  5.00000000e-01 
 1.31000000e+00  1.31000000e+00 -1.68788902e-05  5.00000000e-01 
 1.32000000e+00  1.32000000e+00 -1.68911124e-05  5.00000000e-01 
 1.33000000e+00  1.33000000e+00 -1.69033347e-05  5.00000000e-01 
 1.34000000e+00  1.34000000e+00 -1.69155569e-05  5.00000000e-01 
 1.35000000e+00  1.35000000e+00 -1.69277791e-05  5.00000000e-01 
 1.36000000e+00  1.36000000e+00 -1.69400014e-05  5.00000000e-01 
 1.37000000e+00  1.37000000e+00 -1.69522236e-05  5.00000000e-01 
 1.38000000e+00  1.38000000e+00 -1.69644458e-05  5.00000000e-01 
 1.39000000e+00  1.39000000e+00 -1.69766681e-05  5.00000000e-01 
 1.40000000e+00  1.40000000e+00 -1.69888903e-05  5.00000000e-01 
 1.41000000e+00  1.41000000e+00 -1.70011125e-05  5.00000000e-01 
 1.42000000e+00  1.42000000e+00 -1.70133348e-05  5.00000000e-01 
 1.43000000e+00  1.43000000e+00 -1.70255570e-05  5.00000000e-01 
 1.44000000e+00  1.44000000e+00 -1.70377792e-05  5.00000000e-01 
 1.45000000e+00  1.45000000e+00 -1.70500015e-05  5.00000000e-01 
 1.46000000e+00  1.46000000e+00 -1.70622237e-05  5.00000000e-01 
 1.47000000e+00  1.47000000e+00 -1.70744459e-05  5.00000000e-01 
 1.48000000e+00  1.48000000e+00 -1.70866682e-05  5.00000000e-01 
 1.49000000e+00  1.49000000e+00 -1.70988904e-05  5.00000000e-01 
 1.50000000e+00  1.50000000e+00 -1.71111126e-05  5.00000000e-01 
 1.51000000e+00  1.51000000e+00 -1.71233349e-05  5.00000000e-01 
 1.52000000e+00  1.52000000e+00 -1.71355571e-05  5.00000000e-01 
 1.53000000e+00  1.53000000e+00 -1.71477793e-05  5.00000000e-01 
 1.54000000e+00  1.54000000e+00 -1.71600015e-05  5.00000000e-01 
 1.55000000e+00  1.55000000e+00 -1.71722238e-05  5.00000000e-01 
 1.56000000e+00  1.56000000e+00 -1.71844460e-05  5.00000000e-01 
 1.57000000e+00  1.57000000e+00 -1.71966682e-05  5.00000000e-01 
 1.58000000e+00  1.58000000e+00 -1.72088905e-05  5.00000000e-01 
 1.59000000e+00  1.59000000e+00 -1.72211127e-05  5.00000000e-01 
 1.60000000e+00  1.60000000e+00 -1.72333349e-05  5.00000000e-01 
 1.61000000e+00  1.61000000e+00 -1.72455572e-05  5.00000000e-01 
 1.62000000e+00  1.62000000e+00 -1.72577794e-05  5.00000000e-01 
 1.63000000e+00  1.63000000e+00 -1.72700016e-05  5.00000000e-01 
 1.64000000e+00  1.64000000e+00 -1.72822239e-05  5.00000000e-01 
 1.65000000e+00  1.65000000e+00 -1.72944461e-05  5.00000000e-01 
 1.66000000e+00  1.66000000e+00 -1.73066683e-05  5.00000000e-01 
 1.67000000e+00  1.67000000e+00 -1.73188906e-05  5.00000000e-01 
 1.68000000e+00  1.68000000e+00 -1.73311128e-05  5.00000000e-01 
 1.69000000e+00  1.69000000e+00 -1.73433350e-05  5.00000000e-01 
 1.70000000e+00  1.70000000e+00 -1.73555573e-05  5.00000000e-01 
 1.71000000e+00  1.71000000e+00 -1.73677795e-05  5.00000000e-01 
 1.72000000e+00  1.72000000e+00 -1.73800017e-05  5.00000000e-01 
 1.73000000e+00  1.73000000e+00 -1.73922240e-05  5.00000000e-01 
 1.74000000e+00  1.74000000e+00 -1.74044462e-05  5.00000000e-01 
 1.75000000e+00  1.75000000e+00 -1.74166684e-05  5.00000000e-01 
 1.76000000e+00  1.76000000e+00 -1.74288907e-05  5.00000000e-01 
 1.77000000e+00  1.77000000e+00 -1.74411129e-05  5.00000000e-01 
 1.78000000e+00  1.78000000e+00 -1.74533351e-05  5.00000000e-01 
 1.79000000e+00  1.79000000e+00 -1.74655574e-05  5.00000000e-01 
 1.80000000e+00  1.80000000e+00 -1.74777796e-05  5.00000000e-01 
 0.00000000e+00  0.00000000e+00  0.00000000e+00  7.00000000e-01 
 1.00000000e-02  1.00000000e-02 -2.99684000e-05  7.00000000e-01 
 2.00000000e-02  2.00000000e-02 -5.87605334e-05  7.00000000e-01 
 3.00000000e-02  3.00000000e-02 -8.63734667e-05  7.00000000e-01 
 4.00000000e-02  4.00000000e-02 -1.12804267e-04  7.00000000e-01 
 5.00000000e-02  5.00000000e-02 -1.38050000e-04  7.00000000e-01 
 6.00000000e-02  6.00000000e-02 -1.62107733e-04  7.00000000e-01 
 7.00000000e-02  7.00000000e-02 -1.84974533e-04  7.00000000e-01 
 8.00000000e-02  8.00000000e-02 -2.06647467e-04  7.00000000e-01 
 9.00000000e-02  9.00000000e-02 -2.27123600e-04  7.00000000e-01 
 1.00000000e-01  1.00000000e-01 -2.46400000e-04  7.00000000e-01 
 1.10000000e-01  1.10000000e-01 -2.64473733e-04  7.00000000e-01 
 1.20000000e-01  1.20000000e-01 -2.81341867e-04  7.00000000e-01 
 1.30000000e-01  1.30000000e-01 -2.97001467e-04  7.00000000e-01 
 1.40000000e-01  1.40000000e-01 -3.11449600e-04  7.00000000e-01 
 1.50000000e-01  1.50000000e-01 -3.24683333e-04  7.00000000e-01 
 1.60000000e-01  1.60000000e-01 -3.36699734e-04  7.00000000e-01 
 1.70000000e-01  1.70000000e-01 -3.47495867e-04  7.00000000e-01 
 1.80000000e-01  1.80000000e-01 -3.57068800e-04  7.00000000e-01 
 1.90000000e-01  1.90000000e-01 -3.65415600e-04  7.00000000e-01 
 2.00000000e-01  2.00000000e-01 -3.72533334e-04  7.00000000e-01 
 2.10000000e-01  2.10000000e-01 -3.78419067e-04  7.00000000e-01 
 2.20000000e-01  2.20000000e-01 -3.83069867e-04  7.00000000e-01 
 2.30000000e-01  2.30000000e-01 -3.86482800e-04  7.00000000e-01 
 2.40000000e-01  2.40000000e-01 -3.88654934e-04  7.00000000e-01 
 2.50000000e-01  2.50000000e-01 -3.89583334e-04  7.00000000e-01 
 2.60000000e-01  2.60000000e-01 -3.89888889e-04  7.00000000e-01 
 2.70000000e-01  2.70000000e-01 -3.90194445e-04  7.00000000e-01 
 2.80000000e-01  2.80000000e-01 -3.90500000e-04  7.00000000e-01 
 2.90000000e-01  2.90000000e-01 -3.90805556e-04  7.00000000e-01 
 3.00000000e-01  3.00000000e-01 -3.91111111e-04  7.00000000e-01 
 3.10000000e-01  3.10000000e-01 -3.91416667e-04  7.00000000e-01 
 3.20000000e-01  3.20000000e-01 -3.91722223e-04  7.00000000e-01 
 3.30000000e-01  3.30000000e-01 -3.92027778e-04  7.00000000e-01 
 3.40000000e-01  3.40000000e-01 -3.92333334e-04  7.00000000e-01 
 3.50000000e-01  3.50000000e-01 -3.92638889e-04  7.00000000e-01 
 3.60000000e-01  3.60000000e-01 -3.92944445e-04  7.00000000e-01 
 3.70000000e-01  3.70000000e-01 -3.93250000e-04  7.00000000e-01 
 3.80000000e-01  3.80000000e-01 -3.93555556e-04  7.00000000e-01 
 3.90000000e-01  3.90000000e-01 -3.93861112e-04  7.00000000e-01 
 4.00000000e-01  4.00000000e-01 -3.94166667e-04  7.00000000e-01 
 4.10000000e-01  4.10000000e-01 -3.94472223e-04  7.00000000e-01 
 4.20000000e-01  4.20000000e-01 -3.94777778e-04  7.00000000e-01 
 4.30000000e-01  4.30000000e-01 -3.95083334e-04  7.00000000e-01 
 4.40000000e-01  4.40000000e-01 -3.95388889e-04  7.00000000e-01 
 4.50000000e-01  4.50000000e-01 -3.95694445e-04  7.00000000e-01 
 4.60000000e-01  4.60000000e-01 -3.96000000e-04  7.00000000e-01 
 4.70000000e-01  4.70000000e-01 -3.96305556e-04  7.00000000e-01 
 4.80000000e-01  4.80000000e-01 -3.96611112e-04  7.00000000e-01 
 4.90000000e-01  4.90000000e-01 -3.96916667e-04  7.00000000e-01 
 5.00000000e-01  5.00000000e-01 -3.97222223e-04  7.00000000e-01 
 5.10000000e-01  5.10000000e-01 -3.97527778e-04  7.00000000e-01 
 5.20000000e-01  5.20000000e-01 -3.97833334e-04  7.00000000e-01 
 5.30000000e-01  5.30000000e-01 -3.98138889e-04  7.00000000e-01 
 5.40000000e-01  5.40000000e-01 -3.98444445e-04  7.00000000e-01 
 5.50000000e-01  5.50000000e-01 -3.98750001e-04  7.00000000e-01 
 5.60000000e-01  5.60000000e-01 -3.99055556e-04  7.00000000e-01 
 5.70000000e-01  5.70000000e-01 -3.99361112e-04  7.00000000e-01 
 5.80000000e-01  5.80000000e-01 -3.99666667e-04  7.00000000e-01 
 5.90000000e-01  5.90000000e-01 -3.99972223e-04  7.00000000e-01 
 6.00000000e-01  6.00000000e-01 -4.00277778e-04  7.00000000e-01 
 6.10000000e-01  6.10000000e-01 -4.00583334e-04  7.00000000e-01 
 6.20000000e-01  6.20000000e-01 -4.00888890e-04  7.00000000e-01 
 6.30000000e-01  6.30000000e-01 -4.01194445e-04  7.00000000e-01 
 6.40000000e-01  6.40000000e-01 -4.01500001e-04  7.00000000e-01 
 6.50000000e-01  6.50000000e-01 -4.01805556e-04  7.00000000e-01 
 6.60000000e-01  6.60000000e-01 -4.02111112e-04  7.00000000e-01 
 6.70000000e-01  6.70000000e-01 -4.02416667e-04  7.00000000e-01 
 6.80000000e-01  6.80000000e-01 -4.02722223e-04  7.00000000e-01 
 6.90000000e-01  6.90000000e-01 -4.03027778e-04  7.00000000e-01 
 7.00000000e-01  7.00000000e-01 -4.03333334e-04  7.00000000e-01 
 7.10000000e-01  7.10000000e-01 -4.03638890e-04  7.00000000e-01 
 7.20000000e-01  7.20000000e-01 -4.03944445e-04  7.00000000e-01 
 7.30000000e-01  7.30000000e-01 -4.04250001e-04  7.00000000e-01 
 7.40000000e-01  7.40000000e-01 -4.04555556e-04  7.00000000e-01 
 7.50000000e-01  7.50000000e-01 -4.04861112e-04  7.00000000e-01 
 7.60000000e-01  7.60000000e-01 -4.05166667e-04  7.00000000e-01 
 7.70000000e-01  7.70000000e-01 -4.05472223e-04  7.00000000e-01 
 7.80000000e-01  7.80000000e-01 -4.05777779e-04  7.00000000e-01 
 7.90000000e-01  7.90000000e-01 -4.06083334e-04  7.00000000e-01 
 8.00000000e-01  8.00000000e-01 -4.06388890e-04  7.00000000e-01 
 8.10000000e-01  8.10000000e-01 -4.06694445e-04  7.00000000e-01 
 8.20000000e-01  8.20000000e-01 -4.07000001e-04  7.00000000e-01 
 8.30000000e-01  8.30000000e-01 -4.07305556e-04  7.00000000e-01 
 8.40000000e-01  8.40000000e-01 -4.07611112e-04  7.00000000e-01 
 8.50000000e-01  8.50000000e-01 -4.07916668e-04  7.00000000e-01 
 8.60000000e-01  8.60000000e-01 -4.08222223e-04  7.00000000e-01 
 8.70000000e-01  8.70000000e-01 -4.08527779e-04  7.00000000e-01 
 8.80000000e-01  8.80000000e-01 -4.08833334e-04  7.00000000e-01 
 8.90000000e-01  8.90000000e-01 -4.09138890e-04  7.00000000e-01 
 9.00000000e-01  9.00000000e-01 -4.09444445e-04  7.00000000e-01 
 9.10000000e-01  9.10000000e-01 -4.09750001e-04  7.00000000e-01 
 9.20000000e-01  9.20000000e-01 -4.10055556e-04  7.00000000e-01 
 9.30000000e-01  9.30000000e-01 -4.10361112e-04  7.00000000e-01 
 9.40000000e-01  9.40000000e-01 -4.10666668e-04  7.00000000e-01 
 9.50000000e-01  9.50000000e-01 -4.10972223e-04  7.00000000e-01 
 9.60000000e-01  9.60000000e-01 -4.11277779e-04  7.00000000e-01 
 9.70000000e-01  9.70000000e-01 -4.11583334e-04  7.00000000e-01 
 9.80000000e-01  9.80000000e-01 -4.11888890e-04  7.00000000e-01 
 9.90000000e-01  9.90000000e-01 -4.12194445e-04  7.00000000e-01 
 1.00000000e+00  1.00000000e+00 -4.12500001e-04  7.00000000e-01 
 1.01000000e+00  1.01000000e+00 -4.12805557e-04  7.00000000e-01 
 1.02000000e+00  1.02000000e+00 -4.13111112e-04  7.00000000e-01 
 1.03000000e+00  1.03000000e+00 -4.13416668e-04  7.00000000e-01 
 1.04000000e+00  1.04000000e+00 -4.13722223e-04  7.00000000e-01 
 1.05000000e+00  1.05000000e+00 -4.14027779e-04  7.00000000e-01 
 1.06000000e+00  1.06000000e+00 -4.14333334e-04  7.00000000e-01 
 1.07000000e+00  1.07000000e+00 -4.14638890e-04  7.00000000e-01 
 1.08000000e+00  1.08000000e+00 -4.14944446e-04  7.00000000e-01 
 1.09000000e+00  1.09000000e+00 -4.15250001e-04  7.00000000e-01 
 1.10000000e+00  1.10000000e+00 -4.15555557e-04  7.00000000e-01 
 1.11000000e+00  1.11000000e+00 -4.15861112e-04  7.00000000e-01 
 1.12000000e+00  1.12000000e+00 -4.16166668e-04  7.00000000e-01 
 1.13000000e+00  1.13000000e+00 -4.16472223e-04  7.00000000e-01 
 1.14000000e+00  1.14000000e+00 -4.16777779e-04  7.00000000e-01 
 1.15000000e+00  1.15000000e+00 -4.17083334e-04  7.00000000e-01 
 1.16000000e+00  1.16000000e+00 -4.17388890e-04  7.00000000e-01 
 1.17000000e+00  1.17000000e+00 -4.17694446e-04  7.00000000e-01 
 1.18000000e+00  1.18000000e+00 -4.18000001e-04  7.00000000e-01 
 1.19000000e+00  1.19000000e+00 -4.18305557e-04  7.00000000e-01 
 1.20000000e+00  1.20000000e+00 -4.18611112e-04  7.00000000e-01 
 1.21000000e+00  1.21000000e+00 -4.18916668e-04  7.00000000e-01 
 1.22000000e+00  1.22000000e+00 -4.19222223e-04  7.00000000e-01 
 1.23000000e+00  1.23000000e+00 -4.19527779e-04  7.00000000e-01 
 1.24000000e+00  1.24000000e+00 -4.19833335e-04  7.00000000e-01 
 1.25000000e+00  1.25000000e+00 -4.20138890e-04  7.00000000e-01 
 1.26000000e+00  1.26000000e+00 -4.20444446e-04  7.00000000e-01 
 1.27000000e+00  1.27000000e+00 -4.20750001e-04  7.00000000e-01 
 1.28000000e+00  1.28000000e+00 -4.21055557e-04  7.00000000e-01 
 1.29000000e+00  1.29000000e+00 -4.21361112e-04  7.00000000e-01 
 1.30000000e+00  1.30000000e+00 -4.21666668e-04  7.00000000e-01 
 1.31000000e+00  1.31000000e+00 -4.21972224e-04  7.00000000e-01 
 1.32000000e+00  1.32000000e+00 -4.22277779e-04  7.00000000e-01 
 1.33000000e+00  1.33000000e+00 -4.22583335e-04  7.00000000e-01 
 1.34000000e+00  1.34000000e+00 -4.22888890e-04  7.00000000e-01 
 1.35000000e+00  1.35000000e+00 -4.23194446e-04  7.00000000e-01 
 1.36000000e+00  1.36000000e+00 -4.23500001e-04  7.00000000e-01 
 1.37000000e+00  1.37000000e+00 -4.23805557e-04  7.00000000e-01 
 1.38000000e+00  1.38000000e+00 -4.24111113e-04  7.00000000e-01 
 1.39000000e+00  1.39000000e+00 -4.24416668e-04  7.00000000e-01 
 1.40000000e+00  1.40000000e+00 -4.24722224e-04  7.00000000e-01 
 1.41000000e+00  1.41000000e+00 -4.25027779e-04  7.00000000e-01 
 1.42000000e+00  1.42000000e+00 -4.25333335e-04  7.00000000e-01 
 1.43000000e+00  1.43000000e+00 -4.25638890e-04  7.00000000e-01 
 1.44000000e+00  1.44000000e+00 -4.25944446e-04  7.00000000e-01 
 1.45000000e+00  1.45000000e+00 -4.26250001e-04  7.00000000e-01 
 1.46000000e+00  1.46000000e+00 -4.26555557e-04  7.00000000e-01 
 1.47000000e+00  1.47000000e+00 -4.26861113e-04  7.00000000e-01 
 1.48000000e+00  1.48000000e+00 -4.27166668e-04  7.00000000e-01 
 1.49000000e+00  1.49000000e+00 -4.27472224e-04  7.00000000e-01 
 1.50000000e+00  1.50000000e+00 -4.27777779e-04  7.00000000e-01 
 1.51000000e+00  1.51000000e+00 -4.28083335e-04  7.00000000e-01 
 1.52000000e+00  1.52000000e+00 -4.28388890e-04  7.00000000e-01 
 1.53000000e+00  1.53000000e+00 -4.28694446e-04  7.00000000e-01 
 1.54000000e+00  1.54000000e+00 -4.29000002e-04  7.00000000e-01 
 1.55000000e+00  1.55000000e+00 -4.29305557e-04  7.00000000e-01 
 1.56000000e+00  1.56000000e+00 -4.29611113e-04  7.00000000e-01 
 1.57000000e+00  1.57000000e+00 -4.29916668e-04  7.00000000e-01 
 1.58000000e+00  1.58000000e+00 -4.30222224e-04  7.00000000e-01 
 1.59000000e+00  1.59000000e+00 -4.30527779e-04  7.00000000e-01 
 1.60000000e+00  1.60000000e+00 -4.30833335e-04  7.00000000e-01 
 1.61000000e+00  1.61000000e+00 -4.31138891e-04  7.00000000e-01 
 1.62000000e+00  1.62000000e+00 -4.31444446e-04  7.00000000e-01 
 1.63000000e+00  1.63000000e+00 -4.31750002e-04  7.00000000e-01 
 1.64000000e+00  1.64000000e+00 -4.32055557e-04  7.00000000e-01 
 1.65000000e+00  1.65000000e+00 -4.32361113e-04  7.00000000e-01 
 1.66000000e+00  1.66000000e+00 -4.32666668e-04  7.00000000e-01 
 1.67000000e+00  1.67000000e+00 -4.32972224e-04  7.00000000e-01 
 1.68000000e+00  1.68000000e+00 -4.33277779e-04  7.00000000e-01 
 1.69000000e+00  1.69000000e+00 -4.33583335e-04  7.00000000e-01 
 1.70000000e+00  1.70000000e+00 -4.33888891e-04  7.00000000e-01 
 1.71000000e+00  1.71000000e+00 -4.34194446e-04  7.00000000e-01 
 1.72000000e+00  1.72000000e+00 -4.34500002e-04  7.00000000e-01 
 1.73000000e+00  1.73000000e+00 -4.34805557e-04  7.00000000e-01 
 1.74000000e+00  1.74000000e+00 -4.35111113e-04  7.00000000e-01 
 1.75000000e+00  1.75000000e+00 -4.35416668e-04  7.00000000e-01 
 1.76000000e+00  1.76000000e+00 -4.35722224e-04  7.00000000e-01 
 1.77000000e+00  1.77000000e+00 -4.36027780e-04  7.00000000e-01 
 1.78000000e+00  1.78000000e+00 -4.36333335e-04  7.00000000e-01 
 1.79000000e+00  1.79000000e+00 -4.36638891e-04  7.00000000e-01 
 1.80000000e+00  1.80000000e+00 -4.36944446e-04  7.00000000e-01 
 0.00000000e+00  0.00000000e+00  0.00000000e+00  9.00000000e-01 
 1.00000000e-02  1.00000000e-02 -5.44324000e-05  9.00000000e-01 
 2.00000000e-02  2.00000000e-02 -1.07727644e-04  9.00000000e-01 
 3.00000000e-02  3.00000000e-02 -1.59882800e-04  9.00000000e-01 
 4.00000000e-02  4.00000000e-02 -2.10894933e-04  9.00000000e-01 
 5.00000000e-02  5.00000000e-02 -2.60761111e-04  9.00000000e-01 
 6.00000000e-02  6.00000000e-02 -3.09478400e-04  9.00000000e-01 
 7.00000000e-02  7.00000000e-02 -3.57043867e-04  9.00000000e-01 
 8.00000000e-02  8.00000000e-02 -4.03454578e-04  9.00000000e-01 
 9.00000000e-02  9.00000000e-02 -4.48707600e-04  9.00000000e-01 
 1.00000000e-01  1.00000000e-01 -4.92800000e-04  9.00000000e-01 
 1.10000000e-01  1.10000000e-01 -5.35728845e-04  9.00000000e-01 
 1.20000000e-01  1.20000000e-01 -5.77491200e-04  9.00000000e-01 
 1.30000000e-01  1.30000000e-01 -6.18669333e-04  9.00000000e-01 
 1.40000000e-01  1.40000000e-01 -6.58091378e-04  9.00000000e-01 
 1.50000000e-01  1.50000000e-01 -6.96338133e-04  9.00000000e-01 
 1.60000000e-01  1.60000000e-01 -7.33406667e-04  9.00000000e-01 
 1.70000000e-01  1.70000000e-01 -7.69294045e-04  9.00000000e-01 
 1.80000000e-01  1.80000000e-01 -8.03997334e-04  9.00000000e-01 
 1.90000000e-01  1.90000000e-01 -8.37513600e-04  9.00000000e-01 
 2.00000000e-01  2.00000000e-01 -8.69839911e-04  9.00000000e-01 
 2.10000000e-01  2.10000000e-01 -9.00973334e-04  9.00000000e-01 
 2.20000000e-01  2.20000000e-01 -9.30910934e-04  9.00000000e-01 
 2.30000000e-01  2.30000000e-01 -9.59649778e-04  9.00000000e-01 
 2.40000000e-01  2.40000000e-01 -9.87186934e-04  9.00000000e-01 
 2.50000000e-01  2.50000000e-01 -1.01351947e-03  9.00000000e-01 
 2.60000000e-01  2.60000000e-01 -1.03864444e-03  9.00000000e-01 
 2.70000000e-01  2.70000000e-01 -1.06255893e-03  9.00000000e-01 
 2.80000000e-01  2.80000000e-01 -1.08526000e-03  9.00000000e-01 
 2.90000000e-01  2.90000000e-01 -1.10674471e-03  9.00000000e-01 
 3.00000000e-01  3.00000000e-01 -1.12701013e-03  9.00000000e-01 
 3.10000000e-01  3.10000000e-01 -1.14605333e-03  9.00000000e-01 
 3.20000000e-01  3.20000000e-01 -1.16387138e-03  9.00000000e-01 
 3.30000000e-01  3.30000000e-01 -1.18046133e-03  9.00000000e-01 
 3.40000000e-01  3.40000000e-01 -1.19582027e-03  9.00000000e-01 
 3.50000000e-01  3.50000000e-01 -1.20994524e-03  9.00000000e-01 
 3.60000000e-01  3.60000000e-01 -1.22283333e-03  9.00000000e-01 
 3.70000000e-01  3.70000000e-01 -1.23448160e-03  9.00000000e-01 
 3.80000000e-01  3.80000000e-01 -1.24488711e-03  9.00000000e-01 
 3.90000000e-01  3.90000000e-01 -1.25404693e-03  9.00000000e-01 
 4.00000000e-01  4.00000000e-01 -1.26195813e-03  9.00000000e-01 
 4.10000000e-01  4.10000000e-01 -1.26861778e-03  9.00000000e-01 
 4.20000000e-01  4.20000000e-01 -1.27402293e-03  9.00000000e-01 
 4.30000000e-01  4.30000000e-01 -1.27817067e-03  9.00000000e-01 
 4.40000000e-01  4.40000000e-01 -1.28105804e-03  9.00000000e-01 
 4.50000000e-01  4.50000000e-01 -1.28268213e-03  9.00000000e-01 
 4.60000000e-01  4.60000000e-01 -1.28304000e-03  9.00000000e-01 
 4.70000000e-01  4.70000000e-01 -1.28403000e-03  9.00000000e-01 
 4.80000000e-01  4.80000000e-01 -1.28502000e-03  9.00000000e-01 
 4.90000000e-01  4.90000000e-01 -1.28601000e-03  9.00000000e-01 
 5.00000000e-01  5.00000000e-01 -1.28700000e-03  9.00000000e-01 
 5.10000000e-01  5.10000000e-01 -1.28799000e-03  9.00000000e-01 
 5.20000000e-01  5.20000000e-01 -1.28898000e-03  9.00000000e-01 
 5.30000000e-01  5.30000000e-01 -1.28997000e-03  9.00000000e-01 
 5.40000000e-01  5.40000000e-01 -1.29096000e-03  9.00000000e-01 
 5.50000000e-01  5.50000000e-01 -1.29195000e-03  9.00000000e-01 
 5.60000000e-01  5.60000000e-01 -1.29294000e-03  9.00000000e-01 
 5.70000000e-01  5.70000000e-01 -1.29393000e-03  9.00000000e-01 
 5.80000000e-01  5.80000000e-01 -1.29492000e-03  9.00000000e-01 
 5.90000000e-01  5.90000000e-01 -1.29591000e-03  9.00000000e-01 
 6.00000000e-01  6.00000000e-01 -1.29690000e-03  9.00000000e-01 
 6.10000000e-01  6.10000000e-01 -1.29789000e-03  9.00000000e-01 
 6.20000000e-01  6.20000000e-01 -1.29888000e-03  9.00000000e-01 
 6.30000000e-01  6.30000000e-01 -1.29987000e-03  9.00000000e-01 
 6.40000000e-01  6.40000000e-01 -1.30086000e-03  9.00000000e-01 
 6.50000000e-01  6.50000000e-01 -1.30185000e-03  9.00000000e-01 
 6.60000000e-01  6.60000000e-01 -1.30284000e-03  9.00000000e-01 
 6.70000000e-01  6.70000000e-01 -1.30383000e-03  9.00000000e-01 
 6.80000000e-01  6.80000000e-01 -1.30482000e-03  9.00000000e-01 
 6.90000000e-01  6.90000000e-01 -1.30581000e-03  9.00000000e-01 
 7.00000000e-01  7.00000000e-01 -1.30680000e-03  9.00000000e-01 
 7.10000000e-01  7.10000000e-01 -1.30779000e-03  9.00000000e-01 
 7.20000000e-01  7.20000000e-01 -1.30878000e-03  9.00000000e-01 
 7.30000000e-01  7.30000000e-01 -1.30977000e-03  9.00000000e-01 
 7.40000000e-01  7.40000000e-01 -1.31076000e-03  9.00000000e-01 
 7.50000000e-01  7.50000000e-01 -1.31175000e-03  9.00000000e-01 
 7.60000000e-01  7.60000000e-01 -1.31274000e-03  9.00000000e-01 
 7.70000000e-01  7.70000000e-01 -1.31373000e-03  9.00000000e-01 
 7.80000000e-01  7.80000000e-01 -1.31472000e-03  9.00000000e-01 
 7.90000000e-01  7.90000000e-01 -1.31571000e-03  9.00000000e-01 
 8.00000000e-01  8.00000000e-01 -1.31670000e-03  9.00000000e-01 
 8.10000000e-01  8.10000000e-01 -1.31769000e-03  9.00000000e-01 
 8.20000000e-01  8.20000000e-01 -1.31868000e-03  9.00000000e-01 
 8.30000000e-01  8.30000000e-01 -1.31967000e-03  9.00000000e-01 
 8.40000000e-01  8.40000000e-01 -1.32066000e-03  9.00000000e-01 
 8.50000000e-01  8.50000000e-01 -1.32165000e-03  9.00000000e-01 
 8.60000000e-01  8.60000000e-01 -1.32264000e-03  9.00000000e-01 
 8.70000000e-01  8.70000000e-01 -1.32363000e-03  9.00000000e-01 
 8.80000000e-01  8.80000000e-01 -1.32462000e-03  9.00000000e-01 
 8.90000000e-01  8.90000000e-01 -1.32561000e-03  9.00000000e-01 
 9.00000000e-01  9.00000000e-01 -1.32660000e-03  9.00000000e-01 
 9.10000000e-01  9.10000000e-01 -1.32759000e-03  9.00000000e-01 
 9.20000000e-01  9.20000000e-01 -1.32858000e-03  9.00000000e-01 
 9.30000000e-01  9.30000000e-01 -1.32957000e-03  9.00000000e-01 
 9.40000000e-01  9.40000000e-01 -1.33056000e-03  9.00000000e-01 
 9.50000000e-01  9.50000000e-01 -1.33155000e-03  9.00000000e-01 
 9.60000000e-01  9.60000000e-01 -1.33254000e-03  9.00000000e-01 
 9.70000000e-01  9.70000000e-01 -1.33353000e-03  9.00000000e-01 
 9.80000000e-01  9.80000000e-01 -1.33452000e-03  9.00000000e-01 
 9.90000000e-01  9.90000000e-01 -1.33551000e-03  9.00000000e-01 
 1.00000000e+00  1.00000000e+00 -1.33650000e-03  9.00000000e-01 
 1.01000000e+00  1.01000000e+00 -1.33749000e-03  9.00000000e-01 
 1.02000000e+00  1.02000000e+00 -1.33848000e-03  9.00000000e-01 
 1.03000000e+00  1.03000000e+00 -1.33947000e-03  9.00000000e-01 
 1.04000000e+00  1.04000000e+00 -1.34046000e-03  9.00000000e-01 
 1.05000000e+00  1.05000000e+00 -1.34145000e-03  9.00000000e-01 
 1.06000000e+00  1.06000000e+00 -1.34244000e-03  9.00000000e-01 
 1.07000000e+00  1.07000000e+00 -1.34343000e-03  9.00000000e-01 
 1.08000000e+00  1.08000000e+00 -1.34442000e-03  9.00000000e-01 
 1.09000000e+00  1.09000000e+00 -1.34541000e-03  9.00000000e-01 
 1.10000000e+00  1.10000000e+00 -1.34640000e-03  9.00000000e-01 
 1.11000000e+00  1.11000000e+00 -1.34739000e-03  9.00000000e-01 
 1.12000000e+00  1.12000000e+00 -1.34838000e-03  9.00000000e-01 
 1.13000000e+00  1.13000000e+00 -1.34937000e-03  9.00000000e-01 
 1.14000000e+00  1.14000000e+00 -1.35036000e-03  9.00000000e-01 
 1.15000000e+00  1.15000000e+00 -1.35135000e-03  9.00000000e-01 
 1.16000000e+00  1.16000000e+00 -1.35234000e-03  9.00000000e-01 
 1.17000000e+00  1.17000000e+00 -1.35333000e-03  9.00000000e-01 
 1.18000000e+00  1.18000000e+00 -1.35432000e-03  9.00000000e-01 
 1.19000000e+00  1.19000000e+00 -1.35531000e-03  9.00000000e-01 
 1.20000000e+00  1.20000000e+00 -1.35630000e-03  9.00000000e-01 
 1.21000000e+00  1.21000000e+00 -1.35729000e-03  9.00000000e-01 
 1.22000000e+00  1.22000000e+00 -1.35828000e-03  9.00000000e-01 
 1.23000000e+00  1.23000000e+00 -1.35927000e-03  9.00000000e-01 
 1.24000000e+00  1.24000000e+00 -1.36026000e-03  9.00000000e-01 
 1.25000000e+00  1.25000000e+00 -1.36125000e-03  9.00000000e-01 
 1.26000000e+00  1.26000000e+00 -1.36224000e-03  9.00000000e-01 
 1.27000000e+00  1.27000000e+00 -1.36323000e-03  9.00000000e-01 
 1.28000000e+00  1.28000000e+00 -1.36422000e-03  9.00000000e-01 
 1.29000000e+00  1.29000000e+00 -1.36521000e-03  9.00000000e-01 
 1.30000000e+00  1.30000000e+00 -1.36620000e-03  9.00000000e-01 
 1.31000000e+00  1.31000000e+00 -1.36719000e-03  9.00000000e-01 
 1.32000000e+00  1.32000000e+00 -1.36818000e-03  9.00000000e-01 
 1.33000000e+00  1.33000000e+00 -1.36917000e-03  9.00000000e-01 
 1.34000000e+00  1.34000000e+00 -1.37016000e-03  9.00000000e-01 
 1.35000000e+00  1.35000000e+00 -1.37115000e-03  9.00000000e-01 
 1.36000000e+00  1.36000000e+00 -1.37214000e-03  9.00000000e-01 
 1.37000000e+00  1.37000000e+00 -1.37313000e-03  9.00000000e-01 
 1.38000000e+00  1.38000000e+00 -1.37412000e-03  9.00000000e-01 
 1.39000000e+00  1.39000000e+00 -1.37511000e-03  9.00000000e-01 
 1.40000000e+00  1.40000000e+00 -1.37610000e-03  9.00000000e-01 
 1.41000000e+00  1.41000000e+00 -1.37709000e-03  9.00000000e-01 
 1.42000000e+00  1.42000000e+00 -1.37808000e-03  9.00000000e-01 
 1.43000000e+00  1.43000000e+00 -1.37907000e-03  9.00000000e-01 
 1.44000000e+00  1.44000000e+00 -1.38006000e-03  9.00000000e-01 
 1.45000000e+00  1.45000000e+00 -1.38105000e-03  9.00000000e-01 
 1.46000000e+00  1.46000000e+00 -1.38204000e-03  9.00000000e-01 
 1.47000000e+00  1.47000000e+00 -1.38303000e-03  9.00000000e-01 
 1.48000000e+00  1.48000000e+00 -1.38402000e-03  9.00000000e-01 
 1.49000000e+00  1.49000000e+00 -1.38501000e-03  9.00000000e-01 
 1.50000000e+00  1.50000000e+00 -1.38600000e-03  9.00000000e-01 
 1.51000000e+00  1.51000000e+00 -1.38699000e-03  9.00000000e-01 
 1.52000000e+00  1.52000000e+00 -1.38798000e-03  9.00000000e-01 
 1.53000000e+00  1.53000000e+00 -1.38897000e-03  9.00000000e-01 
 1.54000000e+00  1.54000000e+00 -1.38996000e-03  9.00000000e-01 
 1.55000000e+00  1.55000000e+00 -1.39095000e-03  9.00000000e-01 
 1.56000000e+00  1.56000000e+00 -1.39194000e-03  9.00000000e-01 
 1.57000000e+00  1.57000000e+00 -1.39293000e-03  9.00000000e-01 
 1.58000000e+00  1.58000000e+00 -1.39392000e-03  9.00000000e-01 
 1.59000000e+00  1.59000000e+00 -1.39491000e-03  9.00000000e-01 
 1.60000000e+00  1.60000000e+00 -1.39590000e-03  9.00000000e-01 
 1.61000000e+00  1.61000000e+00 -1.39689000e-03  9.00000000e-01 
 1.62000000e+00  1.62000000e+00 -1.39788000e-03  9.00000000e-01 
 1.63000000e+00  1.63000000e+00 -1.39887000e-03  9.00000000e-01 
 1.64000000e+00  1.64000000e+00 -1.39986000e-03  9.00000000e-01 
 1.65000000e+00  1.65000000e+00 -1.40085000e-03  9.00000000e-01 
 1.66000000e+00  1.66000000e+00 -1.40184000e-03  9.00000000e-01 
 1.67000000e+00  1.67000000e+00 -1.40283000e-03  9.00000000e-01 
 1.68000000e+00  1.68000000e+00 -1.40382000e-03  9.00000000e-01 
 1.69000000e+00  1.69000000e+00 -1.40481000e-03  9.00000000e-01 
 1.70000000e+00  1.70000000e+00 -1.40580000e-03  9.00000000e-01 
 1.71000000e+00  1.71000000e+00 -1.40679000e-03  9.00000000e-01 
 1.72000000e+00  1.72000000e+00 -1.40778000e-03  9.00000000e-01 
 1.73000000e+00  1.73000000e+00 -1.40877000e-03  9.00000000e-01 
 1.74000000e+00  1.74000000e+00 -1.40976000e-03  9.00000000e-01 
 1.75000000e+00  1.75000000e+00 -1.41075000e-03  9.00000000e-01 
 1.76000000e+00  1.76000000e+00 -1.41174000e-03  9.00000000e-01 
 1.77000000e+00  1.77000000e+00 -1.41273000e-03  9.00000000e-01 
 1.78000000e+00  1.78000000e+00 -1.41372000e-03  9.00000000e-01 
 1.79000000e+00  1.79000000e+00 -1.41471000e-03  9.00000000e-01 
 1.80000000e+00  1.80000000e+00 -1.41570000e-03  9.00000000e-01 
 0.00000000e+00  0.00000000e+00  0.00000000e+00  1.10000000e+00 
 1.00000000e-02  1.00000000e-02 -7.88964000e-05  1.10000000e+00 
 2.00000000e-02  2.00000000e-02 -1.56694756e-04  1.10000000e+00 
 3.00000000e-02  3.00000000e-02 -2.33392133e-04  1.10000000e+00 
 4.00000000e-02  4.00000000e-02 -3.08985600e-04  1.10000000e+00 
 5.00000000e-02  5.00000000e-02 -3.83472222e-04  1.10000000e+00 
 6.00000000e-02  6.00000000e-02 -4.56849067e-04  1.10000000e+00 
 7.00000000e-02  7.00000000e-02 -5.29113200e-04  1.10000000e+00 
 8.00000000e-02  8.00000000e-02 -6.00820000e-04  1.10000000e+00 
 9.00000000e-02  9.00000000e-02 -6.70851378e-04  1.10000000e+00 
 1.00000000e-01  1.00000000e-01 -7.39761245e-04  1.10000000e+00 
 1.10000000e-01  1.10000000e-01 -8.07546667e-04  1.10000000e+00 
 1.20000000e-01  1.20000000e-01 -8.74204711e-04  1.10000000e+00 
 1.30000000e-01  1.30000000e-01 -9.39732445e-04  1.10000000e+00 
 1.40000000e-01  1.40000000e-01 -1.00412693e-03  1.10000000e+00 
 1.50000000e-01  1.50000000e-01 -1.06738524e-03  1.10000000e+00 
 1.60000000e-01  1.60000000e-01 -1.12950444e-03  1.10000000e+00 
 1.70000000e-01  1.70000000e-01 -1.19048160e-03  1.10000000e+00 
 1.80000000e-01  1.80000000e-01 -1.25031378e-03  1.10000000e+00 
 1.90000000e-01  1.90000000e-01 -1.30899804e-03  1.10000000e+00 
 2.00000000e-01  2.00000000e-01 -1.36653147e-03  1.10000000e+00 
 2.10000000e-01  2.10000000e-01 -1.42291111e-03  1.10000000e+00 
 2.20000000e-01  2.20000000e-01 -1.47813404e-03  1.10000000e+00 
 2.30000000e-01  2.30000000e-01 -1.53219733e-03  1.10000000e+00 
 2.40000000e-01  2.40000000e-01 -1.58509804e-03  1.10000000e+00 
 2.50000000e-01  2.50000000e-01 -1.63683324e-03  1.10000000e+00 
 2.60000000e-01  2.60000000e-01 -1.68740000e-03  1.10000000e+00 
 2.70000000e-01  2.70000000e-01 -1.73679538e-03  1.10000000e+00 
 2.80000000e-01  2.80000000e-01 -1.78501644e-03  1.10000000e+00 
 2.90000000e-01  2.90000000e-01 -1.83206027e-03  1.10000000e+00 
 3.00000000e-01  3.00000000e-01 -1.87792391e-03  1.10000000e+00 
 3.10000000e-01  3.10000000e-01 -1.92260444e-03  1.10000000e+00 
 3.20000000e-01  3.20000000e-01 -1.96609893e-03  1.10000000e+00 
 3.30000000e-01  3.30000000e-01 -2.00840444e-03  1.10000000e+00 
 3.40000000e-01  3.40000000e-01 -2.04951804e-03  1.10000000e+00 
 3.50000000e-01  3.50000000e-01 -2.08943680e-03  1.10000000e+00 
 3.60000000e-01  3.60000000e-01 -2.12815778e-03  1.10000000e+00 
 3.70000000e-01  3.70000000e-01 -2.16567804e-03  1.10000000e+00 
 3.80000000e-01  3.80000000e-01 -2.20199467e-03  1.10000000e+00 
 3.90000000e-01  3.90000000e-01 -2.23710471e-03  1.10000000e+00 
 4.00000000e-01  4.00000000e-01 -2.27100524e-03  1.10000000e+00 
 4.10000000e-01  4.10000000e-01 -2.30369333e-03  1.10000000e+00 
 4.20000000e-01  4.20000000e-01 -2.33516604e-03  1.10000000e+00 
 4.30000000e-01  4.30000000e-01 -2.36542044e-03  1.10000000e+00 
 4.40000000e-01  4.40000000e-01 -2.39445360e-03  1.10000000e+00 
 4.50000000e-01  4.50000000e-01 -2.42226258e-03  1.10000000e+00 
 4.60000000e-01  4.60000000e-01 -2.44884444e-03  1.10000000e+00 
 4.70000000e-01  4.70000000e-01 -2.47419627e-03  1.10000000e+00 
 4.80000000e-01  4.80000000e-01 -2.49831511e-03  1.10000000e+00 
 4.90000000e-01  4.90000000e-01 -2.52119804e-03  1.10000000e+00 
 5.00000000e-01  5.00000000e-01 -2.54284213e-03  1.10000000e+00 
 5.10000000e-01  5.10000000e-01 -2.56324444e-03  1.10000000e+00 
 5.20000000e-01  5.20000000e-01 -2.58240204e-03  1.10000000e+00 
 5.30000000e-01  5.30000000e-01 -2.60031200e-03  1.10000000e+00 
 5.40000000e-01  5.40000000e-01 -2.61697138e-03  1.10000000e+00 
 5.50000000e-01  5.50000000e-01 -2.63237725e-03  1.10000000e+00 
 5.60000000e-01  5.60000000e-01 -2.64652667e-03  1.10000000e+00 
 5.70000000e-01  5.70000000e-01 -2.65941671e-03  1.10000000e+00 
 5.80000000e-01  5.80000000e-01 -2.67104445e-03  1.10000000e+00 
 5.90000000e-01  5.90000000e-01 -2.68140693e-03  1.10000000e+00 
 6.00000000e-01  6.00000000e-01 -2.69050125e-03  1.10000000e+00 
 6.10000000e-01  6.10000000e-01 -2.69832445e-03  1.10000000e+00 
 6.20000000e-01  6.20000000e-01 -2.70487360e-03  1.10000000e+00 
 6.30000000e-01  6.30000000e-01 -2.71014578e-03  1.10000000e+00 
 6.40000000e-01  6.40000000e-01 -2.71413805e-03  1.10000000e+00 
 6.50000000e-01  6.50000000e-01 -2.71684747e-03  1.10000000e+00 
 6.60000000e-01  6.60000000e-01 -2.71827111e-03  1.10000000e+00 
 6.70000000e-01  6.70000000e-01 -2.72033667e-03  1.10000000e+00 
 6.80000000e-01  6.80000000e-01 -2.72240222e-03  1.10000000e+00 
 6.90000000e-01  6.90000000e-01 -2.72446778e-03  1.10000000e+00 
 7.00000000e-01  7.00000000e-01 -2.72653333e-03  1.10000000e+00 
 7.10000000e-01  7.10000000e-01 -2.72859889e-03  1.10000000e+00 
 7.20000000e-01  7.20000000e-01 -2.73066445e-03  1.10000000e+00 
 7.30000000e-01  7.30000000e-01 -2.73273000e-03  1.10000000e+00 
 7.40000000e-01  7.40000000e-01 -2.73479556e-03  1.10000000e+00 
 7.50000000e-01  7.50000000e-01 -2.73686111e-03  1.10000000e+00 
 7.60000000e-01  7.60000000e-01 -2.73892667e-03  1.10000000e+00 
 7.70000000e-01  7.70000000e-01 -2.74099222e-03  1.10000000e+00 
 7.80000000e-01  7.80000000e-01 -2.74305778e-03  1.10000000e+00 
 7.90000000e-01  7.90000000e-01 -2.74512333e-03  1.10000000e+00 
 8.00000000e-01  8.00000000e-01 -2.74718889e-03  1.10000000e+00 
 8.10000000e-01  8.10000000e-01 -2.74925445e-03  1.10000000e+00 
 8.20000000e-01  8.20000000e-01 -2.75132000e-03  1.10000000e+00 
 8.30000000e-01  8.30000000e-01 -2.75338556e-03  1.10000000e+00 
 8.40000000e-01  8.40000000e-01 -2.75545111e-03  1.10000000e+00 
 8.50000000e-01  8.50000000e-01 -2.75751667e-03  1.10000000e+00 
 8.60000000e-01  8.60000000e-01 -2.75958222e-03  1.10000000e+00 
 8.70000000e-01  8.70000000e-01 -2.76164778e-03  1.10000000e+00 
 8.80000000e-01  8.80000000e-01 -2.76371333e-03  1.10000000e+00 
 8.90000000e-01  8.90000000e-01 -2.76577889e-03  1.10000000e+00 
 9.00000000e-01  9.00000000e-01 -2.76784445e-03  1.10000000e+00 
 9.10000000e-01  9.10000000e-01 -2.76991000e-03  1.10000000e+00 
 9.20000000e-01  9.20000000e-01 -2.77197556e-03  1.10000000e+00 
 9.30000000e-01  9.30000000e-01 -2.77404111e-03  1.10000000e+00 
 9.40000000e-01  9.40000000e-01 -2.77610667e-03  1.10000000e+00 
 9.50000000e-01  9.50000000e-01 -2.77817222e-03  1.10000000e+00 
 9.60000000e-01  9.60000000e-01 -2.78023778e-03  1.10000000e+00 
 9.70000000e-01  9.70000000e-01 -2.78230333e-03  1.10000000e+00 
 9.80000000e-01  9.80000000e-01 -2.78436889e-03  1.10000000e+00 
 9.90000000e-01  9.90000000e-01 -2.78643445e-03  1.10000000e+00 
 1.00000000e+00  1.00000000e+00 -2.78850000e-03  1.10000000e+00 
 1.01000000e+00  1.01000000e+00 -2.79056556e-03  1.10000000e+00 
 1.02000000e+00  1.02000000e+00 -2.79263111e-03  1.10000000e+00 
 1.03000000e+00  1.03000000e+00 -2.79469667e-03  1.10000000e+00 
 1.04000000e+00  1.04000000e+00 -2.79676222e-03  1.10000000e+00 
 1.05000000e+00  1.05000000e+00 -2.79882778e-03  1.10000000e+00 
 1.06000000e+00  1.06000000e+00 -2.80089333e-03  1.10000000e+00 
 1.07000000e+00  1.07000000e+00 -2.80295889e-03  1.10000000e+00 
 1.08000000e+00  1.08000000e+00 -2.80502445e-03  1.10000000e+00 
 1.09000000e+00  1.09000000e+00 -2.80709000e-03  1.10000000e+00 
 1.10000000e+00  1.10000000e+00 -2.80915556e-03  1.10000000e+00 
 1.11000000e+00  1.11000000e+00 -2.81122111e-03  1.10000000e+00 
 1.12000000e+00  1.12000000e+00 -2.81328667e-03  1.10000000e+00 
 1.13000000e+00  1.13000000e+00 -2.81535222e-03  1.10000000e+00 
 1.14000000e+00  1.14000000e+00 -2.81741778e-03  1.10000000e+00 
 1.15000000e+00  1.15000000e+00 -2.81948333e-03  1.10000000e+00 
 1.16000000e+00  1.16000000e+00 -2.82154889e-03  1.10000000e+00 
 1.17000000e+00  1.17000000e+00 -2.82361445e-03  1.10000000e+00 
 1.18000000e+00  1.18000000e+00 -2.82568000e-03  1.10000000e+00 
 1.19000000e+00  1.19000000e+00 -2.82774556e-03  1.10000000e+00 
 1.20000000e+00  1.20000000e+00 -2.82981111e-03  1.10000000e+00 
 1.21000000e+00  1.21000000e+00 -2.83187667e-03  1.10000000e+00 
 1.22000000e+00  1.22000000e+00 -2.83394222e-03  1.10000000e+00 
 1.23000000e+00  1.23000000e+00 -2.83600778e-03  1.10000000e+00 
 1.24000000e+00  1.24000000e+00 -2.83807333e-03  1.10000000e+00 
 1.25000000e+00  1.25000000e+00 -2.84013889e-03  1.10000000e+00 
 1.26000000e+00  1.26000000e+00 -2.84220445e-03  1.10000000e+00 
 1.27000000e+00  1.27000000e+00 -2.84427000e-03  1.10000000e+00 
 1.28000000e+00  1.28000000e+00 -2.84633556e-03  1.10000000e+00 
 1.29000000e+00  1.29000000e+00 -2.84840111e-03  1.10000000e+00 
 1.30000000e+00  1.30000000e+00 -2.85046667e-03  1.10000000e+00 
 1.31000000e+00  1.31000000e+00 -2.85253222e-03  1.10000000e+00 
 1.32000000e+00  1.32000000e+00 -2.85459778e-03  1.10000000e+00 
 1.33000000e+00  1.33000000e+00 -2.85666333e-03  1.10000000e+00 
 1.34000000e+00  1.34000000e+00 -2.85872889e-03  1.10000000e+00 
 1.35000000e+00  1.35000000e+00 -2.86079445e-03  1.10000000e+00 
 1.36000000e+00  1.36000000e+00 -2.86286000e-03  1.10000000e+00 
 1.37000000e+00  1.37000000e+00 -2.86492556e-03  1.10000000e+00 
 1.38000000e+00  1.38000000e+00 -2.86699111e-03  1.10000000e+00 
 1.39000000e+00  1.39000000e+00 -2.86905667e-03  1.10000000e+00 
 1.40000000e+00  1.40000000e+00 -2.87112222e-03  1.10000000e+00 
 1.41000000e+00  1.41000000e+00 -2.87318778e-03  1.10000000e+00 
 1.42000000e+00  1.42000000e+00 -2.87525333e-03  1.10000000e+00 
 1.43000000e+00  1.43000000e+00 -2.87731889e-03  1.10000000e+00 
 1.44000000e+00  1.44000000e+00 -2.87938445e-03  1.10000000e+00 
 1.45000000e+00  1.45000000e+00 -2.88145000e-03  1.10000000e+00 
 1.46000000e+00  1.46000000e+00 -2.88351556e-03  1.10000000e+00 
 1.47000000e+00  1.47000000e+00 -2.88558111e-03  1.10000000e+00 
 1.48000000e+00  1.48000000e+00 -2.88764667e-03  1.10000000e+00 
 1.49000000e+00  1.49000000e+00 -2.88971222e-03  1.10000000e+00 
 1.50000000e+00  1.50000000e+00 -2.89177778e-03  1.10000000e+00 
 1.51000000e+00  1.51000000e+00 -2.89384333e-03  1.10000000e+00 
 1.52000000e+00  1.52000000e+00 -2.89590889e-03  1.10000000e+00 
 1.53000000e+00  1.53000000e+00 -2.89797445e-03  1.10000000e+00 
 1.54000000e+00  1.54000000e+00 -2.90004000e-03  1.10000000e+00 
 1.55000000e+00  1.55000000e+00 -2.90210556e-03  1.10000000e+00 
 1.56000000e+00  1.56000000e+00 -2.90417111e-03  1.10000000e+00 
 1.57000000e+00  1.57000000e+00 -2.90623667e-03  1.10000000e+00 
 1.58000000e+00  1.58000000e+00 -2.90830222e-03  1.10000000e+00 
 1.59000000e+00  1.59000000e+00 -2.91036778e-03  1.10000000e+00 
 1.60000000e+00  1.60000000e+00 -2.91243333e-03  1.10000000e+00 
 1.61000000e+00  1.61000000e+00 -2.91449889e-03  1.10000000e+00 
 1.62000000e+00  1.62000000e+00 -2.91656445e-03  1.10000000e+00 
 1.63000000e+00  1.63000000e+00 -2.91863000e-03  1.10000000e+00 
 1.64000000e+00  1.64000000e+00 -2.92069556e-03  1.10000000e+00 
 1.65000000e+00  1.65000000e+00 -2.92276111e-03  1.10000000e+00 
 1.66000000e+00  1.66000000e+00 -2.92482667e-03  1.10000000e+00 
 1.67000000e+00  1.67000000e+00 -2.92689222e-03  1.10000000e+00 
 1.68000000e+00  1.68000000e+00 -2.92895778e-03  1.10000000e+00 
 1.69000000e+00  1.69000000e+00 -2.93102334e-03  1.10000000e+00 
 1.70000000e+00  1.70000000e+00 -2.93308889e-03  1.10000000e+00 
 1.71000000e+00  1.71000000e+00 -2.93515445e-03  1.10000000e+00 
 1.72000000e+00  1.72000000e+00 -2.93722000e-03  1.10000000e+00 
 1.73000000e+00  1.73000000e+00 -2.93928556e-03  1.10000000e+00 
 1.74000000e+00  1.74000000e+00 -2.94135111e-03  1.10000000e+00 
 1.75000000e+00  1.75000000e+00 -2.94341667e-03  1.10000000e+00 
 1.76000000e+00  1.76000000e+00 -2.94548222e-03  1.10000000e+00 
 1.77000000e+00  1.77000000e+00 -2.94754778e-03  1.10000000e+00 
 1.78000000e+00  1.78000000e+00 -2.94961334e-03  1.10000000e+00 
 1.79000000e+00  1.79000000e+00 -2.95167889e-03  1.10000000e+00 
 1.80000000e+00  1.80000000e+00 -2.95374445e-03  1.10000000e+00 
 0.00000000e+00  0.00000000e+00  0.00000000e+00  1.30000000e+00 
 1.00000000e-02  1.00000000e-02 -1.03360400e-04  1.30000000e+00 
 2.00000000e-02  2.00000000e-02 -2.05661867e-04  1.30000000e+00 
 3.00000000e-02  3.00000000e-02 -3.06901467e-04  1.30000000e+00 
 4.00000000e-02  4.00000000e-02 -4.07076267e-04  1.30000000e+00 
 5.00000000e-02  5.00000000e-02 -5.06183333e-04  1.30000000e+00 
 6.00000000e-02  6.00000000e-02 -6.04755556e-04  1.30000000e+00 
 7.00000000e-02  7.00000000e-02 -7.01719822e-04  1.30000000e+00 
 8.00000000e-02  8.00000000e-02 -7.97607556e-04  1.30000000e+00 
 9.00000000e-02  9.00000000e-02 -8.92415822e-04  1.30000000e+00 
 1.00000000e-01  1.00000000e-01 -9.86141689e-04  1.30000000e+00 
 1.10000000e-01  1.10000000e-01 -1.07878222e-03  1.30000000e+00 
 1.20000000e-01  1.20000000e-01 -1.17033449e-03  1.30000000e+00 
 1.30000000e-01  1.30000000e-01 -1.26079556e-03  1.30000000e+00 
 1.40000000e-01  1.40000000e-01 -1.35016249e-03  1.30000000e+00 
 1.50000000e-01  1.50000000e-01 -1.43843236e-03  1.30000000e+00 
 1.60000000e-01  1.60000000e-01 -1.52560222e-03  1.30000000e+00 
 1.70000000e-01  1.70000000e-01 -1.61166916e-03  1.30000000e+00 
 1.80000000e-01  1.80000000e-01 -1.69663022e-03  1.30000000e+00 
 1.90000000e-01  1.90000000e-01 -1.78048249e-03  1.30000000e+00 
 2.00000000e-01  2.00000000e-01 -1.86322302e-03  1.30000000e+00 
 2.10000000e-01  2.10000000e-01 -1.94484889e-03  1.30000000e+00 
 2.20000000e-01  2.20000000e-01 -2.02535716e-03  1.30000000e+00 
 2.30000000e-01  2.30000000e-01 -2.10474489e-03  1.30000000e+00 
 2.40000000e-01  2.40000000e-01 -2.18300916e-03  1.30000000e+00 
 2.50000000e-01  2.50000000e-01 -2.26014702e-03  1.30000000e+00 
 2.60000000e-01  2.60000000e-01 -2.33615556e-03  1.30000000e+00 
 2.70000000e-01  2.70000000e-01 -2.41103182e-03  1.30000000e+00 
 2.80000000e-01  2.80000000e-01 -2.48477289e-03  1.30000000e+00 
 2.90000000e-01  2.90000000e-01 -2.55737582e-03  1.30000000e+00 
 3.00000000e-01  3.00000000e-01 -2.62883769e-03  1.30000000e+00 
 3.10000000e-01  3.10000000e-01 -2.69915556e-03  1.30000000e+00 
 3.20000000e-01  3.20000000e-01 -2.76832649e-03  1.30000000e+00 
 3.30000000e-01  3.30000000e-01 -2.83634756e-03  1.30000000e+00 
 3.40000000e-01  3.40000000e-01 -2.90321582e-03  1.30000000e+00 
 3.50000000e-01  3.50000000e-01 -2.96892836e-03  1.30000000e+00 
 3.60000000e-01  3.60000000e-01 -3.03348222e-03  1.30000000e+00 
 3.70000000e-01  3.70000000e-01 -3.09687449e-03  1.30000000e+00 
 3.80000000e-01  3.80000000e-01 -3.15910222e-03  1.30000000e+00 
 3.90000000e-01  3.90000000e-01 -3.22016249e-03  1.30000000e+00 
 4.00000000e-01  4.00000000e-01 -3.28005236e-03  1.30000000e+00 
 4.10000000e-01  4.10000000e-01 -3.33876889e-03  1.30000000e+00 
 4.20000000e-01  4.20000000e-01 -3.39630916e-03  1.30000000e+00 
 4.30000000e-01  4.30000000e-01 -3.45267022e-03  1.30000000e+00 
 4.40000000e-01  4.40000000e-01 -3.50784916e-03  1.30000000e+00 
 4.50000000e-01  4.50000000e-01 -3.56184302e-03  1.30000000e+00 
 4.60000000e-01  4.60000000e-01 -3.61464889e-03  1.30000000e+00 
 4.70000000e-01  4.70000000e-01 -3.66626382e-03  1.30000000e+00 
 4.80000000e-01  4.80000000e-01 -3.71668489e-03  1.30000000e+00 
 4.90000000e-01  4.90000000e-01 -3.76590916e-03  1.30000000e+00 
 5.00000000e-01  5.00000000e-01 -3.81393369e-03  1.30000000e+00 
 5.10000000e-01  5.10000000e-01 -3.86075556e-03  1.30000000e+00 
 5.20000000e-01  5.20000000e-01 -3.90637182e-03  1.30000000e+00 
 5.30000000e-01  5.30000000e-01 -3.95077956e-03  1.30000000e+00 
 5.40000000e-01  5.40000000e-01 -3.99397582e-03  1.30000000e+00 
 5.50000000e-01  5.50000000e-01 -4.03595769e-03  1.30000000e+00 
 5.60000000e-01  5.60000000e-01 -4.07672222e-03  1.30000000e+00 
 5.70000000e-01  5.70000000e-01 -4.11626649e-03  1.30000000e+00 
 5.80000000e-01  5.80000000e-01 -4.15458756e-03  1.30000000e+00 
 5.90000000e-01  5.90000000e-01 -4.19168249e-03  1.30000000e+00 
 6.00000000e-01  6.00000000e-01 -4.22754836e-03  1.30000000e+00 
 6.10000000e-01  6.10000000e-01 -4.26218222e-03  1.30000000e+00 
 6.20000000e-01  6.20000000e-01 -4.29558116e-03  1.30000000e+00 
 6.30000000e-01  6.30000000e-01 -4.32774222e-03  1.30000000e+00 
 6.40000000e-01  6.40000000e-01 -4.35866249e-03  1.30000000e+00 
 6.50000000e-01  6.50000000e-01 -4.38833902e-03  1.30000000e+00 
 6.60000000e-01  6.60000000e-01 -4.41676889e-03  1.30000000e+00 
 6.70000000e-01  6.70000000e-01 -4.44394916e-03  1.30000000e+00 
 6.80000000e-01  6.80000000e-01 -4.46987689e-03  1.30000000e+00 
 6.90000000e-01  6.90000000e-01 -4.49454916e-03  1.30000000e+00 
 7.00000000e-01  7.00000000e-01 -4.51796302e-03  1.30000000e+00 
 7.10000000e-01  7.10000000e-01 -4.54011556e-03  1.30000000e+00 
 7.20000000e-01  7.20000000e-01 -4.56100382e-03  1.30000000e+00 
 7.30000000e-01  7.30000000e-01 -4.58062489e-03  1.30000000e+00 
 7.40000000e-01  7.40000000e-01 -4.59897582e-03  1.30000000e+00 
 7.50000000e-01  7.50000000e-01 -4.61605369e-03  1.30000000e+00 
 7.60000000e-01  7.60000000e-01 -4.63185556e-03  1.30000000e+00 
 7.70000000e-01  7.70000000e-01 -4.64637849e-03  1.30000000e+00 
 7.80000000e-01  7.80000000e-01 -4.65961956e-03  1.30000000e+00 
 7.90000000e-01  7.90000000e-01 -4.67157582e-03  1.30000000e+00 
 8.00000000e-01  8.00000000e-01 -4.68224436e-03  1.30000000e+00 
 8.10000000e-01  8.10000000e-01 -4.69162222e-03  1.30000000e+00 
 8.20000000e-01  8.20000000e-01 -4.69970649e-03  1.30000000e+00 
 8.30000000e-01  8.30000000e-01 -4.70649422e-03  1.30000000e+00 
 8.40000000e-01  8.40000000e-01 -4.71198249e-03  1.30000000e+00 
 8.50000000e-01  8.50000000e-01 -4.71616836e-03  1.30000000e+00 
 8.60000000e-01  8.60000000e-01 -4.71904889e-03  1.30000000e+00 
 8.70000000e-01  8.70000000e-01 -4.72258111e-03  1.30000000e+00 
 8.80000000e-01  8.80000000e-01 -4.72611333e-03  1.30000000e+00 
 8.90000000e-01  8.90000000e-01 -4.72964556e-03  1.30000000e+00 
 9.00000000e-01  9.00000000e-01 -4.73317778e-03  1.30000000e+00 
 9.10000000e-01  9.10000000e-01 -4.73671000e-03  1.30000000e+00 
 9.20000000e-01  9.20000000e-01 -4.74024222e-03  1.30000000e+00 
 9.30000000e-01  9.30000000e-01 -4.74377445e-03  1.30000000e+00 
 9.40000000e-01  9.40000000e-01 -4.74730667e-03  1.30000000e+00 
 9.50000000e-01  9.50000000e-01 -4.75083889e-03  1.30000000e+00 
 9.60000000e-01  9.60000000e-01 -4.75437111e-03  1.30000000e+00 
 9.70000000e-01  9.70000000e-01 -4.75790333e-03  1.30000000e+00 
 9.80000000e-01  9.80000000e-01 -4.76143556e-03  1.30000000e+00 
 9.90000000e-01  9.90000000e-01 -4.76496778e-03  1.30000000e+00 
 1.00000000e+00  1.00000000e+00 -4.76850000e-03  1.30000000e+00 
 1.01000000e+00  1.01000000e+00 -4.77203222e-03  1.30000000e+00 
 1.02000000e+00  1.02000000e+00 -4.77556445e-03  1.30000000e+00 
 1.03000000e+00  1.03000000e+00 -4.77909667e-03  1.30000000e+00 
 1.04000000e+00  1.04000000e+00 -4.78262889e-03  1.30000000e+00 
 1.05000000e+00  1.05000000e+00 -4.78616111e-03  1.30000000e+00 
 1.06000000e+00  1.06000000e+00 -4.78969333e-03  1.30000000e+00 
 1.07000000e+00  1.07000000e+00 -4.79322556e-03  1.30000000e+00 
 1.08000000e+00  1.08000000e+00 -4.79675778e-03  1.30000000e+00 
 1.09000000e+00  1.09000000e+00 -4.80029000e-03  1.30000000e+00 
 1.10000000e+00  1.10000000e+00 -4.80382222e-03  1.30000000e+00 
 1.11000000e+00  1.11000000e+00 -4.80735445e-03  1.30000000e+00 
 1.12000000e+00  1.12000000e+00 -4.81088667e-03  1.30000000e+00 
 1.13000000e+00  1.13000000e+00 -4.81441889e-03  1.30000000e+00 
 1.14000000e+00  1.14000000e+00 -4.81795111e-03  1.30000000e+00 
 1.15000000e+00  1.15000000e+00 -4.82148333e-03  1.30000000e+00 
 1.16000000e+00  1.16000000e+00 -4.82501556e-03  1.30000000e+00 
 1.17000000e+00  1.17000000e+00 -4.82854778e-03  1.30000000e+00 
 1.18000000e+00  1.18000000e+00 -4.83208000e-03  1.30000000e+00 
 1.19000000e+00  1.19000000e+00 -4.83561222e-03  1.30000000e+00 
 1.20000000e+00  1.20000000e+00 -4.83914445e-03  1.30000000e+00 
 1.21000000e+00  1.21000000e+00 -4.84267667e-03  1.30000000e+00 
 1.22000000e+00  1.22000000e+00 -4.84620889e-03  1.30000000e+00 
 1.23000000e+00  1.23000000e+00 -4.84974111e-03  1.30000000e+00 
 1.24000000e+00  1.24000000e+00 -4.85327333e-03  1.30000000e+00 
 1.25000000e+00  1.25000000e+00 -4.85680556e-03  1.30000000e+00 
 1.26000000e+00  1.26000000e+00 -4.86033778e-03  1.30000000e+00 
 1.27000000e+00  1.27000000e+00 -4.86387000e-03  1.30000000e+00 
 1.28000000e+00  1.28000000e+00 -4.86740222e-03  1.30000000e+00 
 1.29000000e+00  1.29000000e+00 -4.87093445e-03  1.30000000e+00 
 1.30000000e+00  1.30000000e+00 -4.87446667e-03  1.30000000e+00 
 1.31000000e+00  1.31000000e+00 -4.87799889e-03  1.30000000e+00 
 1.32000000e+00  1.32000000e+00 -4.88153111e-03  1.30000000e+00 
 1.33000000e+00  1.33000000e+00 -4.88506333e-03  1.30000000e+00 
 1.34000000e+00  1.34000000e+00 -4.88859556e-03  1.30000000e+00 
 1.35000000e+00  1.35000000e+00 -4.89212778e-03  1.30000000e+00 
 1.36000000e+00  1.36000000e+00 -4.89566000e-03  1.30000000e+00 
 1.37000000e+00  1.37000000e+00 -4.89919222e-03  1.30000000e+00 
 1.38000000e+00  1.38000000e+00 -4.90272445e-03  1.30000000e+00 
 1.39000000e+00  1.39000000e+00 -4.90625667e-03  1.30000000e+00 
 1.40000000e+00  1.40000000e+00 -4.90978889e-03  1.30000000e+00 
 1.41000000e+00  1.41000000e+00 -4.91332111e-03  1.30000000e+00 
 1.42000000e+00  1.42000000e+00 -4.91685333e-03  1.30000000e+00 
 1.43000000e+00  1.43000000e+00 -4.92038556e-03  1.30000000e+00 
 1.44000000e+00  1.44000000e+00 -4.92391778e-03  1.30000000e+00 
 1.45000000e+00  1.45000000e+00 -4.92745000e-03  1.30000000e+00 
 1.46000000e+00  1.46000000e+00 -4.93098222e-03  1.30000000e+00 
 1.47000000e+00  1.47000000e+00 -4.93451445e-03  1.30000000e+00 
 1.48000000e+00  1.48000000e+00 -4.93804667e-03  1.30000000e+00 
 1.49000000e+00  1.49000000e+00 -4.94157889e-03  1.30000000e+00 
 1.50000000e+00  1.50000000e+00 -4.94511111e-03  1.30000000e+00 
 1.51000000e+00  1.51000000e+00 -4.94864333e-03  1.30000000e+00 
 1.52000000e+00  1.52000000e+00 -4.95217556e-03  1.30000000e+00 
 1.53000000e+00  1.53000000e+00 -4.95570778e-03  1.30000000e+00 
 1.54000000e+00  1.54000000e+00 -4.95924000e-03  1.30000000e+00 
 1.55000000e+00  1.55000000e+00 -4.96277222e-03  1.30000000e+00 
 1.56000000e+00  1.56000000e+00 -4.96630445e-03  1.30000000e+00 
 1.57000000e+00  1.57000000e+00 -4.96983667e-03  1.30000000e+00 
 1.58000000e+00  1.58000000e+00 -4.97336889e-03  1.30000000e+00 
 1.59000000e+00  1.59000000e+00 -4.97690111e-03  1.30000000e+00 
 1.60000000e+00  1.60000000e+00 -4.98043333e-03  1.30000000e+00 
 1.61000000e+00  1.61000000e+00 -4.98396556e-03  1.30000000e+00 
 1.62000000e+00  1.62000000e+00 -4.98749778e-03  1.30000000e+00 
 1.63000000e+00  1.63000000e+00 -4.99103000e-03  1.30000000e+00 
 1.64000000e+00  1.64000000e+00 -4.99456222e-03  1.30000000e+00 
 1.65000000e+00  1.65000000e+00 -4.99809445e-03  1.30000000e+00 
 1.66000000e+00  1.66000000e+00 -5.00162667e-03  1.30000000e+00 
 1.67000000e+00  1.67000000e+00 -5.00515889e-03  1.30000000e+00 
 1.68000000e+00  1.68000000e+00 -5.00869111e-03  1.30000000e+00 
 1.69000000e+00  1.69000000e+00 -5.01222334e-03  1.30000000e+00 
 1.70000000e+00  1.70000000e+00 -5.01575556e-03  1.30000000e+00 
 1.71000000e+00  1.71000000e+00 -5.01928778e-03  1.30000000e+00 
 1.72000000e+00  1.72000000e+00 -5.02282000e-03  1.30000000e+00 
 1.73000000e+00  1.73000000e+00 -5.02635222e-03  1.30000000e+00 
 1.74000000e+00  1.74000000e+00 -5.02988445e-03  1.30000000e+00 
 1.75000000e+00  1.75000000e+00 -5.03341667e-03  1.30000000e+00 
 1.76000000e+00  1.76000000e+00 -5.03694889e-03  1.30000000e+00 
 1.77000000e+00  1.77000000e+00 -5.04048111e-03  1.30000000e+00 
 1.78000000e+00  1.78000000e+00 -5.04401334e-03  1.30000000e+00 
 1.79000000e+00  1.79000000e+00 -5.04754556e-03  1.30000000e+00 
 1.80000000e+00  1.80000000e+00 -5.05107778e-03  1.30000000e+00 
