 frequency       gain_db         phase_deg      
 1.00000000e+01  1.26266382e+00  1.80000000e+02 
 1.02920053e+01  1.26266382e+00  1.80000000e+02 
 1.05925373e+01  1.26266382e+00  1.80000000e+02 
 1.09018449e+01  1.26266382e+00  1.80000000e+02 
 1.12201845e+01  1.26266382e+00  1.80000000e+02 
 1.15478198e+01  1.26266382e+00  1.80000000e+02 
 1.18850223e+01  1.26266382e+00  1.80000000e+02 
 1.22320712e+01  1.26266382e+00  1.80000000e+02 
 1.25892541e+01  1.26266382e+00  1.80000000e+02 
 1.29568670e+01  1.26266382e+00  1.80000000e+02 
 1.33352143e+01  1.26266382e+00  1.80000000e+02 
 1.37246096e+01  1.26266382e+00  1.80000000e+02 
 1.41253754e+01  1.26266382e+00  1.80000000e+02 
 1.45378439e+01  1.26266382e+00  1.80000000e+02 
 1.49623566e+01  1.26266382e+00  1.80000000e+02 
 1.53992653e+01  1.26266382e+00  1.80000000e+02 
 1.58489319e+01  1.26266382e+00  1.80000000e+02 
 1.63117291e+01  1.26266382e+00  1.80000000e+02 
 1.67880402e+01  1.26266382e+00  1.80000000e+02 
 1.72782598e+01  1.26266382e+00  1.80000000e+02 
 1.77827941e+01  1.26266382e+00  1.80000000e+02 
 1.83020611e+01  1.26266382e+00  1.80000000e+02 
 1.88364909e+01  1.26266382e+00  1.80000000e+02 
 1.93865264e+01  1.26266382e+00  1.80000000e+02 
 1.99526231e+01  1.26266382e+00  1.80000000e+02 
 2.05352503e+01  1.26266382e+00  1.80000000e+02 
 2.11348904e+01  1.26266382e+00  1.80000000e+02 
 2.17520403e+01  1.26266382e+00  1.80000000e+02 
 2.23872114e+01  1.26266382e+00  1.80000000e+02 
 2.30409298e+01  1.26266382e+00  1.80000000e+02 
 2.37137371e+01  1.26266382e+00  1.80000000e+02 
 2.44061907e+01  1.26266382e+00  1.80000000e+02 
 2.51188643e+01  1.26266382e+00  1.80000000e+02 
 2.58523484e+01  1.26266382e+00  1.80000000e+02 
 2.66072506e+01  1.26266382e+00  1.80000000e+02 
 2.73841963e+01  1.26266382e+00  1.80000000e+02 
 2.81838293e+01  1.26266382e+00  1.80000000e+02 
 2.90068120e+01  1.26266382e+00  1.80000000e+02 
 2.98538262e+01  1.26266382e+00  1.80000000e+02 
 3.07255737e+01  1.26266382e+00  1.80000000e+02 
 3.16227766e+01  1.26266382e+00  1.80000000e+02 
 3.25461783e+01  1.26266382e+00  1.80000000e+02 
 3.34965439e+01  1.26266382e+00  1.80000000e+02 
 3.44746607e+01  1.26266382e+00  1.80000000e+02 
 3.54813389e+01  1.26266382e+00  1.80000000e+02 
 3.65174127e+01  1.26266382e+00  1.80000000e+02 
 3.75837404e+01  1.26266382e+00  1.80000000e+02 
 3.86812055e+01  1.26266382e+00  1.80000000e+02 
 3.98107171e+01  1.26266382e+00  1.80000000e+02 
 4.09732110e+01  1.26266382e+00  1.80000000e+02 
 4.21696503e+01  1.26266382e+00  1.80000000e+02 
 4.34010264e+01  1.26266382e+00  1.80000000e+02 
 4.46683592e+01  1.26266382e+00  1.80000000e+02 
 4.59726989e+01  1.26266382e+00  1.80000000e+02 
 4.73151259e+01  1.26266382e+00  1.80000000e+02 
 4.86967525e+01  1.26266382e+00  1.80000000e+02 
 5.01187234e+01  1.26266382e+00  1.80000000e+02 
 5.15822165e+01  1.26266382e+00  1.80000000e+02 
 5.30884444e+01  1.26266382e+00  1.80000000e+02 
 5.46386550e+01  1.26266382e+00  1.80000000e+02 
 5.62341325e+01  1.26266382e+00  1.80000000e+02 
 5.78761988e+01  1.26266382e+00  1.80000000e+02 
 5.95662144e+01  1.26266382e+00  1.80000000e+02 
 6.13055792e+01  1.26266382e+00  1.80000000e+02 
 6.30957344e+01  1.26266382e+00  1.80000000e+02 
 6.49381632e+01  1.26266382e+00  1.80000000e+02 
 6.68343918e+01  1.26266382e+00  1.80000000e+02 
 6.87859912e+01  1.26266382e+00  1.80000000e+02 
 7.07945784e+01  1.26266382e+00  1.80000000e+02 
 7.28618175e+01  1.26266382e+00  1.80000000e+02 
 7.49894209e+01  1.26266382e+00  1.80000000e+02 
 7.71791516e+01  1.26266382e+00  1.80000000e+02 
 7.94328235e+01  1.26266382e+00  1.80000000e+02 
 8.17523038e+01  1.26266382e+00  1.80000000e+02 
 8.41395142e+01  1.26266382e+00  1.80000000e+02 
 8.65964323e+01  1.26266382e+00  1.80000000e+02 
 8.91250938e+01  1.26266382e+00  1.80000000e+02 
 9.17275935e+01  1.26266382e+00  1.80000000e+02 
 9.44060876e+01  1.26266382e+00  1.80000000e+02 
 9.71627952e+01  1.26266382e+00  1.80000000e+02 
 1.00000000e+02  1.26266382e+00  1.80000000e+02 
 1.02920053e+02  1.26266382e+00  1.80000000e+02 
 1.05925373e+02  1.26266382e+00  1.80000000e+02 
 1.09018449e+02  1.26266382e+00  1.80000000e+02 
 1.12201845e+02  1.26266382e+00  1.80000000e+02 
 1.15478198e+02  1.26266382e+00  1.80000000e+02 
 1.18850223e+02  1.26266382e+00  1.80000000e+02 
 1.22320712e+02  1.26266382e+00  1.80000000e+02 
 1.25892541e+02  1.26266382e+00  1.79999999e+02 
 1.29568670e+02  1.26266382e+00  1.79999999e+02 
 1.33352143e+02  1.26266382e+00  1.79999999e+02 
 1.37246096e+02  1.26266382e+00  1.79999999e+02 
 1.41253754e+02  1.26266382e+00  1.79999999e+02 
 1.45378439e+02  1.26266382e+00  1.79999999e+02 
 1.49623566e+02  1.26266382e+00  1.79999999e+02 
 1.53992653e+02  1.26266382e+00  1.79999999e+02 
 1.58489319e+02  1.26266382e+00  1.79999999e+02 
 1.63117291e+02  1.26266382e+00  1.79999999e+02 
 1.67880402e+02  1.26266382e+00  1.79999999e+02 
 1.72782598e+02  1.26266382e+00  1.79999999e+02 
 1.77827941e+02  1.26266382e+00  1.79999999e+02 
 1.83020611e+02  1.26266382e+00  1.79999999e+02 
 1.88364909e+02  1.26266382e+00  1.79999999e+02 
 1.93865264e+02  1.26266382e+00  1.79999999e+02 
 1.99526231e+02  1.26266382e+00  1.79999999e+02 
 2.05352503e+02  1.26266382e+00  1.79999999e+02 
 2.11348904e+02  1.26266382e+00  1.79999999e+02 
 2.17520403e+02  1.26266382e+00  1.79999999e+02 
 2.23872114e+02  1.26266382e+00  1.79999999e+02 
 2.30409298e+02  1.26266382e+00  1.79999999e+02 
 2.37137371e+02  1.26266382e+00  1.79999999e+02 
 2.44061907e+02  1.26266382e+00  1.79999999e+02 
 2.51188643e+02  1.26266382e+00  1.79999999e+02 
 2.58523484e+02  1.26266382e+00  1.79999999e+02 
 2.66072506e+02  1.26266382e+00  1.79999999e+02 
 2.73841963e+02  1.26266382e+00  1.79999999e+02 
 2.81838293e+02  1.26266382e+00  1.79999999e+02 
 2.90068120e+02  1.26266382e+00  1.79999999e+02 
 2.98538262e+02  1.26266382e+00  1.79999999e+02 
 3.07255737e+02  1.26266382e+00  1.79999999e+02 
 3.16227766e+02  1.26266382e+00  1.79999999e+02 
 3.25461783e+02  1.26266382e+00  1.79999999e+02 
 3.34965439e+02  1.26266382e+00  1.79999999e+02 
 3.44746607e+02  1.26266382e+00  1.79999999e+02 
 3.54813389e+02  1.26266382e+00  1.79999999e+02 
 3.65174127e+02  1.26266382e+00  1.79999999e+02 
 3.75837404e+02  1.26266382e+00  1.79999998e+02 
 3.86812055e+02  1.26266382e+00  1.79999998e+02 
 3.98107171e+02  1.26266382e+00  1.79999998e+02 
 4.09732110e+02  1.26266382e+00  1.79999998e+02 
 4.21696503e+02  1.26266382e+00  1.79999998e+02 
 4.34010264e+02  1.26266382e+00  1.79999998e+02 
 4.46683592e+02  1.26266382e+00  1.79999998e+02 
 4.59726989e+02  1.26266382e+00  1.79999998e+02 
 4.73151259e+02  1.26266382e+00  1.79999998e+02 
 4.86967525e+02  1.26266382e+00  1.79999998e+02 
 5.01187234e+02  1.26266382e+00  1.79999998e+02 
 5.15822165e+02  1.26266382e+00  1.79999998e+02 
 5.30884444e+02  1.26266382e+00  1.79999998e+02 
 5.46386550e+02  1.26266382e+00  1.79999998e+02 
 5.62341325e+02  1.26266382e+00  1.79999998e+02 
 5.78761988e+02  1.26266382e+00  1.79999998e+02 
 5.95662144e+02  1.26266382e+00  1.79999998e+02 
 6.13055792e+02  1.26266382e+00  1.79999998e+02 
 6.30957344e+02  1.26266382e+00  1.79999997e+02 
 6.49381632e+02  1.26266382e+00  1.79999997e+02 
 6.68343918e+02  1.26266382e+00  1.79999997e+02 
 6.87859912e+02  1.26266382e+00  1.79999997e+02 
 7.07945784e+02  1.26266382e+00  1.79999997e+02 
 7.28618175e+02  1.26266382e+00  1.79999997e+02 
 7.49894209e+02  1.26266382e+00  1.79999997e+02 
 7.71791516e+02  1.26266382e+00  1.79999997e+02 
 7.94328235e+02  1.26266382e+00  1.79999997e+02 
 8.17523038e+02  1.26266382e+00  1.79999997e+02 
 8.41395142e+02  1.26266382e+00  1.79999997e+02 
 8.65964323e+02  1.26266382e+00  1.79999997e+02 
 8.91250938e+02  1.26266382e+00  1.79999996e+02 
 9.17275935e+02  1.26266382e+00  1.79999996e+02 
 9.44060876e+02  1.26266382e+00  1.79999996e+02 
 9.71627952e+02  1.26266382e+00  1.79999996e+02 
 1.00000000e+03  1.26266382e+00  1.79999996e+02 
 1.02920053e+03  1.26266382e+00  1.79999996e+02 
 1.05925373e+03  1.26266382e+00  1.79999996e+02 
 1.09018449e+03  1.26266382e+00  1.79999996e+02 
 1.12201845e+03  1.26266382e+00  1.79999996e+02 
 1.15478198e+03  1.26266382e+00  1.79999995e+02 
 1.18850223e+03  1.26266382e+00  1.79999995e+02 
 1.22320712e+03  1.26266382e+00  1.79999995e+02 
 1.25892541e+03  1.26266382e+00  1.79999995e+02 
 1.29568670e+03  1.26266382e+00  1.79999995e+02 
 1.33352143e+03  1.26266382e+00  1.79999995e+02 
 1.37246096e+03  1.26266382e+00  1.79999995e+02 
 1.41253754e+03  1.26266382e+00  1.79999994e+02 
 1.45378439e+03  1.26266382e+00  1.79999994e+02 
 1.49623566e+03  1.26266382e+00  1.79999994e+02 
 1.53992653e+03  1.26266382e+00  1.79999994e+02 
 1.58489319e+03  1.26266382e+00  1.79999994e+02 
 1.63117291e+03  1.26266382e+00  1.79999993e+02 
 1.67880402e+03  1.26266382e+00  1.79999993e+02 
 1.72782598e+03  1.26266382e+00  1.79999993e+02 
 1.77827941e+03  1.26266382e+00  1.79999993e+02 
 1.83020611e+03  1.26266382e+00  1.79999993e+02 
 1.88364909e+03  1.26266382e+00  1.79999992e+02 
 1.93865264e+03  1.26266382e+00  1.79999992e+02 
 1.99526231e+03  1.26266382e+00  1.79999992e+02 
 2.05352503e+03  1.26266382e+00  1.79999992e+02 
 2.11348904e+03  1.26266382e+00  1.79999992e+02 
 2.17520403e+03  1.26266382e+00  1.79999991e+02 
 2.23872114e+03  1.26266382e+00  1.79999991e+02 
 2.30409298e+03  1.26266382e+00  1.79999991e+02 
 2.37137371e+03  1.26266382e+00  1.79999991e+02 
 2.44061907e+03  1.26266382e+00  1.79999990e+02 
 2.51188643e+03  1.26266382e+00  1.79999990e+02 
 2.58523484e+03  1.26266382e+00  1.79999990e+02 
 2.66072506e+03  1.26266382e+00  1.79999989e+02 
 2.73841963e+03  1.26266382e+00  1.79999989e+02 
 2.81838293e+03  1.26266382e+00  1.79999989e+02 
 2.90068120e+03  1.26266382e+00  1.79999988e+02 
 2.98538262e+03  1.26266382e+00  1.79999988e+02 
 3.07255737e+03  1.26266382e+00  1.79999988e+02 
 3.16227766e+03  1.26266382e+00  1.79999987e+02 
 3.25461783e+03  1.26266382e+00  1.79999987e+02 
 3.34965439e+03  1.26266382e+00  1.79999987e+02 
 3.44746607e+03  1.26266382e+00  1.79999986e+02 
 3.54813389e+03  1.26266382e+00  1.79999986e+02 
 3.65174127e+03  1.26266382e+00  1.79999985e+02 
 3.75837404e+03  1.26266382e+00  1.79999985e+02 
 3.86812055e+03  1.26266382e+00  1.79999985e+02 
 3.98107171e+03  1.26266382e+00  1.79999984e+02 
 4.09732110e+03  1.26266382e+00  1.79999984e+02 
 4.21696503e+03  1.26266382e+00  1.79999983e+02 
 4.34010264e+03  1.26266382e+00  1.79999983e+02 
 4.46683592e+03  1.26266382e+00  1.79999982e+02 
 4.59726989e+03  1.26266382e+00  1.79999982e+02 
 4.73151259e+03  1.26266382e+00  1.79999981e+02 
 4.86967525e+03  1.26266382e+00  1.79999981e+02 
 5.01187234e+03  1.26266382e+00  1.79999980e+02 
 5.15822165e+03  1.26266382e+00  1.79999979e+02 
 5.30884444e+03  1.26266382e+00  1.79999979e+02 
 5.46386550e+03  1.26266382e+00  1.79999978e+02 
 5.62341325e+03  1.26266382e+00  1.79999978e+02 
 5.78761988e+03  1.26266382e+00  1.79999977e+02 
 5.95662144e+03  1.26266382e+00  1.79999976e+02 
 6.13055792e+03  1.26266382e+00  1.79999976e+02 
 6.30957344e+03  1.26266382e+00  1.79999975e+02 
 6.49381632e+03  1.26266382e+00  1.79999974e+02 
 6.68343918e+03  1.26266382e+00  1.79999973e+02 
 6.87859912e+03  1.26266382e+00  1.79999973e+02 
 7.07945784e+03  1.26266382e+00  1.79999972e+02 
 7.28618175e+03  1.26266382e+00  1.79999971e+02 
 7.49894209e+03  1.26266382e+00  1.79999970e+02 
 7.71791516e+03  1.26266382e+00  1.79999969e+02 
 7.94328235e+03  1.26266382e+00  1.79999968e+02 
 8.17523038e+03  1.26266382e+00  1.79999967e+02 
 8.41395142e+03  1.26266382e+00  1.79999966e+02 
 8.65964323e+03  1.26266382e+00  1.79999965e+02 
 8.91250938e+03  1.26266382e+00  1.79999964e+02 
 9.17275935e+03  1.26266382e+00  1.79999963e+02 
 9.44060876e+03  1.26266382e+00  1.79999962e+02 
 9.71627952e+03  1.26266382e+00  1.79999961e+02 
 1.00000000e+04  1.26266382e+00  1.79999960e+02 
 1.02920053e+04  1.26266382e+00  1.79999959e+02 
 1.05925373e+04  1.26266382e+00  1.79999958e+02 
 1.09018449e+04  1.26266382e+00  1.79999956e+02 
 1.12201845e+04  1.26266382e+00  1.79999955e+02 
 1.15478198e+04  1.26266382e+00  1.79999954e+02 
 1.18850223e+04  1.26266382e+00  1.79999953e+02 
 1.22320712e+04  1.26266382e+00  1.79999951e+02 
 1.25892541e+04  1.26266382e+00  1.79999950e+02 
 1.29568670e+04  1.26266382e+00  1.79999948e+02 
 1.33352143e+04  1.26266382e+00  1.79999947e+02 
 1.37246096e+04  1.26266382e+00  1.79999945e+02 
 1.41253754e+04  1.26266382e+00  1.79999944e+02 
 1.45378439e+04  1.26266382e+00  1.79999942e+02 
 1.49623566e+04  1.26266382e+00  1.79999940e+02 
 1.53992653e+04  1.26266382e+00  1.79999938e+02 
 1.58489319e+04  1.26266382e+00  1.79999937e+02 
 1.63117291e+04  1.26266382e+00  1.79999935e+02 
 1.67880402e+04  1.26266382e+00  1.79999933e+02 
 1.72782598e+04  1.26266382e+00  1.79999931e+02 
 1.77827941e+04  1.26266382e+00  1.79999929e+02 
 1.83020611e+04  1.26266382e+00  1.79999927e+02 
 1.88364909e+04  1.26266382e+00  1.79999925e+02 
 1.93865264e+04  1.26266382e+00  1.79999923e+02 
 1.99526231e+04  1.26266382e+00  1.79999920e+02 
 2.05352503e+04  1.26266382e+00  1.79999918e+02 
 2.11348904e+04  1.26266382e+00  1.79999916e+02 
 2.17520403e+04  1.26266382e+00  1.79999913e+02 
 2.23872114e+04  1.26266382e+00  1.79999911e+02 
 2.30409298e+04  1.26266382e+00  1.79999908e+02 
 2.37137371e+04  1.26266382e+00  1.79999905e+02 
 2.44061907e+04  1.26266382e+00  1.79999903e+02 
 2.51188643e+04  1.26266382e+00  1.79999900e+02 
 2.58523484e+04  1.26266382e+00  1.79999897e+02 
 2.66072506e+04  1.26266382e+00  1.79999894e+02 
 2.73841963e+04  1.26266382e+00  1.79999891e+02 
 2.81838293e+04  1.26266382e+00  1.79999887e+02 
 2.90068120e+04  1.26266382e+00  1.79999884e+02 
 2.98538262e+04  1.26266382e+00  1.79999881e+02 
 3.07255737e+04  1.26266382e+00  1.79999877e+02 
 3.16227766e+04  1.26266382e+00  1.79999874e+02 
 3.25461783e+04  1.26266382e+00  1.79999870e+02 
 3.34965439e+04  1.26266382e+00  1.79999866e+02 
 3.44746607e+04  1.26266382e+00  1.79999862e+02 
 3.54813389e+04  1.26266382e+00  1.79999858e+02 
 3.65174127e+04  1.26266382e+00  1.79999854e+02 
 3.75837404e+04  1.26266382e+00  1.79999850e+02 
 3.86812055e+04  1.26266382e+00  1.79999846e+02 
 3.98107171e+04  1.26266382e+00  1.79999841e+02 
 4.09732110e+04  1.26266382e+00  1.79999836e+02 
 4.21696503e+04  1.26266382e+00  1.79999832e+02 
 4.34010264e+04  1.26266382e+00  1.79999827e+02 
 4.46683592e+04  1.26266382e+00  1.79999822e+02 
 4.59726989e+04  1.26266382e+00  1.79999816e+02 
 4.73151259e+04  1.26266382e+00  1.79999811e+02 
 4.86967525e+04  1.26266382e+00  1.79999806e+02 
 5.01187234e+04  1.26266382e+00  1.79999800e+02 
 5.15822165e+04  1.26266382e+00  1.79999794e+02 
 5.30884444e+04  1.26266382e+00  1.79999788e+02 
 5.46386550e+04  1.26266382e+00  1.79999782e+02 
 5.62341325e+04  1.26266382e+00  1.79999775e+02 
 5.78761988e+04  1.26266382e+00  1.79999769e+02 
 5.95662144e+04  1.26266382e+00  1.79999762e+02 
 6.13055792e+04  1.26266382e+00  1.79999755e+02 
 6.30957344e+04  1.26266382e+00  1.79999748e+02 
 6.49381632e+04  1.26266382e+00  1.79999741e+02 
 6.68343918e+04  1.26266382e+00  1.79999733e+02 
 6.87859912e+04  1.26266382e+00  1.79999725e+02 
 7.07945784e+04  1.26266382e+00  1.79999717e+02 
 7.28618175e+04  1.26266382e+00  1.79999709e+02 
 7.49894209e+04  1.26266382e+00  1.79999700e+02 
 7.71791516e+04  1.26266382e+00  1.79999692e+02 
 7.94328235e+04  1.26266382e+00  1.79999683e+02 
 8.17523038e+04  1.26266382e+00  1.79999673e+02 
 8.41395142e+04  1.26266382e+00  1.79999664e+02 
 8.65964323e+04  1.26266382e+00  1.79999654e+02 
 8.91250938e+04  1.26266382e+00  1.79999644e+02 
 9.17275935e+04  1.26266382e+00  1.79999634e+02 
 9.44060876e+04  1.26266382e+00  1.79999623e+02 
 9.71627952e+04  1.26266382e+00  1.79999612e+02 
 1.00000000e+05  1.26266382e+00  1.79999601e+02 
 1.02920053e+05  1.26266382e+00  1.79999589e+02 
 1.05925373e+05  1.26266382e+00  1.79999577e+02 
 1.09018449e+05  1.26266382e+00  1.79999565e+02 
 1.12201845e+05  1.26266382e+00  1.79999552e+02 
 1.15478198e+05  1.26266382e+00  1.79999539e+02 
 1.18850223e+05  1.26266382e+00  1.79999525e+02 
 1.22320712e+05  1.26266382e+00  1.79999511e+02 
 1.25892541e+05  1.26266382e+00  1.79999497e+02 
 1.29568670e+05  1.26266382e+00  1.79999482e+02 
 1.33352143e+05  1.26266382e+00  1.79999467e+02 
 1.37246096e+05  1.26266382e+00  1.79999452e+02 
 1.41253754e+05  1.26266382e+00  1.79999436e+02 
 1.45378439e+05  1.26266382e+00  1.79999419e+02 
 1.49623566e+05  1.26266382e+00  1.79999402e+02 
 1.53992653e+05  1.26266382e+00  1.79999385e+02 
 1.58489319e+05  1.26266382e+00  1.79999367e+02 
 1.63117291e+05  1.26266382e+00  1.79999349e+02 
 1.67880402e+05  1.26266382e+00  1.79999329e+02 
 1.72782598e+05  1.26266382e+00  1.79999310e+02 
 1.77827941e+05  1.26266382e+00  1.79999290e+02 
 1.83020611e+05  1.26266382e+00  1.79999269e+02 
 1.88364909e+05  1.26266382e+00  1.79999248e+02 
 1.93865264e+05  1.26266382e+00  1.79999226e+02 
 1.99526231e+05  1.26266382e+00  1.79999203e+02 
 2.05352503e+05  1.26266382e+00  1.79999180e+02 
 2.11348904e+05  1.26266382e+00  1.79999156e+02 
 2.17520403e+05  1.26266382e+00  1.79999131e+02 
 2.23872114e+05  1.26266382e+00  1.79999106e+02 
 2.30409298e+05  1.26266382e+00  1.79999080e+02 
 2.37137371e+05  1.26266382e+00  1.79999053e+02 
 2.44061907e+05  1.26266382e+00  1.79999025e+02 
 2.51188643e+05  1.26266382e+00  1.79998997e+02 
 2.58523484e+05  1.26266382e+00  1.79998967e+02 
 2.66072506e+05  1.26266382e+00  1.79998937e+02 
 2.73841963e+05  1.26266382e+00  1.79998906e+02 
 2.81838293e+05  1.26266382e+00  1.79998874e+02 
 2.90068120e+05  1.26266382e+00  1.79998841e+02 
 2.98538262e+05  1.26266382e+00  1.79998808e+02 
 3.07255737e+05  1.26266382e+00  1.79998773e+02 
 3.16227766e+05  1.26266382e+00  1.79998737e+02 
 3.25461783e+05  1.26266382e+00  1.79998700e+02 
 3.34965439e+05  1.26266382e+00  1.79998662e+02 
 3.44746607e+05  1.26266382e+00  1.79998623e+02 
 3.54813389e+05  1.26266382e+00  1.79998583e+02 
 3.65174127e+05  1.26266382e+00  1.79998541e+02 
 3.75837404e+05  1.26266382e+00  1.79998499e+02 
 3.86812055e+05  1.26266382e+00  1.79998455e+02 
 3.98107171e+05  1.26266382e+00  1.79998410e+02 
 4.09732110e+05  1.26266382e+00  1.79998364e+02 
 4.21696503e+05  1.26266382e+00  1.79998316e+02 
 4.34010264e+05  1.26266382e+00  1.79998267e+02 
 4.46683592e+05  1.26266382e+00  1.79998216e+02 
 4.59726989e+05  1.26266382e+00  1.79998164e+02 
 4.73151259e+05  1.26266382e+00  1.79998110e+02 
 4.86967525e+05  1.26266382e+00  1.79998055e+02 
 5.01187234e+05  1.26266382e+00  1.79997998e+02 
 5.15822165e+05  1.26266382e+00  1.79997940e+02 
 5.30884444e+05  1.26266382e+00  1.79997880e+02 
 5.46386550e+05  1.26266382e+00  1.79997818e+02 
 5.62341325e+05  1.26266382e+00  1.79997754e+02 
 5.78761988e+05  1.26266382e+00  1.79997688e+02 
 5.95662144e+05  1.26266382e+00  1.79997621e+02 
 6.13055792e+05  1.26266382e+00  1.79997551e+02 
 6.30957344e+05  1.26266382e+00  1.79997480e+02 
 6.49381632e+05  1.26266382e+00  1.79997406e+02 
 6.68343918e+05  1.26266382e+00  1.79997331e+02 
 6.87859912e+05  1.26266382e+00  1.79997253e+02 
 7.07945784e+05  1.26266382e+00  1.79997172e+02 
 7.28618175e+05  1.26266381e+00  1.79997090e+02 
 7.49894209e+05  1.26266381e+00  1.79997005e+02 
 7.71791516e+05  1.26266381e+00  1.79996917e+02 
 7.94328235e+05  1.26266381e+00  1.79996827e+02 
 8.17523038e+05  1.26266381e+00  1.79996735e+02 
 8.41395142e+05  1.26266381e+00  1.79996639e+02 
 8.65964323e+05  1.26266381e+00  1.79996541e+02 
 8.91250938e+05  1.26266381e+00  1.79996440e+02 
 9.17275935e+05  1.26266381e+00  1.79996336e+02 
 9.44060876e+05  1.26266381e+00  1.79996229e+02 
 9.71627952e+05  1.26266381e+00  1.79996119e+02 
 1.00000000e+06  1.26266381e+00  1.79996006e+02 
 1.02920053e+06  1.26266381e+00  1.79995889e+02 
 1.05925373e+06  1.26266380e+00  1.79995769e+02 
 1.09018449e+06  1.26266380e+00  1.79995646e+02 
 1.12201845e+06  1.26266380e+00  1.79995519e+02 
 1.15478198e+06  1.26266380e+00  1.79995388e+02 
 1.18850223e+06  1.26266380e+00  1.79995253e+02 
 1.22320712e+06  1.26266380e+00  1.79995114e+02 
 1.25892541e+06  1.26266380e+00  1.79994972e+02 
 1.29568670e+06  1.26266379e+00  1.79994825e+02 
 1.33352143e+06  1.26266379e+00  1.79994674e+02 
 1.37246096e+06  1.26266379e+00  1.79994518e+02 
 1.41253754e+06  1.26266379e+00  1.79994358e+02 
 1.45378439e+06  1.26266379e+00  1.79994194e+02 
 1.49623566e+06  1.26266379e+00  1.79994024e+02 
 1.53992653e+06  1.26266378e+00  1.79993849e+02 
 1.58489319e+06  1.26266378e+00  1.79993670e+02 
 1.63117291e+06  1.26266378e+00  1.79993485e+02 
 1.67880402e+06  1.26266378e+00  1.79993295e+02 
 1.72782598e+06  1.26266377e+00  1.79993099e+02 
 1.77827941e+06  1.26266377e+00  1.79992898e+02 
 1.83020611e+06  1.26266377e+00  1.79992690e+02 
 1.88364909e+06  1.26266376e+00  1.79992477e+02 
 1.93865264e+06  1.26266376e+00  1.79992257e+02 
 1.99526231e+06  1.26266375e+00  1.79992031e+02 
 2.05352503e+06  1.26266375e+00  1.79991798e+02 
 2.11348904e+06  1.26266375e+00  1.79991559e+02 
 2.17520403e+06  1.26266374e+00  1.79991312e+02 
 2.23872114e+06  1.26266374e+00  1.79991058e+02 
 2.30409298e+06  1.26266373e+00  1.79990797e+02 
 2.37137371e+06  1.26266373e+00  1.79990529e+02 
 2.44061907e+06  1.26266372e+00  1.79990252e+02 
 2.51188643e+06  1.26266371e+00  1.79989967e+02 
 2.58523484e+06  1.26266371e+00  1.79989675e+02 
 2.66072506e+06  1.26266370e+00  1.79989373e+02 
 2.73841963e+06  1.26266369e+00  1.79989063e+02 
 2.81838293e+06  1.26266369e+00  1.79988743e+02 
 2.90068120e+06  1.26266368e+00  1.79988415e+02 
 2.98538262e+06  1.26266367e+00  1.79988076e+02 
 3.07255737e+06  1.26266366e+00  1.79987728e+02 
 3.16227766e+06  1.26266365e+00  1.79987370e+02 
 3.25461783e+06  1.26266364e+00  1.79987001e+02 
 3.34965439e+06  1.26266363e+00  1.79986621e+02 
 3.44746607e+06  1.26266362e+00  1.79986231e+02 
 3.54813389e+06  1.26266361e+00  1.79985829e+02 
 3.65174127e+06  1.26266359e+00  1.79985415e+02 
 3.75837404e+06  1.26266358e+00  1.79984989e+02 
 3.86812055e+06  1.26266356e+00  1.79984551e+02 
 3.98107171e+06  1.26266355e+00  1.79984100e+02 
 4.09732110e+06  1.26266353e+00  1.79983635e+02 
 4.21696503e+06  1.26266352e+00  1.79983157e+02 
 4.34010264e+06  1.26266350e+00  1.79982666e+02 
 4.46683592e+06  1.26266348e+00  1.79982159e+02 
 4.59726989e+06  1.26266346e+00  1.79981638e+02 
 4.73151259e+06  1.26266344e+00  1.79981102e+02 
 4.86967525e+06  1.26266341e+00  1.79980550e+02 
 5.01187234e+06  1.26266339e+00  1.79979982e+02 
 5.15822165e+06  1.26266336e+00  1.79979398e+02 
 5.30884444e+06  1.26266333e+00  1.79978796e+02 
 5.46386550e+06  1.26266331e+00  1.79978177e+02 
 5.62341325e+06  1.26266327e+00  1.79977540e+02 
 5.78761988e+06  1.26266324e+00  1.79976884e+02 
 5.95662144e+06  1.26266321e+00  1.79976209e+02 
 6.13055792e+06  1.26266317e+00  1.79975514e+02 
 6.30957344e+06  1.26266313e+00  1.79974799e+02 
 6.49381632e+06  1.26266309e+00  1.79974064e+02 
 6.68343918e+06  1.26266305e+00  1.79973306e+02 
 6.87859912e+06  1.26266300e+00  1.79972527e+02 
 7.07945784e+06  1.26266295e+00  1.79971724e+02 
 7.28618175e+06  1.26266290e+00  1.79970899e+02 
 7.49894209e+06  1.26266285e+00  1.79970049e+02 
 7.71791516e+06  1.26266279e+00  1.79969174e+02 
 7.94328235e+06  1.26266273e+00  1.79968274e+02 
 8.17523038e+06  1.26266266e+00  1.79967348e+02 
 8.41395142e+06  1.26266259e+00  1.79966394e+02 
 8.65964323e+06  1.26266252e+00  1.79965413e+02 
 8.91250938e+06  1.26266244e+00  1.79964403e+02 
 9.17275935e+06  1.26266236e+00  1.79963364e+02 
 9.44060876e+06  1.26266228e+00  1.79962294e+02 
 9.71627952e+06  1.26266218e+00  1.79961193e+02 
 1.00000000e+07  1.26266209e+00  1.79960060e+02 
 1.02920053e+07  1.26266198e+00  1.79958893e+02 
 1.05925373e+07  1.26266187e+00  1.79957693e+02 
 1.09018449e+07  1.26266176e+00  1.79956458e+02 
 1.12201845e+07  1.26266164e+00  1.79955186e+02 
 1.15478198e+07  1.26266151e+00  1.79953878e+02 
 1.18850223e+07  1.26266137e+00  1.79952531e+02 
 1.22320712e+07  1.26266122e+00  1.79951145e+02 
 1.25892541e+07  1.26266107e+00  1.79949718e+02 
 1.29568670e+07  1.26266091e+00  1.79948250e+02 
 1.33352143e+07  1.26266073e+00  1.79946739e+02 
 1.37246096e+07  1.26266055e+00  1.79945184e+02 
 1.41253754e+07  1.26266036e+00  1.79943583e+02 
 1.45378439e+07  1.26266015e+00  1.79941936e+02 
 1.49623566e+07  1.26265993e+00  1.79940240e+02 
 1.53992653e+07  1.26265970e+00  1.79938495e+02 
 1.58489319e+07  1.26265946e+00  1.79936699e+02 
 1.63117291e+07  1.26265920e+00  1.79934851e+02 
 1.67880402e+07  1.26265893e+00  1.79932948e+02 
 1.72782598e+07  1.26265864e+00  1.79930990e+02 
 1.77827941e+07  1.26265833e+00  1.79928975e+02 
 1.83020611e+07  1.26265800e+00  1.79926901e+02 
 1.88364909e+07  1.26265766e+00  1.79924767e+02 
 1.93865264e+07  1.26265729e+00  1.79922570e+02 
 1.99526231e+07  1.26265691e+00  1.79920309e+02 
 2.05352503e+07  1.26265650e+00  1.79917982e+02 
 2.11348904e+07  1.26265606e+00  1.79915587e+02 
 2.17520403e+07  1.26265560e+00  1.79913122e+02 
 2.23872114e+07  1.26265512e+00  1.79910585e+02 
 2.30409298e+07  1.26265460e+00  1.79907974e+02 
 2.37137371e+07  1.26265405e+00  1.79905287e+02 
 2.44061907e+07  1.26265347e+00  1.79902521e+02 
 2.51188643e+07  1.26265286e+00  1.79899675e+02 
 2.58523484e+07  1.26265221e+00  1.79896745e+02 
 2.66072506e+07  1.26265152e+00  1.79893730e+02 
 2.73841963e+07  1.26265079e+00  1.79890627e+02 
 2.81838293e+07  1.26265002e+00  1.79887433e+02 
 2.90068120e+07  1.26264920e+00  1.79884146e+02 
 2.98538262e+07  1.26264834e+00  1.79880763e+02 
 3.07255737e+07  1.26264742e+00  1.79877281e+02 
 3.16227766e+07  1.26264645e+00  1.79873698e+02 
 3.25461783e+07  1.26264542e+00  1.79870010e+02 
 3.34965439e+07  1.26264433e+00  1.79866214e+02 
 3.44746607e+07  1.26264317e+00  1.79862308e+02 
 3.54813389e+07  1.26264195e+00  1.79858287e+02 
 3.65174127e+07  1.26264065e+00  1.79854149e+02 
 3.75837404e+07  1.26263928e+00  1.79849890e+02 
 3.86812055e+07  1.26263783e+00  1.79845507e+02 
 3.98107171e+07  1.26263628e+00  1.79840995e+02 
 4.09732110e+07  1.26263465e+00  1.79836352e+02 
 4.21696503e+07  1.26263292e+00  1.79831574e+02 
 4.34010264e+07  1.26263109e+00  1.79826656e+02 
 4.46683592e+07  1.26262915e+00  1.79821594e+02 
 4.59726989e+07  1.26262710e+00  1.79816384e+02 
 4.73151259e+07  1.26262492e+00  1.79811023e+02 
 4.86967525e+07  1.26262262e+00  1.79805505e+02 
 5.01187234e+07  1.26262018e+00  1.79799825e+02 
 5.15822165e+07  1.26261759e+00  1.79793980e+02 
 5.30884444e+07  1.26261485e+00  1.79787964e+02 
 5.46386550e+07  1.26261195e+00  1.79781773e+02 
 5.62341325e+07  1.26260888e+00  1.79775400e+02 
 5.78761988e+07  1.26260562e+00  1.79768842e+02 
 5.95662144e+07  1.26260217e+00  1.79762092e+02 
 6.13055792e+07  1.26259852e+00  1.79755145e+02 
 6.30957344e+07  1.26259465e+00  1.79747995e+02 
 6.49381632e+07  1.26259055e+00  1.79740637e+02 
 6.68343918e+07  1.26258621e+00  1.79733063e+02 
 6.87859912e+07  1.26258161e+00  1.79725269e+02 
 7.07945784e+07  1.26257674e+00  1.79717246e+02 
 7.28618175e+07  1.26257158e+00  1.79708990e+02 
 7.49894209e+07  1.26256611e+00  1.79700492e+02 
 7.71791516e+07  1.26256032e+00  1.79691747e+02 
 7.94328235e+07  1.26255419e+00  1.79682746e+02 
 8.17523038e+07  1.26254769e+00  1.79673482e+02 
 8.41395142e+07  1.26254081e+00  1.79663948e+02 
 8.65964323e+07  1.26253352e+00  1.79654135e+02 
 8.91250938e+07  1.26252580e+00  1.79644036e+02 
 9.17275935e+07  1.26251762e+00  1.79633642e+02 
 9.44060876e+07  1.26250896e+00  1.79622944e+02 
 9.71627952e+07  1.26249979e+00  1.79611934e+02 
 1.00000000e+08  1.26249007e+00  1.79600602e+02 
 1.02920053e+08  1.26247977e+00  1.79588940e+02 
 1.05925373e+08  1.26246887e+00  1.79576937e+02 
 1.09018449e+08  1.26245731e+00  1.79564584e+02 
 1.12201845e+08  1.26244508e+00  1.79551870e+02 
 1.15478198e+08  1.26243212e+00  1.79538785e+02 
 1.18850223e+08  1.26241839e+00  1.79525317e+02 
 1.22320712e+08  1.26240384e+00  1.79511457e+02 
 1.25892541e+08  1.26238844e+00  1.79497192e+02 
 1.29568670e+08  1.26237212e+00  1.79482510e+02 
 1.33352143e+08  1.26235484e+00  1.79467400e+02 
 1.37246096e+08  1.26233653e+00  1.79451848e+02 
 1.41253754e+08  1.26231714e+00  1.79435843e+02 
 1.45378439e+08  1.26229660e+00  1.79419370e+02 
 1.49623566e+08  1.26227484e+00  1.79402416e+02 
 1.53992653e+08  1.26225179e+00  1.79384967e+02 
 1.58489319e+08  1.26222738e+00  1.79367009e+02 
 1.63117291e+08  1.26220152e+00  1.79348527e+02 
 1.67880402e+08  1.26217413e+00  1.79329505e+02 
 1.72782598e+08  1.26214511e+00  1.79309927e+02 
 1.77827941e+08  1.26211438e+00  1.79289778e+02 
 1.83020611e+08  1.26208182e+00  1.79269041e+02 
 1.88364909e+08  1.26204734e+00  1.79247699e+02 
 1.93865264e+08  1.26201081e+00  1.79225733e+02 
 1.99526231e+08  1.26197212e+00  1.79203126e+02 
 2.05352503e+08  1.26193114e+00  1.79179859e+02 
 2.11348904e+08  1.26188773e+00  1.79155914e+02 
 2.17520403e+08  1.26184175e+00  1.79131269e+02 
 2.23872114e+08  1.26179304e+00  1.79105904e+02 
 2.30409298e+08  1.26174145e+00  1.79079800e+02 
 2.37137371e+08  1.26168681e+00  1.79052933e+02 
 2.44061907e+08  1.26162892e+00  1.79025282e+02 
 2.51188643e+08  1.26156761e+00  1.78996824e+02 
 2.58523484e+08  1.26150266e+00  1.78967536e+02 
 2.66072506e+08  1.26143387e+00  1.78937392e+02 
 2.73841963e+08  1.26136100e+00  1.78906369e+02 
 2.81838293e+08  1.26128381e+00  1.78874441e+02 
 2.90068120e+08  1.26120206e+00  1.78841580e+02 
 2.98538262e+08  1.26111546e+00  1.78807761e+02 
 3.07255737e+08  1.26102373e+00  1.78772955e+02 
 3.16227766e+08  1.26092657e+00  1.78737134e+02 
 3.25461783e+08  1.26082365e+00  1.78700267e+02 
 3.34965439e+08  1.26071464e+00  1.78662324e+02 
 3.44746607e+08  1.26059917e+00  1.78623274e+02 
 3.54813389e+08  1.26047686e+00  1.78583086e+02 
 3.65174127e+08  1.26034731e+00  1.78541724e+02 
 3.75837404e+08  1.26021009e+00  1.78499156e+02 
 3.86812055e+08  1.26006474e+00  1.78455347e+02 
 3.98107171e+08  1.25991079e+00  1.78410260e+02 
 4.09732110e+08  1.25974771e+00  1.78363857e+02 
 4.21696503e+08  1.25957499e+00  1.78316101e+02 
 4.34010264e+08  1.25939203e+00  1.78266953e+02 
 4.46683592e+08  1.25919824e+00  1.78216372e+02 
 4.59726989e+08  1.25899298e+00  1.78164316e+02 
 4.73151259e+08  1.25877557e+00  1.78110742e+02 
 4.86967525e+08  1.25854529e+00  1.78055606e+02 
 5.01187234e+08  1.25830138e+00  1.77998863e+02 
 5.15822165e+08  1.25804302e+00  1.77940466e+02 
 5.30884444e+08  1.25776938e+00  1.77880368e+02 
 5.46386550e+08  1.25747954e+00  1.77818518e+02 
 5.62341325e+08  1.25717255e+00  1.77754867e+02 
 5.78761988e+08  1.25684740e+00  1.77689361e+02 
 5.95662144e+08  1.25650300e+00  1.77621947e+02 
 6.13055792e+08  1.25613823e+00  1.77552569e+02 
 6.30957344e+08  1.25575188e+00  1.77481172e+02 
 6.49381632e+08  1.25534267e+00  1.77407696e+02 
 6.68343918e+08  1.25490926e+00  1.77332081e+02 
 6.87859912e+08  1.25445021e+00  1.77254266e+02 
 7.07945784e+08  1.25396402e+00  1.77174186e+02 
 7.28618175e+08  1.25344908e+00  1.77091776e+02 
 7.49894209e+08  1.25290370e+00  1.77006970e+02 
 7.71791516e+08  1.25232608e+00  1.76919698e+02 
 7.94328235e+08  1.25171431e+00  1.76829889e+02 
 8.17523038e+08  1.25106640e+00  1.76737469e+02 
 8.41395142e+08  1.25038020e+00  1.76642365e+02 
 8.65964323e+08  1.24965346e+00  1.76544498e+02 
 8.91250938e+08  1.24888379e+00  1.76443789e+02 
 9.17275935e+08  1.24806867e+00  1.76340156e+02 
 9.44060876e+08  1.24720541e+00  1.76233517e+02 
 9.71627952e+08  1.24629120e+00  1.76123784e+02 
 1.00000000e+09  1.24532304e+00  1.76010870e+02 
 1.02920053e+09  1.24429774e+00  1.75894683e+02 
 1.05925373e+09  1.24321196e+00  1.75775130e+02 
 1.09018449e+09  1.24206215e+00  1.75652115e+02 
 1.12201845e+09  1.24084454e+00  1.75525540e+02 
 1.15478198e+09  1.23955517e+00  1.75395304e+02 
 1.18850223e+09  1.23818982e+00  1.75261302e+02 
 1.22320712e+09  1.23674404e+00  1.75123428e+02 
 1.25892541e+09  1.23521313e+00  1.74981573e+02 
 1.29568670e+09  1.23359211e+00  1.74835625e+02 
 1.33352143e+09  1.23187571e+00  1.74685468e+02 
 1.37246096e+09  1.23005836e+00  1.74530984e+02 
 1.41253754e+09  1.22813418e+00  1.74372053e+02 
 1.45378439e+09  1.22609692e+00  1.74208549e+02 
 1.49623566e+09  1.22394001e+00  1.74040345e+02 
 1.53992653e+09  1.22165648e+00  1.73867311e+02 
 1.58489319e+09  1.21923898e+00  1.73689313e+02 
 1.63117291e+09  1.21667973e+00  1.73506214e+02 
 1.67880402e+09  1.21397051e+00  1.73317874e+02 
 1.72782598e+09  1.21110264e+00  1.73124149e+02 
 1.77827941e+09  1.20806694e+00  1.72924891e+02 
 1.83020611e+09  1.20485372e+00  1.72719951e+02 
 1.88364909e+09  1.20145274e+00  1.72509174e+02 
 1.93865264e+09  1.19785320e+00  1.72292403e+02 
 1.99526231e+09  1.19404369e+00  1.72069477e+02 
 2.05352503e+09  1.19001216e+00  1.71840232e+02 
 2.11348904e+09  1.18574590e+00  1.71604500e+02 
 2.17520403e+09  1.18123151e+00  1.71362110e+02 
 2.23872114e+09  1.17645483e+00  1.71112888e+02 
 2.30409298e+09  1.17140096e+00  1.70856655e+02 
 2.37137371e+09  1.16605415e+00  1.70593230e+02 
 2.44061907e+09  1.16039783e+00  1.70322428e+02 
 2.51188643e+09  1.15441453e+00  1.70044063e+02 
 2.58523484e+09  1.14808585e+00  1.69757941e+02 
 2.66072506e+09  1.14139241e+00  1.69463871e+02 
 2.73841963e+09  1.13431382e+00  1.69161654e+02 
 2.81838293e+09  1.12682859e+00  1.68851091e+02 
 2.90068120e+09  1.11891416e+00  1.68531980e+02 
 2.98538262e+09  1.11054677e+00  1.68204115e+02 
 3.07255737e+09  1.10170148e+00  1.67867291e+02 
 3.16227766e+09  1.09235207e+00  1.67521297e+02 
 3.25461783e+09  1.08247099e+00  1.67165923e+02 
 3.34965439e+09  1.07202937e+00  1.66800957e+02 
 3.44746607e+09  1.06099690e+00  1.66426185e+02 
 3.54813389e+09  1.04934180e+00  1.66041393e+02 
 3.65174127e+09  1.03703079e+00  1.65646366e+02 
 3.75837404e+09  1.02402901e+00  1.65240890e+02 
 3.86812055e+09  1.01029999e+00  1.64824749e+02 
 3.98107171e+09  9.95805603e-01  1.64397731e+02 
 4.09732110e+09  9.80505999e-01  1.63959624e+02 
 4.21696503e+09  9.64359587e-01  1.63510216e+02 
 4.34010264e+09  9.47322977e-01  1.63049302e+02 
 4.46683592e+09  9.29350952e-01  1.62576676e+02 
 4.59726989e+09  9.10396429e-01  1.62092139e+02 
 4.73151259e+09  8.90410436e-01  1.61595495e+02 
 4.86967525e+09  8.69342084e-01  1.61086554e+02 
 5.01187234e+09  8.47138555e-01  1.60565133e+02 
 5.15822165e+09  8.23745092e-01  1.60031054e+02 
 5.30884444e+09  7.99104997e-01  1.59484150e+02 
 5.46386550e+09  7.73159640e-01  1.58924261e+02 
 5.62341325e+09  7.45848475e-01  1.58351239e+02 
 5.78761988e+09  7.17109074e-01  1.57764946e+02 
 5.95662144e+09  6.86877160e-01  1.57165257e+02 
 6.13055792e+09  6.55086669e-01  1.56552059e+02 
 6.30957344e+09  6.21669812e-01  1.55925254e+02 
 6.49381632e+09  5.86557160e-01  1.55284761e+02 
 6.68343918e+09  5.49677740e-01  1.54630516e+02 
 6.87859912e+09  5.10959154e-01  1.53962470e+02 
 7.07945784e+09  4.70327708e-01  1.53280596e+02 
 7.28618175e+09  4.27708562e-01  1.52584886e+02 
 7.49894209e+09  3.83025903e-01  1.51875355e+02 
 7.71791516e+09  3.36203128e-01  1.51152037e+02 
 7.94328235e+09  2.87163055e-01  1.50414994e+02 
 8.17523038e+09  2.35828147e-01  1.49664310e+02 
 8.41395142e+09  1.82120761e-01  1.48900093e+02 
 8.65964323e+09  1.25963406e-01  1.48122479e+02 
 8.91250938e+09  6.72790301e-02  1.47331631e+02 
 9.17275935e+09  5.99131690e-03  1.46527737e+02 
 9.44060876e+09 -5.79750017e-02  1.45711016e+02 
 9.71627952e+09 -1.24693817e-01  1.44881711e+02 
 1.00000000e+10 -1.94237305e-01  1.44040095e+02 
