 v-sweep         v(in)           v(out)          i(vdd)         
 0.00000000e+00  0.00000000e+00  1.80000000e+00 -1.81000007e-12 
 5.00000000e-03  5.00000000e-03  1.80005103e+00 -1.81005037e-12 
 1.00000000e-02  1.00000000e-02  1.80005103e+00 -1.81005124e-12 
 1.50000000e-02  1.50000000e-02  1.80000000e+00 -1.81000007e-12 
 2.00000000e-02  2.00000000e-02  1.80000000e+00 -1.81000007e-12 
 2.50000000e-02  2.50000000e-02  1.80000000e+00 -1.81000093e-12 
 3.00000000e-02  3.00000000e-02  1.80000000e+00 -1.81000093e-12 
 3.50000000e-02  3.50000000e-02  1.80000000e+00 -1.81000093e-12 
 4.00000000e-02  4.00000000e-02  1.80000000e+00 -1.81000093e-12 
 4.50000000e-02  4.50000000e-02  1.80000000e+00 -1.81000093e-12 
 5.00000000e-02  5.00000000e-02  1.80000000e+00 -1.81000093e-12 
 5.50000000e-02  5.50000000e-02  1.80000000e+00 -1.81000093e-12 
 6.00000000e-02  6.00000000e-02  1.80000000e+00 -1.81000093e-12 
 6.50000000e-02  6.50000000e-02  1.80000000e+00 -1.81000093e-12 
 7.00000000e-02  7.00000000e-02  1.80000000e+00 -1.81000093e-12 
 7.50000000e-02  7.50000000e-02  1.80000000e+00 -1.81000093e-12 
 8.00000000e-02  8.00000000e-02  1.80000000e+00 -1.81000093e-12 
 8.50000000e-02  8.50000000e-02  1.80000000e+00 -1.81000093e-12 
 9.00000000e-02  9.00000000e-02  1.80000000e+00 -1.81000093e-12 
 9.50000000e-02  9.50000000e-02  1.80000000e+00 -1.81000093e-12 
 1.00000000e-01  1.00000000e-01  1.80000000e+00 -1.81000093e-12 
 1.05000000e-01  1.05000000e-01  1.80000000e+00 -1.81000093e-12 
 1.10000000e-01  1.10000000e-01  1.80000000e+00 -1.81000093e-12 
 1.15000000e-01  1.15000000e-01  1.80000000e+00 -1.81000093e-12 
 1.20000000e-01  1.20000000e-01  1.80000000e+00 -1.81000093e-12 
 1.25000000e-01  1.25000000e-01  1.80000000e+00 -1.81000093e-12 
 1.30000000e-01  1.30000000e-01  1.80000000e+00 -1.81000093e-12 
 1.35000000e-01  1.35000000e-01  1.80000000e+00 -1.81000093e-12 
 1.40000000e-01  1.40000000e-01  1.80000000e+00 -1.81000093e-12 
 1.45000000e-01  1.45000000e-01  1.80000000e+00 -1.81000093e-12 
 1.50000000e-01  1.50000000e-01  1.80000000e+00 -1.81000093e-12 
 1.55000000e-01  1.55000000e-01  1.80000000e+00 -1.81000093e-12 
 1.60000000e-01  1.60000000e-01  1.80000000e+00 -1.81000093e-12 
 1.65000000e-01  1.65000000e-01  1.80000000e+00 -1.81000093e-12 
 1.70000000e-01  1.70000000e-01  1.80000000e+00 -1.81000093e-12 
 1.75000000e-01  1.75000000e-01  1.80000000e+00 -1.81000093e-12 
 1.80000000e-01  1.80000000e-01  1.80000000e+00 -1.81000093e-12 
 1.85000000e-01  1.85000000e-01  1.80000000e+00 -1.81000093e-12 
 1.90000000e-01  1.90000000e-01  1.80000000e+00 -1.81000093e-12 
 1.95000000e-01  1.95000000e-01  1.80000000e+00 -1.81000093e-12 
 2.00000000e-01  2.00000000e-01  1.80000000e+00 -1.81000093e-12 
 2.05000000e-01  2.05000000e-01  1.80000000e+00 -1.81000093e-12 
 2.10000000e-01  2.10000000e-01  1.80000000e+00 -1.81000093e-12 
 2.15000000e-01  2.15000000e-01  1.80000000e+00 -1.81000093e-12 
 2.20000000e-01  2.20000000e-01  1.80000000e+00 -1.81000093e-12 
 2.25000000e-01  2.25000000e-01  1.80000000e+00 -1.81000093e-12 
 2.30000000e-01  2.30000000e-01  1.80000000e+00 -1.81000093e-12 
 2.35000000e-01  2.35000000e-01  1.80000000e+00 -1.81000093e-12 
 2.40000000e-01  2.40000000e-01  1.80000000e+00 -1.81000093e-12 
 2.45000000e-01  2.45000000e-01  1.80000000e+00 -1.81000093e-12 
 2.50000000e-01  2.50000000e-01  1.80000000e+00 -1.81000093e-12 
 2.55000000e-01  2.55000000e-01  1.80000000e+00 -1.81000093e-12 
 2.60000000e-01  2.60000000e-01  1.80000000e+00 -1.81000093e-12 
 2.65000000e-01  2.65000000e-01  1.80000000e+00 -1.81000093e-12 
 2.70000000e-01  2.70000000e-01  1.80000000e+00 -1.81000093e-12 
 2.75000000e-01  2.75000000e-01  1.80000000e+00 -1.81000093e-12 
 2.80000000e-01  2.80000000e-01  1.80000000e+00 -1.81000093e-12 
 2.85000000e-01  2.85000000e-01  1.80000000e+00 -1.81000093e-12 
 2.90000000e-01  2.90000000e-01  1.80000000e+00 -1.81000093e-12 
 2.95000000e-01  2.95000000e-01  1.80000000e+00 -1.81000093e-12 
 3.00000000e-01  3.00000000e-01  1.80000000e+00 -1.81000093e-12 
 3.05000000e-01  3.05000000e-01  1.80000000e+00 -1.81000093e-12 
 3.10000000e-01  3.10000000e-01  1.80000000e+00 -1.81000093e-12 
 3.15000000e-01  3.15000000e-01  1.80000000e+00 -1.81000093e-12 
 3.20000000e-01  3.20000000e-01  1.80000000e+00 -1.81000093e-12 
 3.25000000e-01  3.25000000e-01  1.80000000e+00 -1.81000093e-12 
 3.30000000e-01  3.30000000e-01  1.80000000e+00 -1.81000093e-12 
 3.35000000e-01  3.35000000e-01  1.80000000e+00 -1.81000093e-12 
 3.40000000e-01  3.40000000e-01  1.80000000e+00 -1.81000093e-12 
 3.45000000e-01  3.45000000e-01  1.80000000e+00 -1.81000093e-12 
 3.50000000e-01  3.50000000e-01  1.80000000e+00 -1.81000093e-12 
 3.55000000e-01  3.55000000e-01  1.80000000e+00 -1.81000093e-12 
 3.60000000e-01  3.60000000e-01  1.80000000e+00 -1.81000093e-12 
 3.65000000e-01  3.65000000e-01  1.80000000e+00 -1.81000093e-12 
 3.70000000e-01  3.70000000e-01  1.80000000e+00 -1.81000093e-12 
 3.75000000e-01  3.75000000e-01  1.80000000e+00 -1.81000093e-12 
 3.80000000e-01  3.80000000e-01  1.80000000e+00 -1.81000093e-12 
 3.85000000e-01  3.85000000e-01  1.80000000e+00 -1.81000093e-12 
 3.90000000e-01  3.90000000e-01  1.80000000e+00 -1.81000093e-12 
 3.95000000e-01  3.95000000e-01  1.80000000e+00 -1.81000093e-12 
 4.00000000e-01  4.00000000e-01  1.80000000e+00 -1.81000093e-12 
 4.05000000e-01  4.05000000e-01  1.80000000e+00 -1.81000093e-12 
 4.10000000e-01  4.10000000e-01  1.80000000e+00 -1.81000093e-12 
 4.15000000e-01  4.15000000e-01  1.80000000e+00 -1.81000093e-12 
 4.20000000e-01  4.20000000e-01  1.80000000e+00 -1.81000093e-12 
 4.25000000e-01  4.25000000e-01  1.80000000e+00 -1.81000093e-12 
 4.30000000e-01  4.30000000e-01  1.80000000e+00 -1.81000093e-12 
 4.35000000e-01  4.35000000e-01  1.80000000e+00 -1.81000093e-12 
 4.40000000e-01  4.40000000e-01  1.80000000e+00 -1.81000093e-12 
 4.45000000e-01  4.45000000e-01  1.80000000e+00 -1.81000093e-12 
 4.50000000e-01  4.50000000e-01  1.80000000e+00 -1.81000093e-12 
 4.55000000e-01  4.55000000e-01  1.79997617e+00 -6.99128046e-08 
 4.60000000e-01  4.60000000e-01  1.79990466e+00 -2.79644390e-07 
 4.65000000e-01  4.65000000e-01  1.79978549e+00 -6.29192371e-07 
 4.70000000e-01  4.70000000e-01  1.79961862e+00 -1.11854976e-06 
 4.75000000e-01  4.75000000e-01  1.79940406e+00 -1.74770675e-06 
 4.80000000e-01  4.80000000e-01  1.79914178e+00 -2.51665076e-06 
 4.85000000e-01  4.85000000e-01  1.79883175e+00 -3.42536639e-06 
 4.90000000e-01  4.90000000e-01  1.79847396e+00 -4.47383544e-06 
 4.95000000e-01  4.95000000e-01  1.79806836e+00 -5.66203688e-06 
 5.00000000e-01  5.00000000e-01  1.79761493e+00 -6.98994689e-06 
 5.05000000e-01  5.05000000e-01  1.79711363e+00 -8.45753880e-06 
 5.10000000e-01  5.10000000e-01  1.79656440e+00 -1.00647831e-05 
 5.15000000e-01  5.15000000e-01  1.79596721e+00 -1.18116476e-05 
 5.20000000e-01  5.20000000e-01  1.79532199e+00 -1.36980970e-05 
 5.25000000e-01  5.25000000e-01  1.79462870e+00 -1.57240934e-05 
 5.30000000e-01  5.30000000e-01  1.79388727e+00 -1.78895958e-05 
 5.35000000e-01  5.35000000e-01  1.79309763e+00 -2.01945606e-05 
 5.40000000e-01  5.40000000e-01  1.79225972e+00 -2.26389412e-05 
 5.45000000e-01  5.45000000e-01  1.79137346e+00 -2.52226880e-05 
 5.50000000e-01  5.50000000e-01  1.79043877e+00 -2.79457487e-05 
 5.55000000e-01  5.55000000e-01  1.78945556e+00 -3.08080680e-05 
 5.60000000e-01  5.60000000e-01  1.78842376e+00 -3.38095876e-05 
 5.65000000e-01  5.65000000e-01  1.78734325e+00 -3.69502464e-05 
 5.70000000e-01  5.70000000e-01  1.78621395e+00 -4.02299803e-05 
 5.75000000e-01  5.75000000e-01  1.78503576e+00 -4.36487222e-05 
 5.80000000e-01  5.80000000e-01  1.78380856e+00 -4.72064020e-05 
 5.85000000e-01  5.85000000e-01  1.78253225e+00 -5.09029467e-05 
 5.90000000e-01  5.90000000e-01  1.78120670e+00 -5.47382803e-05 
 5.95000000e-01  5.95000000e-01  1.77983179e+00 -5.87123235e-05 
 6.00000000e-01  6.00000000e-01  1.77840739e+00 -6.28249943e-05 
 6.05000000e-01  6.05000000e-01  1.77693338e+00 -6.70762075e-05 
 6.10000000e-01  6.10000000e-01  1.77543451e+00 -7.13966626e-05 
 6.15000000e-01  6.15000000e-01  1.77386094e+00 -7.59247465e-05 
 6.20000000e-01  6.20000000e-01  1.77223729e+00 -8.05910923e-05 
 6.25000000e-01  6.25000000e-01  1.77056344e+00 -8.53956099e-05 
 6.30000000e-01  6.30000000e-01  1.76883923e+00 -9.03381984e-05 
 6.35000000e-01  6.35000000e-01  1.76706448e+00 -9.54187538e-05 
 6.40000000e-01  6.40000000e-01  1.76523903e+00 -1.00637168e-04 
 6.45000000e-01  6.45000000e-01  1.76336270e+00 -1.05993332e-04 
 6.50000000e-01  6.50000000e-01  1.76143531e+00 -1.11487130e-04 
 6.55000000e-01  6.55000000e-01  1.75945665e+00 -1.17118446e-04 
 6.60000000e-01  6.60000000e-01  1.75742654e+00 -1.22887159e-04 
 6.65000000e-01  6.65000000e-01  1.75534477e+00 -1.28793145e-04 
 6.70000000e-01  6.70000000e-01  1.75321114e+00 -1.34836276e-04 
 6.75000000e-01  6.75000000e-01  1.75102541e+00 -1.41016422e-04 
 6.80000000e-01  6.80000000e-01  1.74878737e+00 -1.47333448e-04 
 6.85000000e-01  6.85000000e-01  1.74649679e+00 -1.53787216e-04 
 6.90000000e-01  6.90000000e-01  1.74415343e+00 -1.60377585e-04 
 6.95000000e-01  6.95000000e-01  1.74175704e+00 -1.67104409e-04 
 7.00000000e-01  7.00000000e-01  1.73930737e+00 -1.73967540e-04 
 7.05000000e-01  7.05000000e-01  1.73680415e+00 -1.80966825e-04 
 7.10000000e-01  7.10000000e-01  1.73424711e+00 -1.88102108e-04 
 7.15000000e-01  7.15000000e-01  1.73163599e+00 -1.95373228e-04 
 7.20000000e-01  7.20000000e-01  1.72897048e+00 -2.02780022e-04 
 7.25000000e-01  7.25000000e-01  1.72625029e+00 -2.10322322e-04 
 7.30000000e-01  7.30000000e-01  1.72347513e+00 -2.17999956e-04 
 7.35000000e-01  7.35000000e-01  1.72064466e+00 -2.25812748e-04 
 7.40000000e-01  7.40000000e-01  1.71775859e+00 -2.33760518e-04 
 7.45000000e-01  7.45000000e-01  1.71481655e+00 -2.41843082e-04 
 7.50000000e-01  7.50000000e-01  1.71181823e+00 -2.50060252e-04 
 7.55000000e-01  7.55000000e-01  1.70876326e+00 -2.58411835e-04 
 7.60000000e-01  7.60000000e-01  1.70565127e+00 -2.66897634e-04 
 7.65000000e-01  7.65000000e-01  1.70248190e+00 -2.75517447e-04 
 7.70000000e-01  7.70000000e-01  1.69925475e+00 -2.84271070e-04 
 7.75000000e-01  7.75000000e-01  1.69596943e+00 -2.93158290e-04 
 7.80000000e-01  7.80000000e-01  1.69262553e+00 -3.02178894e-04 
 7.85000000e-01  7.85000000e-01  1.68922262e+00 -3.11332661e-04 
 7.90000000e-01  7.90000000e-01  1.68576028e+00 -3.20619367e-04 
 7.95000000e-01  7.95000000e-01  1.68223805e+00 -3.30038781e-04 
 8.00000000e-01  8.00000000e-01  1.67865546e+00 -3.39590669e-04 
 8.05000000e-01  8.05000000e-01  1.67501205e+00 -3.49274792e-04 
 8.10000000e-01  8.10000000e-01  1.67130732e+00 -3.59090904e-04 
 8.15000000e-01  8.15000000e-01  1.66754077e+00 -3.69038755e-04 
 8.20000000e-01  8.20000000e-01  1.66371187e+00 -3.79118089e-04 
 8.25000000e-01  8.25000000e-01  1.65982009e+00 -3.89328644e-04 
 8.30000000e-01  8.30000000e-01  1.65586487e+00 -3.99670154e-04 
 8.35000000e-01  8.35000000e-01  1.65184563e+00 -4.10142344e-04 
 8.40000000e-01  8.40000000e-01  1.64776180e+00 -4.20744936e-04 
 8.45000000e-01  8.45000000e-01  1.64361276e+00 -4.31477646e-04 
 8.50000000e-01  8.50000000e-01  1.63939787e+00 -4.42340180e-04 
 8.55000000e-01  8.55000000e-01  1.63511650e+00 -4.53332242e-04 
 8.60000000e-01  8.60000000e-01  1.63076796e+00 -4.64453527e-04 
 8.65000000e-01  8.65000000e-01  1.62635158e+00 -4.75703723e-04 
 8.70000000e-01  8.70000000e-01  1.62186663e+00 -4.87082512e-04 
 8.75000000e-01  8.75000000e-01  1.61731238e+00 -4.98589569e-04 
 8.80000000e-01  8.80000000e-01  1.61268805e+00 -5.10224560e-04 
 8.85000000e-01  8.85000000e-01  1.60799287e+00 -5.21987146e-04 
 8.90000000e-01  8.90000000e-01  1.60322602e+00 -5.33876976e-04 
 8.95000000e-01  8.95000000e-01  1.59838665e+00 -5.45893697e-04 
 9.00000000e-01  9.00000000e-01  1.59347388e+00 -5.58036941e-04 
 9.05000000e-01  9.05000000e-01  1.58848682e+00 -5.70306337e-04 
 9.10000000e-01  9.10000000e-01  1.58342453e+00 -5.82701501e-04 
 9.15000000e-01  9.15000000e-01  1.57828603e+00 -5.95222043e-04 
 9.20000000e-01  9.20000000e-01  1.57307032e+00 -6.07867562e-04 
 9.25000000e-01  9.25000000e-01  1.56777637e+00 -6.20637647e-04 
 9.30000000e-01  9.30000000e-01  1.56240308e+00 -6.33531877e-04 
 9.35000000e-01  9.35000000e-01  1.55694934e+00 -6.46549820e-04 
 9.40000000e-01  9.40000000e-01  1.55141399e+00 -6.59691036e-04 
 9.45000000e-01  9.45000000e-01  1.54579581e+00 -6.72955069e-04 
 9.50000000e-01  9.50000000e-01  1.54009355e+00 -6.86341455e-04 
 9.55000000e-01  9.55000000e-01  1.53430591e+00 -6.99849715e-04 
 9.60000000e-01  9.60000000e-01  1.52843152e+00 -7.13479360e-04 
 9.65000000e-01  9.65000000e-01  1.52246899e+00 -7.27229886e-04 
 9.70000000e-01  9.70000000e-01  1.51641682e+00 -7.41100776e-04 
 9.75000000e-01  9.75000000e-01  1.51027350e+00 -7.55091496e-04 
 9.80000000e-01  9.80000000e-01  1.50403744e+00 -7.69201500e-04 
 9.85000000e-01  9.85000000e-01  1.49770695e+00 -7.83430225e-04 
 9.90000000e-01  9.90000000e-01  1.49128032e+00 -7.97777092e-04 
 9.95000000e-01  9.95000000e-01  1.48475571e+00 -8.12241503e-04 
 1.00000000e+00  1.00000000e+00  1.47813125e+00 -8.26822844e-04 
 1.00500000e+00  1.00500000e+00  1.47140495e+00 -8.41520480e-04 
 1.01000000e+00  1.01000000e+00  1.46457473e+00 -8.56333756e-04 
 1.01500000e+00  1.01500000e+00  1.45763841e+00 -8.71261998e-04 
 1.02000000e+00  1.02000000e+00  1.45059374e+00 -8.86304506e-04 
 1.02500000e+00  1.02500000e+00  1.44343831e+00 -9.01460560e-04 
 1.03000000e+00  1.03000000e+00  1.43616962e+00 -9.16729412e-04 
 1.03500000e+00  1.03500000e+00  1.42878503e+00 -9.32110290e-04 
 1.04000000e+00  1.04000000e+00  1.42128177e+00 -9.47602393e-04 
 1.04500000e+00  1.04500000e+00  1.41365693e+00 -9.63204889e-04 
 1.05000000e+00  1.05000000e+00  1.40590742e+00 -9.78916917e-04 
 1.05500000e+00  1.05500000e+00  1.39803001e+00 -9.94737579e-04 
 1.06000000e+00  1.06000000e+00  1.39002126e+00 -1.01066594e-03 
 1.06500000e+00  1.06500000e+00  1.38187754e+00 -1.02670104e-03 
 1.07000000e+00  1.07000000e+00  1.37359501e+00 -1.04284185e-03 
 1.07500000e+00  1.07500000e+00  1.36516961e+00 -1.05908733e-03 
 1.08000000e+00  1.08000000e+00  1.35659701e+00 -1.07543637e-03 
 1.08500000e+00  1.08500000e+00  1.34787260e+00 -1.09188781e-03 
 1.09000000e+00  1.09000000e+00  1.33899150e+00 -1.10844044e-03 
 1.09500000e+00  1.09500000e+00  1.32994849e+00 -1.12509300e-03 
 1.10000000e+00  1.10000000e+00  1.32073797e+00 -1.14184413e-03 
 1.10500000e+00  1.10500000e+00  1.31135398e+00 -1.15869245e-03 
 1.11000000e+00  1.11000000e+00  1.30179012e+00 -1.17563647e-03 
 1.11500000e+00  1.11500000e+00  1.29203949e+00 -1.19267460e-03 
 1.12000000e+00  1.12000000e+00  1.28209469e+00 -1.20980521e-03 
 1.12500000e+00  1.12500000e+00  1.27194773e+00 -1.22702651e-03 
 1.13000000e+00  1.13000000e+00  1.26158994e+00 -1.24433664e-03 
 1.13500000e+00  1.13500000e+00  1.25101195e+00 -1.26173359e-03 
 1.14000000e+00  1.14000000e+00  1.24020354e+00 -1.27921522e-03 
 1.14500000e+00  1.14500000e+00  1.22915358e+00 -1.29677923e-03 
 1.15000000e+00  1.15000000e+00  1.21784990e+00 -1.31442316e-03 
 1.15500000e+00  1.15500000e+00  1.20627912e+00 -1.33214434e-03 
 1.16000000e+00  1.16000000e+00  1.19442650e+00 -1.34993987e-03 
 1.16500000e+00  1.16500000e+00  1.18227574e+00 -1.36780661e-03 
 1.17000000e+00  1.17000000e+00  1.16980874e+00 -1.38574113e-03 
 1.17500000e+00  1.17500000e+00  1.15700528e+00 -1.40373966e-03 
 1.18000000e+00  1.18000000e+00  1.14384269e+00 -1.42179803e-03 
 1.18500000e+00  1.18500000e+00  1.13029539e+00 -1.43991163e-03 
 1.19000000e+00  1.19000000e+00  1.11633435e+00 -1.45807531e-03 
 1.19500000e+00  1.19500000e+00  1.10192639e+00 -1.47628326e-03 
 1.20000000e+00  1.20000000e+00  1.08703330e+00 -1.49452894e-03 
 1.20500000e+00  1.20500000e+00  1.07161071e+00 -1.51280483e-03 
 1.21000000e+00  1.21000000e+00  1.05560663e+00 -1.53110229e-03 
 1.21500000e+00  1.21500000e+00  1.03895939e+00 -1.54941122e-03 
 1.22000000e+00  1.22000000e+00  1.02159501e+00 -1.56771970e-03 
 1.22500000e+00  1.22500000e+00  1.00342344e+00 -1.58601345e-03 
 1.23000000e+00  1.23000000e+00  9.84333195e-01 -1.60427504e-03 
 1.23500000e+00  1.23500000e+00  9.64183471e-01 -1.62248280e-03 
 1.24000000e+00  1.24000000e+00  9.42792183e-01 -1.64060912e-03 
 1.24500000e+00  1.24500000e+00  9.19916830e-01 -1.65861777e-03 
 1.25000000e+00  1.25000000e+00  8.94145740e-01 -1.67635175e-03 
 1.25500000e+00  1.25500000e+00  8.66811955e-01 -1.69390776e-03 
 1.26000000e+00  1.26000000e+00  8.36205563e-01 -1.71108852e-03 
 1.26500000e+00  1.26500000e+00  8.01616576e-01 -1.72732898e-03 
 1.27000000e+00  1.27000000e+00  7.71089069e-01 -1.73885226e-03 
 1.27500000e+00  1.27500000e+00  7.45290091e-01 -1.74650148e-03 
 1.28000000e+00  1.28000000e+00  7.22768405e-01 -1.75162036e-03 
 1.28500000e+00  1.28500000e+00  7.02699018e-01 -1.75494956e-03 
 1.29000000e+00  1.29000000e+00  6.84873815e-01 -1.75725895e-03 
 1.29500000e+00  1.29500000e+00  6.69230189e-01 -1.75927802e-03 
 1.30000000e+00  1.30000000e+00  6.55220069e-01 -1.76108626e-03 
 1.30500000e+00  1.30500000e+00  6.41897377e-01 -1.76280578e-03 
 1.31000000e+00  1.31000000e+00  6.30344379e-01 -1.76429689e-03 
 1.31500000e+00  1.31500000e+00  6.19571530e-01 -1.76568730e-03 
 1.32000000e+00  1.32000000e+00  6.09512929e-01 -1.76698553e-03 
 1.32500000e+00  1.32500000e+00  6.00068162e-01 -1.76820454e-03 
 1.33000000e+00  1.33000000e+00  5.91160197e-01 -1.76935426e-03 
 1.33500000e+00  1.33500000e+00  5.82726336e-01 -1.77044279e-03 
 1.34000000e+00  1.34000000e+00  5.74714900e-01 -1.77147680e-03 
 1.34500000e+00  1.34500000e+00  5.67082711e-01 -1.77246186e-03 
 1.35000000e+00  1.35000000e+00  5.59793274e-01 -1.77340268e-03 
 1.35500000e+00  1.35500000e+00  5.52815422e-01 -1.77430329e-03 
 1.36000000e+00  1.36000000e+00  5.46122299e-01 -1.77516715e-03 
 1.36500000e+00  1.36500000e+00  5.39690576e-01 -1.77599727e-03 
 1.37000000e+00  1.37000000e+00  5.33499837e-01 -1.77679629e-03 
 1.37500000e+00  1.37500000e+00  5.27532100e-01 -1.77756652e-03 
 1.38000000e+00  1.38000000e+00  5.21771433e-01 -1.77831003e-03 
 1.38500000e+00  1.38500000e+00  5.16203645e-01 -1.77902865e-03 
 1.39000000e+00  1.39000000e+00  5.10816029e-01 -1.77972401e-03 
 1.39500000e+00  1.39500000e+00  5.05597161e-01 -1.78039759e-03 
 1.40000000e+00  1.40000000e+00  5.00536723e-01 -1.78105073e-03 
 1.40500000e+00  1.40500000e+00  4.95625362e-01 -1.78168462e-03 
 1.41000000e+00  1.41000000e+00  4.90854570e-01 -1.78230037e-03 
 1.41500000e+00  1.41500000e+00  4.86216580e-01 -1.78289898e-03 
 1.42000000e+00  1.42000000e+00  4.81704282e-01 -1.78348137e-03 
 1.42500000e+00  1.42500000e+00  4.77311146e-01 -1.78404838e-03 
 1.43000000e+00  1.43000000e+00  4.73031162e-01 -1.78460078e-03 
 1.43500000e+00  1.43500000e+00  4.68858782e-01 -1.78513929e-03 
 1.44000000e+00  1.44000000e+00  4.64788871e-01 -1.78566458e-03 
 1.44500000e+00  1.44500000e+00  4.60816671e-01 -1.78617726e-03 
 1.45000000e+00  1.45000000e+00  4.56937758e-01 -1.78667790e-03 
 1.45500000e+00  1.45500000e+00  4.53148014e-01 -1.78716703e-03 
 1.46000000e+00  1.46000000e+00  4.49443598e-01 -1.78764515e-03 
 1.46500000e+00  1.46500000e+00  4.45820920e-01 -1.78811271e-03 
 1.47000000e+00  1.47000000e+00  4.42276619e-01 -1.78857017e-03 
 1.47500000e+00  1.47500000e+00  4.38807546e-01 -1.78901791e-03 
 1.48000000e+00  1.48000000e+00  4.35410742e-01 -1.78945632e-03 
 1.48500000e+00  1.48500000e+00  4.32083425e-01 -1.78988577e-03 
 1.49000000e+00  1.49000000e+00  4.28822976e-01 -1.79030658e-03 
 1.49500000e+00  1.49500000e+00  4.25626924e-01 -1.79071909e-03 
 1.50000000e+00  1.50000000e+00  4.22492938e-01 -1.79112358e-03 
 1.50500000e+00  1.50500000e+00  4.19418814e-01 -1.79152035e-03 
 1.51000000e+00  1.51000000e+00  4.16402465e-01 -1.79190966e-03 
 1.51500000e+00  1.51500000e+00  4.13441916e-01 -1.79229176e-03 
 1.52000000e+00  1.52000000e+00  4.10535291e-01 -1.79266691e-03 
 1.52500000e+00  1.52500000e+00  4.07680813e-01 -1.79303533e-03 
 1.53000000e+00  1.53000000e+00  4.04876789e-01 -1.79339724e-03 
 1.53500000e+00  1.53500000e+00  4.02121611e-01 -1.79375284e-03 
 1.54000000e+00  1.54000000e+00  3.99413748e-01 -1.79410233e-03 
 1.54500000e+00  1.54500000e+00  3.96751741e-01 -1.79444591e-03 
 1.55000000e+00  1.55000000e+00  3.94134199e-01 -1.79478375e-03 
 1.55500000e+00  1.55500000e+00  3.91559792e-01 -1.79511602e-03 
 1.56000000e+00  1.56000000e+00  3.89027253e-01 -1.79544288e-03 
 1.56500000e+00  1.56500000e+00  3.86535368e-01 -1.79576450e-03 
 1.57000000e+00  1.57000000e+00  3.84082977e-01 -1.79608103e-03 
 1.57500000e+00  1.57500000e+00  3.81668969e-01 -1.79639259e-03 
 1.58000000e+00  1.58000000e+00  3.79292281e-01 -1.79669934e-03 
 1.58500000e+00  1.58500000e+00  3.76951892e-01 -1.79700141e-03 
 1.59000000e+00  1.59000000e+00  3.74646824e-01 -1.79729892e-03 
 1.59500000e+00  1.59500000e+00  3.72376138e-01 -1.79759199e-03 
 1.60000000e+00  1.60000000e+00  3.70138932e-01 -1.79788074e-03 
 1.60500000e+00  1.60500000e+00  3.67934340e-01 -1.79816528e-03 
 1.61000000e+00  1.61000000e+00  3.65761527e-01 -1.79844571e-03 
 1.61500000e+00  1.61500000e+00  3.63619693e-01 -1.79872215e-03 
 1.62000000e+00  1.62000000e+00  3.61508066e-01 -1.79899469e-03 
 1.62500000e+00  1.62500000e+00  3.59425902e-01 -1.79926343e-03 
 1.63000000e+00  1.63000000e+00  3.57372486e-01 -1.79952846e-03 
 1.63500000e+00  1.63500000e+00  3.55347128e-01 -1.79978987e-03 
 1.64000000e+00  1.64000000e+00  3.53349162e-01 -1.80004774e-03 
 1.64500000e+00  1.64500000e+00  3.51377946e-01 -1.80030215e-03 
 1.65000000e+00  1.65000000e+00  3.49432860e-01 -1.80055320e-03 
 1.65500000e+00  1.65500000e+00  3.47513305e-01 -1.80080095e-03 
 1.66000000e+00  1.66000000e+00  3.45618703e-01 -1.80104548e-03 
 1.66500000e+00  1.66500000e+00  3.43748494e-01 -1.80128686e-03 
 1.67000000e+00  1.67000000e+00  3.41902138e-01 -1.80152517e-03 
 1.67500000e+00  1.67500000e+00  3.40079112e-01 -1.80176046e-03 
 1.68000000e+00  1.68000000e+00  3.38278910e-01 -1.80199280e-03 
 1.68500000e+00  1.68500000e+00  3.36501041e-01 -1.80222227e-03 
 1.69000000e+00  1.69000000e+00  3.34745033e-01 -1.80244891e-03 
 1.69500000e+00  1.69500000e+00  3.33010424e-01 -1.80267279e-03 
 1.70000000e+00  1.70000000e+00  3.31296769e-01 -1.80289397e-03 
 1.70500000e+00  1.70500000e+00  3.29603637e-01 -1.80311249e-03 
 1.71000000e+00  1.71000000e+00  3.27930609e-01 -1.80332842e-03 
 1.71500000e+00  1.71500000e+00  3.26277278e-01 -1.80354181e-03 
 1.72000000e+00  1.72000000e+00  3.24643251e-01 -1.80375271e-03 
 1.72500000e+00  1.72500000e+00  3.23028144e-01 -1.80396117e-03 
 1.73000000e+00  1.73000000e+00  3.21431587e-01 -1.80416723e-03 
 1.73500000e+00  1.73500000e+00  3.19853218e-01 -1.80437095e-03 
 1.74000000e+00  1.74000000e+00  3.18292686e-01 -1.80457236e-03 
 1.74500000e+00  1.74500000e+00  3.16749651e-01 -1.80477151e-03 
 1.75000000e+00  1.75000000e+00  3.15223782e-01 -1.80496845e-03 
 1.75500000e+00  1.75500000e+00  3.13714756e-01 -1.80516322e-03 
 1.76000000e+00  1.76000000e+00  3.12222261e-01 -1.80535585e-03 
 1.76500000e+00  1.76500000e+00  3.10745991e-01 -1.80554639e-03 
 1.77000000e+00  1.77000000e+00  3.09285650e-01 -1.80573487e-03 
 1.77500000e+00  1.77500000e+00  3.07840949e-01 -1.80592133e-03 
 1.78000000e+00  1.78000000e+00  3.06411607e-01 -1.80610581e-03 
 1.78500000e+00  1.78500000e+00  3.04997350e-01 -1.80628834e-03 
 1.79000000e+00  1.79000000e+00  3.03597912e-01 -1.80646896e-03 
 1.79500000e+00  1.79500000e+00  3.02213033e-01 -1.80664771e-03 
 1.80000000e+00  1.80000000e+00  3.00842459e-01 -1.80682460e-03 
