 frequency       frequency       frequency       vdb(out)        vp(out)        
 1.00000000e+01  1.00000000e+01  0.00000000e+00 -4.97930361e+01  3.14159265e+00 
 1.02920053e+01  1.02920053e+01  0.00000000e+00 -4.97930361e+01  3.14159265e+00 
 1.05925373e+01  1.05925373e+01  0.00000000e+00 -4.97930361e+01  3.14159265e+00 
 1.09018449e+01  1.09018449e+01  0.00000000e+00 -4.97930361e+01  3.14159265e+00 
 1.12201845e+01  1.12201845e+01  0.00000000e+00 -4.97930361e+01  3.14159265e+00 
 1.15478198e+01  1.15478198e+01  0.00000000e+00 -4.97930361e+01  3.14159265e+00 
 1.18850223e+01  1.18850223e+01  0.00000000e+00 -4.97930361e+01  3.14159265e+00 
 1.22320712e+01  1.22320712e+01  0.00000000e+00 -4.97930361e+01  3.14159265e+00 
 1.25892541e+01  1.25892541e+01  0.00000000e+00 -4.97930361e+01  3.14159265e+00 
 1.29568670e+01  1.29568670e+01  0.00000000e+00 -4.97930361e+01  3.14159265e+00 
 1.33352143e+01  1.33352143e+01  0.00000000e+00 -4.97930361e+01  3.14159265e+00 
 1.37246096e+01  1.37246096e+01  0.00000000e+00 -4.97930361e+01  3.14159265e+00 
 1.41253754e+01  1.41253754e+01  0.00000000e+00 -4.97930361e+01  3.14159265e+00 
 1.45378439e+01  1.45378439e+01  0.00000000e+00 -4.97930361e+01  3.14159265e+00 
 1.49623566e+01  1.49623566e+01  0.00000000e+00 -4.97930361e+01  3.14159265e+00 
 1.53992653e+01  1.53992653e+01  0.00000000e+00 -4.97930361e+01  3.14159265e+00 
 1.58489319e+01  1.58489319e+01  0.00000000e+00 -4.97930361e+01  3.14159265e+00 
 1.63117291e+01  1.63117291e+01  0.00000000e+00 -4.97930361e+01  3.14159265e+00 
 1.67880402e+01  1.67880402e+01  0.00000000e+00 -4.97930361e+01  3.14159265e+00 
 1.72782598e+01  1.72782598e+01  0.00000000e+00 -4.97930361e+01  3.14159265e+00 
 1.77827941e+01  1.77827941e+01  0.00000000e+00 -4.97930361e+01  3.14159265e+00 
 1.83020611e+01  1.83020611e+01  0.00000000e+00 -4.97930361e+01  3.14159265e+00 
 1.88364909e+01  1.88364909e+01  0.00000000e+00 -4.97930361e+01  3.14159265e+00 
 1.93865264e+01  1.93865264e+01  0.00000000e+00 -4.97930361e+01  3.14159265e+00 
 1.99526231e+01  1.99526231e+01  0.00000000e+00 -4.97930361e+01  3.14159265e+00 
 2.05352503e+01  2.05352503e+01  0.00000000e+00 -4.97930361e+01  3.14159265e+00 
 2.11348904e+01  2.11348904e+01  0.00000000e+00 -4.97930361e+01  3.14159265e+00 
 2.17520403e+01  2.17520403e+01  0.00000000e+00 -4.97930361e+01  3.14159265e+00 
 2.23872114e+01  2.23872114e+01  0.00000000e+00 -4.97930361e+01  3.14159265e+00 
 2.30409298e+01  2.30409298e+01  0.00000000e+00 -4.97930361e+01  3.14159265e+00 
 2.37137371e+01  2.37137371e+01  0.00000000e+00 -4.97930361e+01  3.14159265e+00 
 2.44061907e+01  2.44061907e+01  0.00000000e+00 -4.97930361e+01  3.14159265e+00 
 2.51188643e+01  2.51188643e+01  0.00000000e+00 -4.97930361e+01  3.14159265e+00 
 2.58523484e+01  2.58523484e+01  0.00000000e+00 -4.97930361e+01  3.14159265e+00 
 2.66072506e+01  2.66072506e+01  0.00000000e+00 -4.97930361e+01  3.14159265e+00 
 2.73841963e+01  2.73841963e+01  0.00000000e+00 -4.97930361e+01  3.14159265e+00 
 2.81838293e+01  2.81838293e+01  0.00000000e+00 -4.97930361e+01  3.14159265e+00 
 2.90068120e+01  2.90068120e+01  0.00000000e+00 -4.97930361e+01  3.14159265e+00 
 2.98538262e+01  2.98538262e+01  0.00000000e+00 -4.97930361e+01  3.14159265e+00 
 3.07255737e+01  3.07255737e+01  0.00000000e+00 -4.97930361e+01  3.14159265e+00 
 3.16227766e+01  3.16227766e+01  0.00000000e+00 -4.97930361e+01  3.14159265e+00 
 3.25461783e+01  3.25461783e+01  0.00000000e+00 -4.97930361e+01  3.14159265e+00 
 3.34965439e+01  3.34965439e+01  0.00000000e+00 -4.97930361e+01  3.14159265e+00 
 3.44746607e+01  3.44746607e+01  0.00000000e+00 -4.97930361e+01  3.14159265e+00 
 3.54813389e+01  3.54813389e+01  0.00000000e+00 -4.97930361e+01  3.14159265e+00 
 3.65174127e+01  3.65174127e+01  0.00000000e+00 -4.97930361e+01  3.14159265e+00 
 3.75837404e+01  3.75837404e+01  0.00000000e+00 -4.97930361e+01  3.14159265e+00 
 3.86812055e+01  3.86812055e+01  0.00000000e+00 -4.97930361e+01  3.14159265e+00 
 3.98107171e+01  3.98107171e+01  0.00000000e+00 -4.97930361e+01  3.14159265e+00 
 4.09732110e+01  4.09732110e+01  0.00000000e+00 -4.97930361e+01  3.14159265e+00 
 4.21696503e+01  4.21696503e+01  0.00000000e+00 -4.97930361e+01  3.14159265e+00 
 4.34010264e+01  4.34010264e+01  0.00000000e+00 -4.97930361e+01  3.14159265e+00 
 4.46683592e+01  4.46683592e+01  0.00000000e+00 -4.97930361e+01  3.14159265e+00 
 4.59726989e+01  4.59726989e+01  0.00000000e+00 -4.97930361e+01  3.14159265e+00 
 4.73151259e+01  4.73151259e+01  0.00000000e+00 -4.97930361e+01  3.14159265e+00 
 4.86967525e+01  4.86967525e+01  0.00000000e+00 -4.97930361e+01  3.14159265e+00 
 5.01187234e+01  5.01187234e+01  0.00000000e+00 -4.97930361e+01  3.14159265e+00 
 5.15822165e+01  5.15822165e+01  0.00000000e+00 -4.97930361e+01  3.14159265e+00 
 5.30884444e+01  5.30884444e+01  0.00000000e+00 -4.97930361e+01  3.14159265e+00 
 5.46386550e+01  5.46386550e+01  0.00000000e+00 -4.97930361e+01  3.14159265e+00 
 5.62341325e+01  5.62341325e+01  0.00000000e+00 -4.97930361e+01  3.14159265e+00 
 5.78761988e+01  5.78761988e+01  0.00000000e+00 -4.97930361e+01  3.14159265e+00 
 5.95662144e+01  5.95662144e+01  0.00000000e+00 -4.97930361e+01  3.14159264e+00 
 6.13055792e+01  6.13055792e+01  0.00000000e+00 -4.97930361e+01  3.14159264e+00 
 6.30957344e+01  6.30957344e+01  0.00000000e+00 -4.97930361e+01  3.14159264e+00 
 6.49381632e+01  6.49381632e+01  0.00000000e+00 -4.97930361e+01  3.14159264e+00 
 6.68343918e+01  6.68343918e+01  0.00000000e+00 -4.97930361e+01  3.14159264e+00 
 6.87859912e+01  6.87859912e+01  0.00000000e+00 -4.97930361e+01  3.14159264e+00 
 7.07945784e+01  7.07945784e+01  0.00000000e+00 -4.97930361e+01  3.14159264e+00 
 7.28618175e+01  7.28618175e+01  0.00000000e+00 -4.97930361e+01  3.14159264e+00 
 7.49894209e+01  7.49894209e+01  0.00000000e+00 -4.97930361e+01  3.14159264e+00 
 7.71791516e+01  7.71791516e+01  0.00000000e+00 -4.97930361e+01  3.14159264e+00 
 7.94328235e+01  7.94328235e+01  0.00000000e+00 -4.97930361e+01  3.14159264e+00 
 8.17523038e+01  8.17523038e+01  0.00000000e+00 -4.97930361e+01  3.14159264e+00 
 8.41395142e+01  8.41395142e+01  0.00000000e+00 -4.97930361e+01  3.14159264e+00 
 8.65964323e+01  8.65964323e+01  0.00000000e+00 -4.97930361e+01  3.14159264e+00 
 8.91250938e+01  8.91250938e+01  0.00000000e+00 -4.97930361e+01  3.14159264e+00 
 9.17275935e+01  9.17275935e+01  0.00000000e+00 -4.97930361e+01  3.14159264e+00 
 9.44060876e+01  9.44060876e+01  0.00000000e+00 -4.97930361e+01  3.14159264e+00 
 9.71627952e+01  9.71627952e+01  0.00000000e+00 -4.97930361e+01  3.14159264e+00 
 1.00000000e+02  1.00000000e+02  0.00000000e+00 -4.97930361e+01  3.14159264e+00 
 1.02920053e+02  1.02920053e+02  0.00000000e+00 -4.97930361e+01  3.14159264e+00 
 1.05925373e+02  1.05925373e+02  0.00000000e+00 -4.97930361e+01  3.14159264e+00 
 1.09018449e+02  1.09018449e+02  0.00000000e+00 -4.97930361e+01  3.14159264e+00 
 1.12201845e+02  1.12201845e+02  0.00000000e+00 -4.97930361e+01  3.14159264e+00 
 1.15478198e+02  1.15478198e+02  0.00000000e+00 -4.97930361e+01  3.14159264e+00 
 1.18850223e+02  1.18850223e+02  0.00000000e+00 -4.97930361e+01  3.14159264e+00 
 1.22320712e+02  1.22320712e+02  0.00000000e+00 -4.97930361e+01  3.14159264e+00 
 1.25892541e+02  1.25892541e+02  0.00000000e+00 -4.97930361e+01  3.14159264e+00 
 1.29568670e+02  1.29568670e+02  0.00000000e+00 -4.97930361e+01  3.14159263e+00 
 1.33352143e+02  1.33352143e+02  0.00000000e+00 -4.97930361e+01  3.14159263e+00 
 1.37246096e+02  1.37246096e+02  0.00000000e+00 -4.97930361e+01  3.14159263e+00 
 1.41253754e+02  1.41253754e+02  0.00000000e+00 -4.97930361e+01  3.14159263e+00 
 1.45378439e+02  1.45378439e+02  0.00000000e+00 -4.97930361e+01  3.14159263e+00 
 1.49623566e+02  1.49623566e+02  0.00000000e+00 -4.97930361e+01  3.14159263e+00 
 1.53992653e+02  1.53992653e+02  0.00000000e+00 -4.97930361e+01  3.14159263e+00 
 1.58489319e+02  1.58489319e+02  0.00000000e+00 -4.97930361e+01  3.14159263e+00 
 1.63117291e+02  1.63117291e+02  0.00000000e+00 -4.97930361e+01  3.14159263e+00 
 1.67880402e+02  1.67880402e+02  0.00000000e+00 -4.97930361e+01  3.14159263e+00 
 1.72782598e+02  1.72782598e+02  0.00000000e+00 -4.97930361e+01  3.14159263e+00 
 1.77827941e+02  1.77827941e+02  0.00000000e+00 -4.97930361e+01  3.14159263e+00 
 1.83020611e+02  1.83020611e+02  0.00000000e+00 -4.97930361e+01  3.14159263e+00 
 1.88364909e+02  1.88364909e+02  0.00000000e+00 -4.97930361e+01  3.14159263e+00 
 1.93865264e+02  1.93865264e+02  0.00000000e+00 -4.97930361e+01  3.14159263e+00 
 1.99526231e+02  1.99526231e+02  0.00000000e+00 -4.97930361e+01  3.14159262e+00 
 2.05352503e+02  2.05352503e+02  0.00000000e+00 -4.97930361e+01  3.14159262e+00 
 2.11348904e+02  2.11348904e+02  0.00000000e+00 -4.97930361e+01  3.14159262e+00 
 2.17520403e+02  2.17520403e+02  0.00000000e+00 -4.97930361e+01  3.14159262e+00 
 2.23872114e+02  2.23872114e+02  0.00000000e+00 -4.97930361e+01  3.14159262e+00 
 2.30409298e+02  2.30409298e+02  0.00000000e+00 -4.97930361e+01  3.14159262e+00 
 2.37137371e+02  2.37137371e+02  0.00000000e+00 -4.97930361e+01  3.14159262e+00 
 2.44061907e+02  2.44061907e+02  0.00000000e+00 -4.97930361e+01  3.14159262e+00 
 2.51188643e+02  2.51188643e+02  0.00000000e+00 -4.97930361e+01  3.14159262e+00 
 2.58523484e+02  2.58523484e+02  0.00000000e+00 -4.97930361e+01  3.14159262e+00 
 2.66072506e+02  2.66072506e+02  0.00000000e+00 -4.97930361e+01  3.14159261e+00 
 2.73841963e+02  2.73841963e+02  0.00000000e+00 -4.97930361e+01  3.14159261e+00 
 2.81838293e+02  2.81838293e+02  0.00000000e+00 -4.97930361e+01  3.14159261e+00 
 2.90068120e+02  2.90068120e+02  0.00000000e+00 -4.97930361e+01  3.14159261e+00 
 2.98538262e+02  2.98538262e+02  0.00000000e+00 -4.97930361e+01  3.14159261e+00 
 3.07255737e+02  3.07255737e+02  0.00000000e+00 -4.97930361e+01  3.14159261e+00 
 3.16227766e+02  3.16227766e+02  0.00000000e+00 -4.97930361e+01  3.14159261e+00 
 3.25461783e+02  3.25461783e+02  0.00000000e+00 -4.97930361e+01  3.14159261e+00 
 3.34965439e+02  3.34965439e+02  0.00000000e+00 -4.97930361e+01  3.14159260e+00 
 3.44746607e+02  3.44746607e+02  0.00000000e+00 -4.97930361e+01  3.14159260e+00 
 3.54813389e+02  3.54813389e+02  0.00000000e+00 -4.97930361e+01  3.14159260e+00 
 3.65174127e+02  3.65174127e+02  0.00000000e+00 -4.97930361e+01  3.14159260e+00 
 3.75837404e+02  3.75837404e+02  0.00000000e+00 -4.97930361e+01  3.14159260e+00 
 3.86812055e+02  3.86812055e+02  0.00000000e+00 -4.97930361e+01  3.14159260e+00 
 3.98107171e+02  3.98107171e+02  0.00000000e+00 -4.97930361e+01  3.14159260e+00 
 4.09732110e+02  4.09732110e+02  0.00000000e+00 -4.97930361e+01  3.14159259e+00 
 4.21696503e+02  4.21696503e+02  0.00000000e+00 -4.97930361e+01  3.14159259e+00 
 4.34010264e+02  4.34010264e+02  0.00000000e+00 -4.97930361e+01  3.14159259e+00 
 4.46683592e+02  4.46683592e+02  0.00000000e+00 -4.97930361e+01  3.14159259e+00 
 4.59726989e+02  4.59726989e+02  0.00000000e+00 -4.97930361e+01  3.14159259e+00 
 4.73151259e+02  4.73151259e+02  0.00000000e+00 -4.97930361e+01  3.14159258e+00 
 4.86967525e+02  4.86967525e+02  0.00000000e+00 -4.97930361e+01  3.14159258e+00 
 5.01187234e+02  5.01187234e+02  0.00000000e+00 -4.97930361e+01  3.14159258e+00 
 5.15822165e+02  5.15822165e+02  0.00000000e+00 -4.97930361e+01  3.14159258e+00 
 5.30884444e+02  5.30884444e+02  0.00000000e+00 -4.97930361e+01  3.14159258e+00 
 5.46386550e+02  5.46386550e+02  0.00000000e+00 -4.97930361e+01  3.14159257e+00 
 5.62341325e+02  5.62341325e+02  0.00000000e+00 -4.97930361e+01  3.14159257e+00 
 5.78761988e+02  5.78761988e+02  0.00000000e+00 -4.97930361e+01  3.14159257e+00 
 5.95662144e+02  5.95662144e+02  0.00000000e+00 -4.97930361e+01  3.14159257e+00 
 6.13055792e+02  6.13055792e+02  0.00000000e+00 -4.97930361e+01  3.14159256e+00 
 6.30957344e+02  6.30957344e+02  0.00000000e+00 -4.97930361e+01  3.14159256e+00 
 6.49381632e+02  6.49381632e+02  0.00000000e+00 -4.97930361e+01  3.14159256e+00 
 6.68343918e+02  6.68343918e+02  0.00000000e+00 -4.97930361e+01  3.14159256e+00 
 6.87859912e+02  6.87859912e+02  0.00000000e+00 -4.97930361e+01  3.14159255e+00 
 7.07945784e+02  7.07945784e+02  0.00000000e+00 -4.97930361e+01  3.14159255e+00 
 7.28618175e+02  7.28618175e+02  0.00000000e+00 -4.97930361e+01  3.14159255e+00 
 7.49894209e+02  7.49894209e+02  0.00000000e+00 -4.97930361e+01  3.14159254e+00 
 7.71791516e+02  7.71791516e+02  0.00000000e+00 -4.97930361e+01  3.14159254e+00 
 7.94328235e+02  7.94328235e+02  0.00000000e+00 -4.97930361e+01  3.14159254e+00 
 8.17523038e+02  8.17523038e+02  0.00000000e+00 -4.97930361e+01  3.14159253e+00 
 8.41395142e+02  8.41395142e+02  0.00000000e+00 -4.97930361e+01  3.14159253e+00 
 8.65964323e+02  8.65964323e+02  0.00000000e+00 -4.97930361e+01  3.14159253e+00 
 8.91250938e+02  8.91250938e+02  0.00000000e+00 -4.97930361e+01  3.14159252e+00 
 9.17275935e+02  9.17275935e+02  0.00000000e+00 -4.97930361e+01  3.14159252e+00 
 9.44060876e+02  9.44060876e+02  0.00000000e+00 -4.97930361e+01  3.14159252e+00 
 9.71627952e+02  9.71627952e+02  0.00000000e+00 -4.97930361e+01  3.14159251e+00 
 1.00000000e+03  1.00000000e+03  0.00000000e+00 -4.97930361e+01  3.14159251e+00 
 1.02920053e+03  1.02920053e+03  0.00000000e+00 -4.97930361e+01  3.14159250e+00 
 1.05925373e+03  1.05925373e+03  0.00000000e+00 -4.97930361e+01  3.14159250e+00 
 1.09018449e+03  1.09018449e+03  0.00000000e+00 -4.97930361e+01  3.14159249e+00 
 1.12201845e+03  1.12201845e+03  0.00000000e+00 -4.97930361e+01  3.14159249e+00 
 1.15478198e+03  1.15478198e+03  0.00000000e+00 -4.97930361e+01  3.14159248e+00 
 1.18850223e+03  1.18850223e+03  0.00000000e+00 -4.97930361e+01  3.14159248e+00 
 1.22320712e+03  1.22320712e+03  0.00000000e+00 -4.97930361e+01  3.14159247e+00 
 1.25892541e+03  1.25892541e+03  0.00000000e+00 -4.97930361e+01  3.14159247e+00 
 1.29568670e+03  1.29568670e+03  0.00000000e+00 -4.97930361e+01  3.14159246e+00 
 1.33352143e+03  1.33352143e+03  0.00000000e+00 -4.97930361e+01  3.14159246e+00 
 1.37246096e+03  1.37246096e+03  0.00000000e+00 -4.97930361e+01  3.14159245e+00 
 1.41253754e+03  1.41253754e+03  0.00000000e+00 -4.97930361e+01  3.14159245e+00 
 1.45378439e+03  1.45378439e+03  0.00000000e+00 -4.97930361e+01  3.14159244e+00 
 1.49623566e+03  1.49623566e+03  0.00000000e+00 -4.97930361e+01  3.14159243e+00 
 1.53992653e+03  1.53992653e+03  0.00000000e+00 -4.97930361e+01  3.14159243e+00 
 1.58489319e+03  1.58489319e+03  0.00000000e+00 -4.97930361e+01  3.14159242e+00 
 1.63117291e+03  1.63117291e+03  0.00000000e+00 -4.97930361e+01  3.14159241e+00 
 1.67880402e+03  1.67880402e+03  0.00000000e+00 -4.97930361e+01  3.14159241e+00 
 1.72782598e+03  1.72782598e+03  0.00000000e+00 -4.97930361e+01  3.14159240e+00 
 1.77827941e+03  1.77827941e+03  0.00000000e+00 -4.97930361e+01  3.14159239e+00 
 1.83020611e+03  1.83020611e+03  0.00000000e+00 -4.97930361e+01  3.14159239e+00 
 1.88364909e+03  1.88364909e+03  0.00000000e+00 -4.97930361e+01  3.14159238e+00 
 1.93865264e+03  1.93865264e+03  0.00000000e+00 -4.97930361e+01  3.14159237e+00 
 1.99526231e+03  1.99526231e+03  0.00000000e+00 -4.97930361e+01  3.14159236e+00 
 2.05352503e+03  2.05352503e+03  0.00000000e+00 -4.97930361e+01  3.14159235e+00 
 2.11348904e+03  2.11348904e+03  0.00000000e+00 -4.97930361e+01  3.14159234e+00 
 2.17520403e+03  2.17520403e+03  0.00000000e+00 -4.97930361e+01  3.14159234e+00 
 2.23872114e+03  2.23872114e+03  0.00000000e+00 -4.97930361e+01  3.14159233e+00 
 2.30409298e+03  2.30409298e+03  0.00000000e+00 -4.97930361e+01  3.14159232e+00 
 2.37137371e+03  2.37137371e+03  0.00000000e+00 -4.97930361e+01  3.14159231e+00 
 2.44061907e+03  2.44061907e+03  0.00000000e+00 -4.97930361e+01  3.14159230e+00 
 2.51188643e+03  2.51188643e+03  0.00000000e+00 -4.97930361e+01  3.14159229e+00 
 2.58523484e+03  2.58523484e+03  0.00000000e+00 -4.97930361e+01  3.14159228e+00 
 2.66072506e+03  2.66072506e+03  0.00000000e+00 -4.97930361e+01  3.14159226e+00 
 2.73841963e+03  2.73841963e+03  0.00000000e+00 -4.97930361e+01  3.14159225e+00 
 2.81838293e+03  2.81838293e+03  0.00000000e+00 -4.97930361e+01  3.14159224e+00 
 2.90068120e+03  2.90068120e+03  0.00000000e+00 -4.97930361e+01  3.14159223e+00 
 2.98538262e+03  2.98538262e+03  0.00000000e+00 -4.97930361e+01  3.14159222e+00 
 3.07255737e+03  3.07255737e+03  0.00000000e+00 -4.97930361e+01  3.14159220e+00 
 3.16227766e+03  3.16227766e+03  0.00000000e+00 -4.97930361e+01  3.14159219e+00 
 3.25461783e+03  3.25461783e+03  0.00000000e+00 -4.97930361e+01  3.14159218e+00 
 3.34965439e+03  3.34965439e+03  0.00000000e+00 -4.97930361e+01  3.14159216e+00 
 3.44746607e+03  3.44746607e+03  0.00000000e+00 -4.97930361e+01  3.14159215e+00 
 3.54813389e+03  3.54813389e+03  0.00000000e+00 -4.97930361e+01  3.14159213e+00 
 3.65174127e+03  3.65174127e+03  0.00000000e+00 -4.97930361e+01  3.14159212e+00 
 3.75837404e+03  3.75837404e+03  0.00000000e+00 -4.97930361e+01  3.14159210e+00 
 3.86812055e+03  3.86812055e+03  0.00000000e+00 -4.97930361e+01  3.14159209e+00 
 3.98107171e+03  3.98107171e+03  0.00000000e+00 -4.97930361e+01  3.14159207e+00 
 4.09732110e+03  4.09732110e+03  0.00000000e+00 -4.97930361e+01  3.14159205e+00 
 4.21696503e+03  4.21696503e+03  0.00000000e+00 -4.97930361e+01  3.14159204e+00 
 4.34010264e+03  4.34010264e+03  0.00000000e+00 -4.97930361e+01  3.14159202e+00 
 4.46683592e+03  4.46683592e+03  0.00000000e+00 -4.97930361e+01  3.14159200e+00 
 4.59726989e+03  4.59726989e+03  0.00000000e+00 -4.97930361e+01  3.14159198e+00 
 4.73151259e+03  4.73151259e+03  0.00000000e+00 -4.97930361e+01  3.14159196e+00 
 4.86967525e+03  4.86967525e+03  0.00000000e+00 -4.97930361e+01  3.14159194e+00 
 5.01187234e+03  5.01187234e+03  0.00000000e+00 -4.97930361e+01  3.14159192e+00 
 5.15822165e+03  5.15822165e+03  0.00000000e+00 -4.97930361e+01  3.14159190e+00 
 5.30884444e+03  5.30884444e+03  0.00000000e+00 -4.97930361e+01  3.14159188e+00 
 5.46386550e+03  5.46386550e+03  0.00000000e+00 -4.97930361e+01  3.14159185e+00 
 5.62341325e+03  5.62341325e+03  0.00000000e+00 -4.97930361e+01  3.14159183e+00 
 5.78761988e+03  5.78761988e+03  0.00000000e+00 -4.97930361e+01  3.14159181e+00 
 5.95662144e+03  5.95662144e+03  0.00000000e+00 -4.97930361e+01  3.14159178e+00 
 6.13055792e+03  6.13055792e+03  0.00000000e+00 -4.97930361e+01  3.14159176e+00 
 6.30957344e+03  6.30957344e+03  0.00000000e+00 -4.97930361e+01  3.14159173e+00 
 6.49381632e+03  6.49381632e+03  0.00000000e+00 -4.97930361e+01  3.14159170e+00 
 6.68343918e+03  6.68343918e+03  0.00000000e+00 -4.97930361e+01  3.14159168e+00 
 6.87859912e+03  6.87859912e+03  0.00000000e+00 -4.97930361e+01  3.14159165e+00 
 7.07945784e+03  7.07945784e+03  0.00000000e+00 -4.97930361e+01  3.14159162e+00 
 7.28618175e+03  7.28618175e+03  0.00000000e+00 -4.97930361e+01  3.14159159e+00 
 7.49894209e+03  7.49894209e+03  0.00000000e+00 -4.97930361e+01  3.14159156e+00 
 7.71791516e+03  7.71791516e+03  0.00000000e+00 -4.97930361e+01  3.14159152e+00 
 7.94328235e+03  7.94328235e+03  0.00000000e+00 -4.97930361e+01  3.14159149e+00 
 8.17523038e+03  8.17523038e+03  0.00000000e+00 -4.97930361e+01  3.14159146e+00 
 8.41395142e+03  8.41395142e+03  0.00000000e+00 -4.97930361e+01  3.14159142e+00 
 8.65964323e+03  8.65964323e+03  0.00000000e+00 -4.97930361e+01  3.14159139e+00 
 8.91250938e+03  8.91250938e+03  0.00000000e+00 -4.97930361e+01  3.14159135e+00 
 9.17275935e+03  9.17275935e+03  0.00000000e+00 -4.97930361e+01  3.14159131e+00 
 9.44060876e+03  9.44060876e+03  0.00000000e+00 -4.97930361e+01  3.14159127e+00 
 9.71627952e+03  9.71627952e+03  0.00000000e+00 -4.97930361e+01  3.14159123e+00 
 1.00000000e+04  1.00000000e+04  0.00000000e+00 -4.97930361e+01  3.14159119e+00 
 1.02920053e+04  1.02920053e+04  0.00000000e+00 -4.97930361e+01  3.14159115e+00 
 1.05925373e+04  1.05925373e+04  0.00000000e+00 -4.97930361e+01  3.14159110e+00 
 1.09018449e+04  1.09018449e+04  0.00000000e+00 -4.97930361e+01  3.14159106e+00 
 1.12201845e+04  1.12201845e+04  0.00000000e+00 -4.97930361e+01  3.14159101e+00 
 1.15478198e+04  1.15478198e+04  0.00000000e+00 -4.97930361e+01  3.14159096e+00 
 1.18850223e+04  1.18850223e+04  0.00000000e+00 -4.97930361e+01  3.14159091e+00 
 1.22320712e+04  1.22320712e+04  0.00000000e+00 -4.97930361e+01  3.14159086e+00 
 1.25892541e+04  1.25892541e+04  0.00000000e+00 -4.97930361e+01  3.14159081e+00 
 1.29568670e+04  1.29568670e+04  0.00000000e+00 -4.97930361e+01  3.14159076e+00 
 1.33352143e+04  1.33352143e+04  0.00000000e+00 -4.97930361e+01  3.14159070e+00 
 1.37246096e+04  1.37246096e+04  0.00000000e+00 -4.97930361e+01  3.14159065e+00 
 1.41253754e+04  1.41253754e+04  0.00000000e+00 -4.97930361e+01  3.14159059e+00 
 1.45378439e+04  1.45378439e+04  0.00000000e+00 -4.97930361e+01  3.14159053e+00 
 1.49623566e+04  1.49623566e+04  0.00000000e+00 -4.97930361e+01  3.14159046e+00 
 1.53992653e+04  1.53992653e+04  0.00000000e+00 -4.97930361e+01  3.14159040e+00 
 1.58489319e+04  1.58489319e+04  0.00000000e+00 -4.97930361e+01  3.14159033e+00 
 1.63117291e+04  1.63117291e+04  0.00000000e+00 -4.97930361e+01  3.14159027e+00 
 1.67880402e+04  1.67880402e+04  0.00000000e+00 -4.97930361e+01  3.14159020e+00 
 1.72782598e+04  1.72782598e+04  0.00000000e+00 -4.97930361e+01  3.14159013e+00 
 1.77827941e+04  1.77827941e+04  0.00000000e+00 -4.97930361e+01  3.14159005e+00 
 1.83020611e+04  1.83020611e+04  0.00000000e+00 -4.97930361e+01  3.14158998e+00 
 1.88364909e+04  1.88364909e+04  0.00000000e+00 -4.97930361e+01  3.14158990e+00 
 1.93865264e+04  1.93865264e+04  0.00000000e+00 -4.97930361e+01  3.14158982e+00 
 1.99526231e+04  1.99526231e+04  0.00000000e+00 -4.97930361e+01  3.14158973e+00 
 2.05352503e+04  2.05352503e+04  0.00000000e+00 -4.97930361e+01  3.14158965e+00 
 2.11348904e+04  2.11348904e+04  0.00000000e+00 -4.97930361e+01  3.14158956e+00 
 2.17520403e+04  2.17520403e+04  0.00000000e+00 -4.97930361e+01  3.14158947e+00 
 2.23872114e+04  2.23872114e+04  0.00000000e+00 -4.97930361e+01  3.14158938e+00 
 2.30409298e+04  2.30409298e+04  0.00000000e+00 -4.97930361e+01  3.14158928e+00 
 2.37137371e+04  2.37137371e+04  0.00000000e+00 -4.97930361e+01  3.14158918e+00 
 2.44061907e+04  2.44061907e+04  0.00000000e+00 -4.97930361e+01  3.14158908e+00 
 2.51188643e+04  2.51188643e+04  0.00000000e+00 -4.97930361e+01  3.14158898e+00 
 2.58523484e+04  2.58523484e+04  0.00000000e+00 -4.97930361e+01  3.14158887e+00 
 2.66072506e+04  2.66072506e+04  0.00000000e+00 -4.97930361e+01  3.14158876e+00 
 2.73841963e+04  2.73841963e+04  0.00000000e+00 -4.97930361e+01  3.14158865e+00 
 2.81838293e+04  2.81838293e+04  0.00000000e+00 -4.97930361e+01  3.14158853e+00 
 2.90068120e+04  2.90068120e+04  0.00000000e+00 -4.97930361e+01  3.14158841e+00 
 2.98538262e+04  2.98538262e+04  0.00000000e+00 -4.97930361e+01  3.14158829e+00 
 3.07255737e+04  3.07255737e+04  0.00000000e+00 -4.97930361e+01  3.14158816e+00 
 3.16227766e+04  3.16227766e+04  0.00000000e+00 -4.97930361e+01  3.14158803e+00 
 3.25461783e+04  3.25461783e+04  0.00000000e+00 -4.97930361e+01  3.14158789e+00 
 3.34965439e+04  3.34965439e+04  0.00000000e+00 -4.97930361e+01  3.14158775e+00 
 3.44746607e+04  3.44746607e+04  0.00000000e+00 -4.97930361e+01  3.14158761e+00 
 3.54813389e+04  3.54813389e+04  0.00000000e+00 -4.97930361e+01  3.14158746e+00 
 3.65174127e+04  3.65174127e+04  0.00000000e+00 -4.97930361e+01  3.14158731e+00 
 3.75837404e+04  3.75837404e+04  0.00000000e+00 -4.97930361e+01  3.14158715e+00 
 3.86812055e+04  3.86812055e+04  0.00000000e+00 -4.97930361e+01  3.14158699e+00 
 3.98107171e+04  3.98107171e+04  0.00000000e+00 -4.97930361e+01  3.14158683e+00 
 4.09732110e+04  4.09732110e+04  0.00000000e+00 -4.97930361e+01  3.14158666e+00 
 4.21696503e+04  4.21696503e+04  0.00000000e+00 -4.97930361e+01  3.14158648e+00 
 4.34010264e+04  4.34010264e+04  0.00000000e+00 -4.97930361e+01  3.14158630e+00 
 4.46683592e+04  4.46683592e+04  0.00000000e+00 -4.97930361e+01  3.14158612e+00 
 4.59726989e+04  4.59726989e+04  0.00000000e+00 -4.97930361e+01  3.14158593e+00 
 4.73151259e+04  4.73151259e+04  0.00000000e+00 -4.97930361e+01  3.14158573e+00 
 4.86967525e+04  4.86967525e+04  0.00000000e+00 -4.97930361e+01  3.14158553e+00 
 5.01187234e+04  5.01187234e+04  0.00000000e+00 -4.97930361e+01  3.14158532e+00 
 5.15822165e+04  5.15822165e+04  0.00000000e+00 -4.97930361e+01  3.14158511e+00 
 5.30884444e+04  5.30884444e+04  0.00000000e+00 -4.97930361e+01  3.14158489e+00 
 5.46386550e+04  5.46386550e+04  0.00000000e+00 -4.97930361e+01  3.14158466e+00 
 5.62341325e+04  5.62341325e+04  0.00000000e+00 -4.97930361e+01  3.14158443e+00 
 5.78761988e+04  5.78761988e+04  0.00000000e+00 -4.97930361e+01  3.14158419e+00 
 5.95662144e+04  5.95662144e+04  0.00000000e+00 -4.97930361e+01  3.14158394e+00 
 6.13055792e+04  6.13055792e+04  0.00000000e+00 -4.97930361e+01  3.14158368e+00 
 6.30957344e+04  6.30957344e+04  0.00000000e+00 -4.97930361e+01  3.14158342e+00 
 6.49381632e+04  6.49381632e+04  0.00000000e+00 -4.97930361e+01  3.14158315e+00 
 6.68343918e+04  6.68343918e+04  0.00000000e+00 -4.97930361e+01  3.14158287e+00 
 6.87859912e+04  6.87859912e+04  0.00000000e+00 -4.97930361e+01  3.14158259e+00 
 7.07945784e+04  7.07945784e+04  0.00000000e+00 -4.97930361e+01  3.14158229e+00 
 7.28618175e+04  7.28618175e+04  0.00000000e+00 -4.97930361e+01  3.14158199e+00 
 7.49894209e+04  7.49894209e+04  0.00000000e+00 -4.97930361e+01  3.14158168e+00 
 7.71791516e+04  7.71791516e+04  0.00000000e+00 -4.97930361e+01  3.14158136e+00 
 7.94328235e+04  7.94328235e+04  0.00000000e+00 -4.97930361e+01  3.14158103e+00 
 8.17523038e+04  8.17523038e+04  0.00000000e+00 -4.97930361e+01  3.14158069e+00 
 8.41395142e+04  8.41395142e+04  0.00000000e+00 -4.97930361e+01  3.14158034e+00 
 8.65964323e+04  8.65964323e+04  0.00000000e+00 -4.97930361e+01  3.14157998e+00 
 8.91250938e+04  8.91250938e+04  0.00000000e+00 -4.97930361e+01  3.14157961e+00 
 9.17275935e+04  9.17275935e+04  0.00000000e+00 -4.97930361e+01  3.14157923e+00 
 9.44060876e+04  9.44060876e+04  0.00000000e+00 -4.97930361e+01  3.14157884e+00 
 9.71627952e+04  9.71627952e+04  0.00000000e+00 -4.97930361e+01  3.14157844e+00 
 1.00000000e+05  1.00000000e+05  0.00000000e+00 -4.97930361e+01  3.14157802e+00 
 1.02920053e+05  1.02920053e+05  0.00000000e+00 -4.97930361e+01  3.14157759e+00 
 1.05925373e+05  1.05925373e+05  0.00000000e+00 -4.97930361e+01  3.14157715e+00 
 1.09018449e+05  1.09018449e+05  0.00000000e+00 -4.97930361e+01  3.14157670e+00 
 1.12201845e+05  1.12201845e+05  0.00000000e+00 -4.97930361e+01  3.14157624e+00 
 1.15478198e+05  1.15478198e+05  0.00000000e+00 -4.97930361e+01  3.14157576e+00 
 1.18850223e+05  1.18850223e+05  0.00000000e+00 -4.97930361e+01  3.14157526e+00 
 1.22320712e+05  1.22320712e+05  0.00000000e+00 -4.97930361e+01  3.14157476e+00 
 1.25892541e+05  1.25892541e+05  0.00000000e+00 -4.97930361e+01  3.14157423e+00 
 1.29568670e+05  1.29568670e+05  0.00000000e+00 -4.97930361e+01  3.14157369e+00 
 1.33352143e+05  1.33352143e+05  0.00000000e+00 -4.97930361e+01  3.14157314e+00 
 1.37246096e+05  1.37246096e+05  0.00000000e+00 -4.97930361e+01  3.14157257e+00 
 1.41253754e+05  1.41253754e+05  0.00000000e+00 -4.97930361e+01  3.14157199e+00 
 1.45378439e+05  1.45378439e+05  0.00000000e+00 -4.97930361e+01  3.14157138e+00 
 1.49623566e+05  1.49623566e+05  0.00000000e+00 -4.97930361e+01  3.14157076e+00 
 1.53992653e+05  1.53992653e+05  0.00000000e+00 -4.97930361e+01  3.14157012e+00 
 1.58489319e+05  1.58489319e+05  0.00000000e+00 -4.97930361e+01  3.14156946e+00 
 1.63117291e+05  1.63117291e+05  0.00000000e+00 -4.97930361e+01  3.14156879e+00 
 1.67880402e+05  1.67880402e+05  0.00000000e+00 -4.97930361e+01  3.14156809e+00 
 1.72782598e+05  1.72782598e+05  0.00000000e+00 -4.97930361e+01  3.14156737e+00 
 1.77827941e+05  1.77827941e+05  0.00000000e+00 -4.97930361e+01  3.14156663e+00 
 1.83020611e+05  1.83020611e+05  0.00000000e+00 -4.97930361e+01  3.14156587e+00 
 1.88364909e+05  1.88364909e+05  0.00000000e+00 -4.97930361e+01  3.14156509e+00 
 1.93865264e+05  1.93865264e+05  0.00000000e+00 -4.97930361e+01  3.14156429e+00 
 1.99526231e+05  1.99526231e+05  0.00000000e+00 -4.97930361e+01  3.14156346e+00 
 2.05352503e+05  2.05352503e+05  0.00000000e+00 -4.97930361e+01  3.14156261e+00 
 2.11348904e+05  2.11348904e+05  0.00000000e+00 -4.97930361e+01  3.14156173e+00 
 2.17520403e+05  2.17520403e+05  0.00000000e+00 -4.97930361e+01  3.14156083e+00 
 2.23872114e+05  2.23872114e+05  0.00000000e+00 -4.97930361e+01  3.14155990e+00 
 2.30409298e+05  2.30409298e+05  0.00000000e+00 -4.97930361e+01  3.14155894e+00 
 2.37137371e+05  2.37137371e+05  0.00000000e+00 -4.97930361e+01  3.14155796e+00 
 2.44061907e+05  2.44061907e+05  0.00000000e+00 -4.97930361e+01  3.14155694e+00 
 2.51188643e+05  2.51188643e+05  0.00000000e+00 -4.97930361e+01  3.14155590e+00 
 2.58523484e+05  2.58523484e+05  0.00000000e+00 -4.97930361e+01  3.14155483e+00 
 2.66072506e+05  2.66072506e+05  0.00000000e+00 -4.97930361e+01  3.14155372e+00 
 2.73841963e+05  2.73841963e+05  0.00000000e+00 -4.97930361e+01  3.14155258e+00 
 2.81838293e+05  2.81838293e+05  0.00000000e+00 -4.97930361e+01  3.14155141e+00 
 2.90068120e+05  2.90068120e+05  0.00000000e+00 -4.97930361e+01  3.14155021e+00 
 2.98538262e+05  2.98538262e+05  0.00000000e+00 -4.97930361e+01  3.14154897e+00 
 3.07255737e+05  3.07255737e+05  0.00000000e+00 -4.97930361e+01  3.14154770e+00 
 3.16227766e+05  3.16227766e+05  0.00000000e+00 -4.97930361e+01  3.14154638e+00 
 3.25461783e+05  3.25461783e+05  0.00000000e+00 -4.97930361e+01  3.14154503e+00 
 3.34965439e+05  3.34965439e+05  0.00000000e+00 -4.97930361e+01  3.14154364e+00 
 3.44746607e+05  3.44746607e+05  0.00000000e+00 -4.97930361e+01  3.14154221e+00 
 3.54813389e+05  3.54813389e+05  0.00000000e+00 -4.97930361e+01  3.14154074e+00 
 3.65174127e+05  3.65174127e+05  0.00000000e+00 -4.97930361e+01  3.14153922e+00 
 3.75837404e+05  3.75837404e+05  0.00000000e+00 -4.97930361e+01  3.14153766e+00 
 3.86812055e+05  3.86812055e+05  0.00000000e+00 -4.97930361e+01  3.14153605e+00 
 3.98107171e+05  3.98107171e+05  0.00000000e+00 -4.97930361e+01  3.14153440e+00 
 4.09732110e+05  4.09732110e+05  0.00000000e+00 -4.97930361e+01  3.14153270e+00 
 4.21696503e+05  4.21696503e+05  0.00000000e+00 -4.97930361e+01  3.14153095e+00 
 4.34010264e+05  4.34010264e+05  0.00000000e+00 -4.97930361e+01  3.14152915e+00 
 4.46683592e+05  4.46683592e+05  0.00000000e+00 -4.97930361e+01  3.14152729e+00 
 4.59726989e+05  4.59726989e+05  0.00000000e+00 -4.97930361e+01  3.14152539e+00 
 4.73151259e+05  4.73151259e+05  0.00000000e+00 -4.97930361e+01  3.14152342e+00 
 4.86967525e+05  4.86967525e+05  0.00000000e+00 -4.97930361e+01  3.14152140e+00 
 5.01187234e+05  5.01187234e+05  0.00000000e+00 -4.97930361e+01  3.14151932e+00 
 5.15822165e+05  5.15822165e+05  0.00000000e+00 -4.97930361e+01  3.14151718e+00 
 5.30884444e+05  5.30884444e+05  0.00000000e+00 -4.97930361e+01  3.14151497e+00 
 5.46386550e+05  5.46386550e+05  0.00000000e+00 -4.97930361e+01  3.14151271e+00 
 5.62341325e+05  5.62341325e+05  0.00000000e+00 -4.97930361e+01  3.14151037e+00 
 5.78761988e+05  5.78761988e+05  0.00000000e+00 -4.97930361e+01  3.14150797e+00 
 5.95662144e+05  5.95662144e+05  0.00000000e+00 -4.97930361e+01  3.14150550e+00 
 6.13055792e+05  6.13055792e+05  0.00000000e+00 -4.97930361e+01  3.14150295e+00 
 6.30957344e+05  6.30957344e+05  0.00000000e+00 -4.97930361e+01  3.14150033e+00 
 6.49381632e+05  6.49381632e+05  0.00000000e+00 -4.97930361e+01  3.14149764e+00 
 6.68343918e+05  6.68343918e+05  0.00000000e+00 -4.97930361e+01  3.14149486e+00 
 6.87859912e+05  6.87859912e+05  0.00000000e+00 -4.97930361e+01  3.14149200e+00 
 7.07945784e+05  7.07945784e+05  0.00000000e+00 -4.97930361e+01  3.14148907e+00 
 7.28618175e+05  7.28618175e+05  0.00000000e+00 -4.97930361e+01  3.14148604e+00 
 7.49894209e+05  7.49894209e+05  0.00000000e+00 -4.97930361e+01  3.14148293e+00 
 7.71791516e+05  7.71791516e+05  0.00000000e+00 -4.97930361e+01  3.14147972e+00 
 7.94328235e+05  7.94328235e+05  0.00000000e+00 -4.97930361e+01  3.14147643e+00 
 8.17523038e+05  8.17523038e+05  0.00000000e+00 -4.97930361e+01  3.14147303e+00 
 8.41395142e+05  8.41395142e+05  0.00000000e+00 -4.97930361e+01  3.14146954e+00 
 8.65964323e+05  8.65964323e+05  0.00000000e+00 -4.97930361e+01  3.14146594e+00 
 8.91250938e+05  8.91250938e+05  0.00000000e+00 -4.97930361e+01  3.14146224e+00 
 9.17275935e+05  9.17275935e+05  0.00000000e+00 -4.97930361e+01  3.14145844e+00 
 9.44060876e+05  9.44060876e+05  0.00000000e+00 -4.97930361e+01  3.14145452e+00 
 9.71627952e+05  9.71627952e+05  0.00000000e+00 -4.97930361e+01  3.14145048e+00 
 1.00000000e+06  1.00000000e+06  0.00000000e+00 -4.97930361e+01  3.14144633e+00 
 1.02920053e+06  1.02920053e+06  0.00000000e+00 -4.97930361e+01  3.14144206e+00 
 1.05925373e+06  1.05925373e+06  0.00000000e+00 -4.97930361e+01  3.14143766e+00 
 1.09018449e+06  1.09018449e+06  0.00000000e+00 -4.97930361e+01  3.14143314e+00 
 1.12201845e+06  1.12201845e+06  0.00000000e+00 -4.97930361e+01  3.14142848e+00 
 1.15478198e+06  1.15478198e+06  0.00000000e+00 -4.97930361e+01  3.14142368e+00 
 1.18850223e+06  1.18850223e+06  0.00000000e+00 -4.97930361e+01  3.14141875e+00 
 1.22320712e+06  1.22320712e+06  0.00000000e+00 -4.97930361e+01  3.14141367e+00 
 1.25892541e+06  1.25892541e+06  0.00000000e+00 -4.97930361e+01  3.14140845e+00 
 1.29568670e+06  1.29568670e+06  0.00000000e+00 -4.97930361e+01  3.14140307e+00 
 1.33352143e+06  1.33352143e+06  0.00000000e+00 -4.97930361e+01  3.14139753e+00 
 1.37246096e+06  1.37246096e+06  0.00000000e+00 -4.97930361e+01  3.14139183e+00 
 1.41253754e+06  1.41253754e+06  0.00000000e+00 -4.97930361e+01  3.14138597e+00 
 1.45378439e+06  1.45378439e+06  0.00000000e+00 -4.97930361e+01  3.14137993e+00 
 1.49623566e+06  1.49623566e+06  0.00000000e+00 -4.97930361e+01  3.14137372e+00 
 1.53992653e+06  1.53992653e+06  0.00000000e+00 -4.97930361e+01  3.14136733e+00 
 1.58489319e+06  1.58489319e+06  0.00000000e+00 -4.97930361e+01  3.14136075e+00 
 1.63117291e+06  1.63117291e+06  0.00000000e+00 -4.97930361e+01  3.14135398e+00 
 1.67880402e+06  1.67880402e+06  0.00000000e+00 -4.97930362e+01  3.14134701e+00 
 1.72782598e+06  1.72782598e+06  0.00000000e+00 -4.97930362e+01  3.14133984e+00 
 1.77827941e+06  1.77827941e+06  0.00000000e+00 -4.97930362e+01  3.14133245e+00 
 1.83020611e+06  1.83020611e+06  0.00000000e+00 -4.97930362e+01  3.14132486e+00 
 1.88364909e+06  1.88364909e+06  0.00000000e+00 -4.97930362e+01  3.14131704e+00 
 1.93865264e+06  1.93865264e+06  0.00000000e+00 -4.97930362e+01  3.14130899e+00 
 1.99526231e+06  1.99526231e+06  0.00000000e+00 -4.97930362e+01  3.14130070e+00 
 2.05352503e+06  2.05352503e+06  0.00000000e+00 -4.97930362e+01  3.14129218e+00 
 2.11348904e+06  2.11348904e+06  0.00000000e+00 -4.97930362e+01  3.14128340e+00 
 2.17520403e+06  2.17520403e+06  0.00000000e+00 -4.97930362e+01  3.14127437e+00 
 2.23872114e+06  2.23872114e+06  0.00000000e+00 -4.97930362e+01  3.14126508e+00 
 2.30409298e+06  2.30409298e+06  0.00000000e+00 -4.97930362e+01  3.14125552e+00 
 2.37137371e+06  2.37137371e+06  0.00000000e+00 -4.97930362e+01  3.14124567e+00 
 2.44061907e+06  2.44061907e+06  0.00000000e+00 -4.97930362e+01  3.14123554e+00 
 2.51188643e+06  2.51188643e+06  0.00000000e+00 -4.97930362e+01  3.14122511e+00 
 2.58523484e+06  2.58523484e+06  0.00000000e+00 -4.97930362e+01  3.14121438e+00 
 2.66072506e+06  2.66072506e+06  0.00000000e+00 -4.97930362e+01  3.14120333e+00 
 2.73841963e+06  2.73841963e+06  0.00000000e+00 -4.97930363e+01  3.14119196e+00 
 2.81838293e+06  2.81838293e+06  0.00000000e+00 -4.97930363e+01  3.14118026e+00 
 2.90068120e+06  2.90068120e+06  0.00000000e+00 -4.97930363e+01  3.14116822e+00 
 2.98538262e+06  2.98538262e+06  0.00000000e+00 -4.97930363e+01  3.14115583e+00 
 3.07255737e+06  3.07255737e+06  0.00000000e+00 -4.97930363e+01  3.14114307e+00 
 3.16227766e+06  3.16227766e+06  0.00000000e+00 -4.97930363e+01  3.14112994e+00 
 3.25461783e+06  3.25461783e+06  0.00000000e+00 -4.97930363e+01  3.14111643e+00 
 3.34965439e+06  3.34965439e+06  0.00000000e+00 -4.97930363e+01  3.14110253e+00 
 3.44746607e+06  3.44746607e+06  0.00000000e+00 -4.97930364e+01  3.14108822e+00 
 3.54813389e+06  3.54813389e+06  0.00000000e+00 -4.97930364e+01  3.14107349e+00 
 3.65174127e+06  3.65174127e+06  0.00000000e+00 -4.97930364e+01  3.14105833e+00 
 3.75837404e+06  3.75837404e+06  0.00000000e+00 -4.97930364e+01  3.14104272e+00 
 3.86812055e+06  3.86812055e+06  0.00000000e+00 -4.97930364e+01  3.14102666e+00 
 3.98107171e+06  3.98107171e+06  0.00000000e+00 -4.97930364e+01  3.14101014e+00 
 4.09732110e+06  4.09732110e+06  0.00000000e+00 -4.97930365e+01  3.14099313e+00 
 4.21696503e+06  4.21696503e+06  0.00000000e+00 -4.97930365e+01  3.14097562e+00 
 4.34010264e+06  4.34010264e+06  0.00000000e+00 -4.97930365e+01  3.14095760e+00 
 4.46683592e+06  4.46683592e+06  0.00000000e+00 -4.97930365e+01  3.14093906e+00 
 4.59726989e+06  4.59726989e+06  0.00000000e+00 -4.97930366e+01  3.14091997e+00 
 4.73151259e+06  4.73151259e+06  0.00000000e+00 -4.97930366e+01  3.14090033e+00 
 4.86967525e+06  4.86967525e+06  0.00000000e+00 -4.97930366e+01  3.14088012e+00 
 5.01187234e+06  5.01187234e+06  0.00000000e+00 -4.97930367e+01  3.14085931e+00 
 5.15822165e+06  5.15822165e+06  0.00000000e+00 -4.97930367e+01  3.14083790e+00 
 5.30884444e+06  5.30884444e+06  0.00000000e+00 -4.97930367e+01  3.14081586e+00 
 5.46386550e+06  5.46386550e+06  0.00000000e+00 -4.97930368e+01  3.14079317e+00 
 5.62341325e+06  5.62341325e+06  0.00000000e+00 -4.97930368e+01  3.14076983e+00 
 5.78761988e+06  5.78761988e+06  0.00000000e+00 -4.97930368e+01  3.14074580e+00 
 5.95662144e+06  5.95662144e+06  0.00000000e+00 -4.97930369e+01  3.14072107e+00 
 6.13055792e+06  6.13055792e+06  0.00000000e+00 -4.97930369e+01  3.14069562e+00 
 6.30957344e+06  6.30957344e+06  0.00000000e+00 -4.97930370e+01  3.14066943e+00 
 6.49381632e+06  6.49381632e+06  0.00000000e+00 -4.97930370e+01  3.14064247e+00 
 6.68343918e+06  6.68343918e+06  0.00000000e+00 -4.97930371e+01  3.14061472e+00 
 6.87859912e+06  6.87859912e+06  0.00000000e+00 -4.97930372e+01  3.14058617e+00 
 7.07945784e+06  7.07945784e+06  0.00000000e+00 -4.97930372e+01  3.14055678e+00 
 7.28618175e+06  7.28618175e+06  0.00000000e+00 -4.97930373e+01  3.14052653e+00 
 7.49894209e+06  7.49894209e+06  0.00000000e+00 -4.97930374e+01  3.14049540e+00 
 7.71791516e+06  7.71791516e+06  0.00000000e+00 -4.97930374e+01  3.14046336e+00 
 7.94328235e+06  7.94328235e+06  0.00000000e+00 -4.97930375e+01  3.14043038e+00 
 8.17523038e+06  8.17523038e+06  0.00000000e+00 -4.97930376e+01  3.14039644e+00 
 8.41395142e+06  8.41395142e+06  0.00000000e+00 -4.97930377e+01  3.14036151e+00 
 8.65964323e+06  8.65964323e+06  0.00000000e+00 -4.97930378e+01  3.14032556e+00 
 8.91250938e+06  8.91250938e+06  0.00000000e+00 -4.97930379e+01  3.14028856e+00 
 9.17275935e+06  9.17275935e+06  0.00000000e+00 -4.97930380e+01  3.14025048e+00 
 9.44060876e+06  9.44060876e+06  0.00000000e+00 -4.97930381e+01  3.14021129e+00 
 9.71627952e+06  9.71627952e+06  0.00000000e+00 -4.97930382e+01  3.14017095e+00 
 1.00000000e+07  1.00000000e+07  0.00000000e+00 -4.97930384e+01  3.14012944e+00 
 1.02920053e+07  1.02920053e+07  0.00000000e+00 -4.97930385e+01  3.14008671e+00 
 1.05925373e+07  1.05925373e+07  0.00000000e+00 -4.97930386e+01  3.14004274e+00 
 1.09018449e+07  1.09018449e+07  0.00000000e+00 -4.97930388e+01  3.13999748e+00 
 1.12201845e+07  1.12201845e+07  0.00000000e+00 -4.97930389e+01  3.13995090e+00 
 1.15478198e+07  1.15478198e+07  0.00000000e+00 -4.97930391e+01  3.13990296e+00 
 1.18850223e+07  1.18850223e+07  0.00000000e+00 -4.97930393e+01  3.13985362e+00 
 1.22320712e+07  1.22320712e+07  0.00000000e+00 -4.97930395e+01  3.13980284e+00 
 1.25892541e+07  1.25892541e+07  0.00000000e+00 -4.97930397e+01  3.13975058e+00 
 1.29568670e+07  1.29568670e+07  0.00000000e+00 -4.97930399e+01  3.13969679e+00 
 1.33352143e+07  1.33352143e+07  0.00000000e+00 -4.97930401e+01  3.13964143e+00 
 1.37246096e+07  1.37246096e+07  0.00000000e+00 -4.97930404e+01  3.13958445e+00 
 1.41253754e+07  1.41253754e+07  0.00000000e+00 -4.97930406e+01  3.13952581e+00 
 1.45378439e+07  1.45378439e+07  0.00000000e+00 -4.97930409e+01  3.13946546e+00 
 1.49623566e+07  1.49623566e+07  0.00000000e+00 -4.97930412e+01  3.13940334e+00 
 1.53992653e+07  1.53992653e+07  0.00000000e+00 -4.97930415e+01  3.13933941e+00 
 1.58489319e+07  1.58489319e+07  0.00000000e+00 -4.97930418e+01  3.13927362e+00 
 1.63117291e+07  1.63117291e+07  0.00000000e+00 -4.97930421e+01  3.13920590e+00 
 1.67880402e+07  1.67880402e+07  0.00000000e+00 -4.97930425e+01  3.13913621e+00 
 1.72782598e+07  1.72782598e+07  0.00000000e+00 -4.97930429e+01  3.13906448e+00 
 1.77827941e+07  1.77827941e+07  0.00000000e+00 -4.97930433e+01  3.13899065e+00 
 1.83020611e+07  1.83020611e+07  0.00000000e+00 -4.97930437e+01  3.13891467e+00 
 1.88364909e+07  1.88364909e+07  0.00000000e+00 -4.97930441e+01  3.13883647e+00 
 1.93865264e+07  1.93865264e+07  0.00000000e+00 -4.97930446e+01  3.13875599e+00 
 1.99526231e+07  1.99526231e+07  0.00000000e+00 -4.97930451e+01  3.13867316e+00 
 2.05352503e+07  2.05352503e+07  0.00000000e+00 -4.97930456e+01  3.13858791e+00 
 2.11348904e+07  2.11348904e+07  0.00000000e+00 -4.97930462e+01  3.13850017e+00 
 2.17520403e+07  2.17520403e+07  0.00000000e+00 -4.97930468e+01  3.13840987e+00 
 2.23872114e+07  2.23872114e+07  0.00000000e+00 -4.97930474e+01  3.13831693e+00 
 2.30409298e+07  2.30409298e+07  0.00000000e+00 -4.97930481e+01  3.13822128e+00 
 2.37137371e+07  2.37137371e+07  0.00000000e+00 -4.97930488e+01  3.13812283e+00 
 2.44061907e+07  2.44061907e+07  0.00000000e+00 -4.97930496e+01  3.13802151e+00 
 2.51188643e+07  2.51188643e+07  0.00000000e+00 -4.97930504e+01  3.13791723e+00 
 2.58523484e+07  2.58523484e+07  0.00000000e+00 -4.97930512e+01  3.13780991e+00 
 2.66072506e+07  2.66072506e+07  0.00000000e+00 -4.97930521e+01  3.13769945e+00 
 2.73841963e+07  2.73841963e+07  0.00000000e+00 -4.97930531e+01  3.13758576e+00 
 2.81838293e+07  2.81838293e+07  0.00000000e+00 -4.97930541e+01  3.13746876e+00 
 2.90068120e+07  2.90068120e+07  0.00000000e+00 -4.97930551e+01  3.13734834e+00 
 2.98538262e+07  2.98538262e+07  0.00000000e+00 -4.97930563e+01  3.13722441e+00 
 3.07255737e+07  3.07255737e+07  0.00000000e+00 -4.97930575e+01  3.13709685e+00 
 3.16227766e+07  3.16227766e+07  0.00000000e+00 -4.97930587e+01  3.13696557e+00 
 3.25461783e+07  3.25461783e+07  0.00000000e+00 -4.97930601e+01  3.13683046e+00 
 3.34965439e+07  3.34965439e+07  0.00000000e+00 -4.97930615e+01  3.13669140e+00 
 3.44746607e+07  3.44746607e+07  0.00000000e+00 -4.97930630e+01  3.13654828e+00 
 3.54813389e+07  3.54813389e+07  0.00000000e+00 -4.97930646e+01  3.13640099e+00 
 3.65174127e+07  3.65174127e+07  0.00000000e+00 -4.97930663e+01  3.13624939e+00 
 3.75837404e+07  3.75837404e+07  0.00000000e+00 -4.97930681e+01  3.13609336e+00 
 3.86812055e+07  3.86812055e+07  0.00000000e+00 -4.97930700e+01  3.13593278e+00 
 3.98107171e+07  3.98107171e+07  0.00000000e+00 -4.97930720e+01  3.13576751e+00 
 4.09732110e+07  4.09732110e+07  0.00000000e+00 -4.97930741e+01  3.13559741e+00 
 4.21696503e+07  4.21696503e+07  0.00000000e+00 -4.97930764e+01  3.13542235e+00 
 4.34010264e+07  4.34010264e+07  0.00000000e+00 -4.97930788e+01  3.13524218e+00 
 4.46683592e+07  4.46683592e+07  0.00000000e+00 -4.97930813e+01  3.13505674e+00 
 4.59726989e+07  4.59726989e+07  0.00000000e+00 -4.97930840e+01  3.13486589e+00 
 4.73151259e+07  4.73151259e+07  0.00000000e+00 -4.97930868e+01  3.13466947e+00 
 4.86967525e+07  4.86967525e+07  0.00000000e+00 -4.97930898e+01  3.13446731e+00 
 5.01187234e+07  5.01187234e+07  0.00000000e+00 -4.97930930e+01  3.13425924e+00 
 5.15822165e+07  5.15822165e+07  0.00000000e+00 -4.97930964e+01  3.13404511e+00 
 5.30884444e+07  5.30884444e+07  0.00000000e+00 -4.97930999e+01  3.13382472e+00 
 5.46386550e+07  5.46386550e+07  0.00000000e+00 -4.97931037e+01  3.13359789e+00 
 5.62341325e+07  5.62341325e+07  0.00000000e+00 -4.97931077e+01  3.13336444e+00 
 5.78761988e+07  5.78761988e+07  0.00000000e+00 -4.97931120e+01  3.13312418e+00 
 5.95662144e+07  5.95662144e+07  0.00000000e+00 -4.97931165e+01  3.13287690e+00 
 6.13055792e+07  6.13055792e+07  0.00000000e+00 -4.97931212e+01  3.13262240e+00 
 6.30957344e+07  6.30957344e+07  0.00000000e+00 -4.97931263e+01  3.13236046e+00 
 6.49381632e+07  6.49381632e+07  0.00000000e+00 -4.97931316e+01  3.13209088e+00 
 6.68343918e+07  6.68343918e+07  0.00000000e+00 -4.97931373e+01  3.13181343e+00 
 6.87859912e+07  6.87859912e+07  0.00000000e+00 -4.97931433e+01  3.13152788e+00 
 7.07945784e+07  7.07945784e+07  0.00000000e+00 -4.97931496e+01  3.13123399e+00 
 7.28618175e+07  7.28618175e+07  0.00000000e+00 -4.97931563e+01  3.13093151e+00 
 7.49894209e+07  7.49894209e+07  0.00000000e+00 -4.97931635e+01  3.13062021e+00 
 7.71791516e+07  7.71791516e+07  0.00000000e+00 -4.97931710e+01  3.13029981e+00 
 7.94328235e+07  7.94328235e+07  0.00000000e+00 -4.97931790e+01  3.12997006e+00 
 8.17523038e+07  8.17523038e+07  0.00000000e+00 -4.97931875e+01  3.12963069e+00 
 8.41395142e+07  8.41395142e+07  0.00000000e+00 -4.97931964e+01  3.12928140e+00 
 8.65964323e+07  8.65964323e+07  0.00000000e+00 -4.97932059e+01  3.12892191e+00 
 8.91250938e+07  8.91250938e+07  0.00000000e+00 -4.97932160e+01  3.12855193e+00 
 9.17275935e+07  9.17275935e+07  0.00000000e+00 -4.97932267e+01  3.12817115e+00 
 9.44060876e+07  9.44060876e+07  0.00000000e+00 -4.97932380e+01  3.12777924e+00 
 9.71627952e+07  9.71627952e+07  0.00000000e+00 -4.97932499e+01  3.12737590e+00 
 1.00000000e+08  1.00000000e+08  0.00000000e+00 -4.97932626e+01  3.12696078e+00 
 1.02920053e+08  1.02920053e+08  0.00000000e+00 -4.97932760e+01  3.12653354e+00 
 1.05925373e+08  1.05925373e+08  0.00000000e+00 -4.97932902e+01  3.12609382e+00 
 1.09018449e+08  1.09018449e+08  0.00000000e+00 -4.97933053e+01  3.12564126e+00 
 1.12201845e+08  1.12201845e+08  0.00000000e+00 -4.97933212e+01  3.12517550e+00 
 1.15478198e+08  1.15478198e+08  0.00000000e+00 -4.97933381e+01  3.12469613e+00 
 1.18850223e+08  1.18850223e+08  0.00000000e+00 -4.97933560e+01  3.12420277e+00 
 1.22320712e+08  1.22320712e+08  0.00000000e+00 -4.97933750e+01  3.12369500e+00 
 1.25892541e+08  1.25892541e+08  0.00000000e+00 -4.97933951e+01  3.12317241e+00 
 1.29568670e+08  1.29568670e+08  0.00000000e+00 -4.97934163e+01  3.12263456e+00 
 1.33352143e+08  1.33352143e+08  0.00000000e+00 -4.97934389e+01  3.12208101e+00 
 1.37246096e+08  1.37246096e+08  0.00000000e+00 -4.97934627e+01  3.12151130e+00 
 1.41253754e+08  1.41253754e+08  0.00000000e+00 -4.97934880e+01  3.12092495e+00 
 1.45378439e+08  1.45378439e+08  0.00000000e+00 -4.97935148e+01  3.12032149e+00 
 1.49623566e+08  1.49623566e+08  0.00000000e+00 -4.97935431e+01  3.11970041e+00 
 1.53992653e+08  1.53992653e+08  0.00000000e+00 -4.97935732e+01  3.11906120e+00 
 1.58489319e+08  1.58489319e+08  0.00000000e+00 -4.97936050e+01  3.11840333e+00 
 1.63117291e+08  1.63117291e+08  0.00000000e+00 -4.97936387e+01  3.11772625e+00 
 1.67880402e+08  1.67880402e+08  0.00000000e+00 -4.97936744e+01  3.11702941e+00 
 1.72782598e+08  1.72782598e+08  0.00000000e+00 -4.97937122e+01  3.11631223e+00 
 1.77827941e+08  1.77827941e+08  0.00000000e+00 -4.97937523e+01  3.11557411e+00 
 1.83020611e+08  1.83020611e+08  0.00000000e+00 -4.97937947e+01  3.11481444e+00 
 1.88364909e+08  1.88364909e+08  0.00000000e+00 -4.97938397e+01  3.11403260e+00 
 1.93865264e+08  1.93865264e+08  0.00000000e+00 -4.97938873e+01  3.11322794e+00 
 1.99526231e+08  1.99526231e+08  0.00000000e+00 -4.97939377e+01  3.11239980e+00 
 2.05352503e+08  2.05352503e+08  0.00000000e+00 -4.97939911e+01  3.11154748e+00 
 2.11348904e+08  2.11348904e+08  0.00000000e+00 -4.97940477e+01  3.11067028e+00 
 2.17520403e+08  2.17520403e+08  0.00000000e+00 -4.97941076e+01  3.10976749e+00 
 2.23872114e+08  2.23872114e+08  0.00000000e+00 -4.97941711e+01  3.10883834e+00 
 2.30409298e+08  2.30409298e+08  0.00000000e+00 -4.97942383e+01  3.10788208e+00 
 2.37137371e+08  2.37137371e+08  0.00000000e+00 -4.97943095e+01  3.10689791e+00 
 2.44061907e+08  2.44061907e+08  0.00000000e+00 -4.97943850e+01  3.10588502e+00 
 2.51188643e+08  2.51188643e+08  0.00000000e+00 -4.97944649e+01  3.10484257e+00 
 2.58523484e+08  2.58523484e+08  0.00000000e+00 -4.97945495e+01  3.10376971e+00 
 2.66072506e+08  2.66072506e+08  0.00000000e+00 -4.97946392e+01  3.10266554e+00 
 2.73841963e+08  2.73841963e+08  0.00000000e+00 -4.97947341e+01  3.10152915e+00 
 2.81838293e+08  2.81838293e+08  0.00000000e+00 -4.97948347e+01  3.10035960e+00 
 2.90068120e+08  2.90068120e+08  0.00000000e+00 -4.97949412e+01  3.09915594e+00 
 2.98538262e+08  2.98538262e+08  0.00000000e+00 -4.97950541e+01  3.09791716e+00 
 3.07255737e+08  3.07255737e+08  0.00000000e+00 -4.97951736e+01  3.09664224e+00 
 3.16227766e+08  3.16227766e+08  0.00000000e+00 -4.97953002e+01  3.09533013e+00 
 3.25461783e+08  3.25461783e+08  0.00000000e+00 -4.97954343e+01  3.09397975e+00 
 3.34965439e+08  3.34965439e+08  0.00000000e+00 -4.97955763e+01  3.09258999e+00 
 3.44746607e+08  3.44746607e+08  0.00000000e+00 -4.97957267e+01  3.09115969e+00 
 3.54813389e+08  3.54813389e+08  0.00000000e+00 -4.97958860e+01  3.08968768e+00 
 3.65174127e+08  3.65174127e+08  0.00000000e+00 -4.97960548e+01  3.08817275e+00 
 3.75837404e+08  3.75837404e+08  0.00000000e+00 -4.97962336e+01  3.08661365e+00 
 3.86812055e+08  3.86812055e+08  0.00000000e+00 -4.97964229e+01  3.08500909e+00 
 3.98107171e+08  3.98107171e+08  0.00000000e+00 -4.97966234e+01  3.08335775e+00 
 4.09732110e+08  4.09732110e+08  0.00000000e+00 -4.97968358e+01  3.08165828e+00 
 4.21696503e+08  4.21696503e+08  0.00000000e+00 -4.97970608e+01  3.07990927e+00 
 4.34010264e+08  4.34010264e+08  0.00000000e+00 -4.97972990e+01  3.07810929e+00 
 4.46683592e+08  4.46683592e+08  0.00000000e+00 -4.97975514e+01  3.07625686e+00 
 4.59726989e+08  4.59726989e+08  0.00000000e+00 -4.97978186e+01  3.07435046e+00 
 4.73151259e+08  4.73151259e+08  0.00000000e+00 -4.97981017e+01  3.07238852e+00 
 4.86967525e+08  4.86967525e+08  0.00000000e+00 -4.97984015e+01  3.07036943e+00 
 5.01187234e+08  5.01187234e+08  0.00000000e+00 -4.97987191e+01  3.06829154e+00 
 5.15822165e+08  5.15822165e+08  0.00000000e+00 -4.97990554e+01  3.06615313e+00 
 5.30884444e+08  5.30884444e+08  0.00000000e+00 -4.97994115e+01  3.06395247e+00 
 5.46386550e+08  5.46386550e+08  0.00000000e+00 -4.97997888e+01  3.06168775e+00 
 5.62341325e+08  5.62341325e+08  0.00000000e+00 -4.98001883e+01  3.05935711e+00 
 5.78761988e+08  5.78761988e+08  0.00000000e+00 -4.98006114e+01  3.05695865e+00 
 5.95662144e+08  5.95662144e+08  0.00000000e+00 -4.98010595e+01  3.05449042e+00 
 6.13055792e+08  6.13055792e+08  0.00000000e+00 -4.98015340e+01  3.05195039e+00 
 6.30957344e+08  6.30957344e+08  0.00000000e+00 -4.98020366e+01  3.04933650e+00 
 6.49381632e+08  6.49381632e+08  0.00000000e+00 -4.98025688e+01  3.04664661e+00 
 6.68343918e+08  6.68343918e+08  0.00000000e+00 -4.98031324e+01  3.04387855e+00 
 6.87859912e+08  6.87859912e+08  0.00000000e+00 -4.98037293e+01  3.04103005e+00 
 7.07945784e+08  7.07945784e+08  0.00000000e+00 -4.98043614e+01  3.03809880e+00 
 7.28618175e+08  7.28618175e+08  0.00000000e+00 -4.98050307e+01  3.03508243e+00 
 7.49894209e+08  7.49894209e+08  0.00000000e+00 -4.98057395e+01  3.03197850e+00 
 7.71791516e+08  7.71791516e+08  0.00000000e+00 -4.98064901e+01  3.02878448e+00 
 7.94328235e+08  7.94328235e+08  0.00000000e+00 -4.98072848e+01  3.02549781e+00 
 8.17523038e+08  8.17523038e+08  0.00000000e+00 -4.98081264e+01  3.02211584e+00 
 8.41395142e+08  8.41395142e+08  0.00000000e+00 -4.98090175e+01  3.01863582e+00 
 8.65964323e+08  8.65964323e+08  0.00000000e+00 -4.98099610e+01  3.01505498e+00 
 8.91250938e+08  8.91250938e+08  0.00000000e+00 -4.98109600e+01  3.01137044e+00 
 9.17275935e+08  9.17275935e+08  0.00000000e+00 -4.98120178e+01  3.00757924e+00 
 9.44060876e+08  9.44060876e+08  0.00000000e+00 -4.98131376e+01  3.00367836e+00 
 9.71627952e+08  9.71627952e+08  0.00000000e+00 -4.98143233e+01  2.99966467e+00 
 1.00000000e+09  1.00000000e+09  0.00000000e+00 -4.98155786e+01  2.99553500e+00 
 1.02920053e+09  1.02920053e+09  0.00000000e+00 -4.98169075e+01  2.99128606e+00 
 1.05925373e+09  1.05925373e+09  0.00000000e+00 -4.98183143e+01  2.98691448e+00 
 1.09018449e+09  1.09018449e+09  0.00000000e+00 -4.98198035e+01  2.98241681e+00 
 1.12201845e+09  1.12201845e+09  0.00000000e+00 -4.98213800e+01  2.97778951e+00 
 1.15478198e+09  1.15478198e+09  0.00000000e+00 -4.98230487e+01  2.97302895e+00 
 1.18850223e+09  1.18850223e+09  0.00000000e+00 -4.98248149e+01  2.96813140e+00 
 1.22320712e+09  1.22320712e+09  0.00000000e+00 -4.98266844e+01  2.96309304e+00 
 1.25892541e+09  1.25892541e+09  0.00000000e+00 -4.98286630e+01  2.95790995e+00 
 1.29568670e+09  1.29568670e+09  0.00000000e+00 -4.98307569e+01  2.95257812e+00 
 1.33352143e+09  1.33352143e+09  0.00000000e+00 -4.98329729e+01  2.94709345e+00 
 1.37246096e+09  1.37246096e+09  0.00000000e+00 -4.98353180e+01  2.94145171e+00 
 1.41253754e+09  1.41253754e+09  0.00000000e+00 -4.98377993e+01  2.93564860e+00 
 1.45378439e+09  1.45378439e+09  0.00000000e+00 -4.98404248e+01  2.92967970e+00 
 1.49623566e+09  1.49623566e+09  0.00000000e+00 -4.98432027e+01  2.92354049e+00 
 1.53992653e+09  1.53992653e+09  0.00000000e+00 -4.98461415e+01  2.91722637e+00 
 1.58489319e+09  1.58489319e+09  0.00000000e+00 -4.98492504e+01  2.91073259e+00 
 1.63117291e+09  1.63117291e+09  0.00000000e+00 -4.98525389e+01  2.90405434e+00 
 1.67880402e+09  1.67880402e+09  0.00000000e+00 -4.98560172e+01  2.89718667e+00 
 1.72782598e+09  1.72782598e+09  0.00000000e+00 -4.98596960e+01  2.89012456e+00 
 1.77827941e+09  1.77827941e+09  0.00000000e+00 -4.98635863e+01  2.88286285e+00 
 1.83020611e+09  1.83020611e+09  0.00000000e+00 -4.98677000e+01  2.87539630e+00 
 1.88364909e+09  1.88364909e+09  0.00000000e+00 -4.98720495e+01  2.86771956e+00 
 1.93865264e+09  1.93865264e+09  0.00000000e+00 -4.98766478e+01  2.85982717e+00 
 1.99526231e+09  1.99526231e+09  0.00000000e+00 -4.98815085e+01  2.85171359e+00 
 2.05352503e+09  2.05352503e+09  0.00000000e+00 -4.98866462e+01  2.84337315e+00 
 2.11348904e+09  2.11348904e+09  0.00000000e+00 -4.98920757e+01  2.83480011e+00 
 2.17520403e+09  2.17520403e+09  0.00000000e+00 -4.98978131e+01  2.82598863e+00 
 2.23872114e+09  2.23872114e+09  0.00000000e+00 -4.99038749e+01  2.81693276e+00 
 2.30409298e+09  2.30409298e+09  0.00000000e+00 -4.99102784e+01  2.80762650e+00 
 2.37137371e+09  2.37137371e+09  0.00000000e+00 -4.99170420e+01  2.79806373e+00 
 2.44061907e+09  2.44061907e+09  0.00000000e+00 -4.99241846e+01  2.78823827e+00 
 2.51188643e+09  2.51188643e+09  0.00000000e+00 -4.99317263e+01  2.77814387e+00 
 2.58523484e+09  2.58523484e+09  0.00000000e+00 -4.99396878e+01  2.76777420e+00 
 2.66072506e+09  2.66072506e+09  0.00000000e+00 -4.99480910e+01  2.75712289e+00 
 2.73841963e+09  2.73841963e+09  0.00000000e+00 -4.99569585e+01  2.74618351e+00 
 2.81838293e+09  2.81838293e+09  0.00000000e+00 -4.99663140e+01  2.73494957e+00 
 2.90068120e+09  2.90068120e+09  0.00000000e+00 -4.99761821e+01  2.72341458e+00 
 2.98538262e+09  2.98538262e+09  0.00000000e+00 -4.99865884e+01  2.71157200e+00 
 3.07255737e+09  3.07255737e+09  0.00000000e+00 -4.99975597e+01  2.69941528e+00 
 3.16227766e+09  3.16227766e+09  0.00000000e+00 -5.00091234e+01  2.68693789e+00 
 3.25461783e+09  3.25461783e+09  0.00000000e+00 -5.00213083e+01  2.67413329e+00 
 3.34965439e+09  3.34965439e+09  0.00000000e+00 -5.00341439e+01  2.66099500e+00 
 3.44746607e+09  3.44746607e+09  0.00000000e+00 -5.00476610e+01  2.64751654e+00 
 3.54813389e+09  3.54813389e+09  0.00000000e+00 -5.00618912e+01  2.63369153e+00 
 3.65174127e+09  3.65174127e+09  0.00000000e+00 -5.00768669e+01  2.61951365e+00 
 3.75837404e+09  3.75837404e+09  0.00000000e+00 -5.00926217e+01  2.60497668e+00 
 3.86812055e+09  3.86812055e+09  0.00000000e+00 -5.01091900e+01  2.59007453e+00 
 3.98107171e+09  3.98107171e+09  0.00000000e+00 -5.01266070e+01  2.57480124e+00 
 4.09732110e+09  4.09732110e+09  0.00000000e+00 -5.01449088e+01  2.55915100e+00 
 4.21696503e+09  4.21696503e+09  0.00000000e+00 -5.01641320e+01  2.54311822e+00 
 4.34010264e+09  4.34010264e+09  0.00000000e+00 -5.01843141e+01  2.52669749e+00 
 4.46683592e+09  4.46683592e+09  0.00000000e+00 -5.02054929e+01  2.50988366e+00 
 4.59726989e+09  4.59726989e+09  0.00000000e+00 -5.02277068e+01  2.49267183e+00 
 4.73151259e+09  4.73151259e+09  0.00000000e+00 -5.02509944e+01  2.47505742e+00 
 4.86967525e+09  4.86967525e+09  0.00000000e+00 -5.02753947e+01  2.45703613e+00 
 5.01187234e+09  5.01187234e+09  0.00000000e+00 -5.03009466e+01  2.43860407e+00 
 5.15822165e+09  5.15822165e+09  0.00000000e+00 -5.03276888e+01  2.41975769e+00 
 5.30884444e+09  5.30884444e+09  0.00000000e+00 -5.03556598e+01  2.40049387e+00 
 5.46386550e+09  5.46386550e+09  0.00000000e+00 -5.03848978e+01  2.38080994e+00 
 5.62341325e+09  5.62341325e+09  0.00000000e+00 -5.04154400e+01  2.36070371e+00 
 5.78761988e+09  5.78761988e+09  0.00000000e+00 -5.04473228e+01  2.34017349e+00 
 5.95662144e+09  5.95662144e+09  0.00000000e+00 -5.04805817e+01  2.31921815e+00 
 6.13055792e+09  6.13055792e+09  0.00000000e+00 -5.05152504e+01  2.29783713e+00 
 6.30957344e+09  6.30957344e+09  0.00000000e+00 -5.05513614e+01  2.27603045e+00 
 6.49381632e+09  6.49381632e+09  0.00000000e+00 -5.05889450e+01  2.25379879e+00 
 6.68343918e+09  6.68343918e+09  0.00000000e+00 -5.06280294e+01  2.23114348e+00 
 6.87859912e+09  6.87859912e+09  0.00000000e+00 -5.06686404e+01  2.20806653e+00 
 7.07945784e+09  7.07945784e+09  0.00000000e+00 -5.07108012e+01  2.18457067e+00 
 7.28618175e+09  7.28618175e+09  0.00000000e+00 -5.07545316e+01  2.16065936e+00 
 7.49894209e+09  7.49894209e+09  0.00000000e+00 -5.07998485e+01  2.13633681e+00 
 7.71791516e+09  7.71791516e+09  0.00000000e+00 -5.08467651e+01  2.11160800e+00 
 7.94328235e+09  7.94328235e+09  0.00000000e+00 -5.08952908e+01  2.08647870e+00 
 8.17523038e+09  8.17523038e+09  0.00000000e+00 -5.09454309e+01  2.06095546e+00 
 8.41395142e+09  8.41395142e+09  0.00000000e+00 -5.09971865e+01  2.03504564e+00 
 8.65964323e+09  8.65964323e+09  0.00000000e+00 -5.10505543e+01  2.00875742e+00 
 8.91250938e+09  8.91250938e+09  0.00000000e+00 -5.11055260e+01  1.98209977e+00 
 9.17275935e+09  9.17275935e+09  0.00000000e+00 -5.11620890e+01  1.95508245e+00 
 9.44060876e+09  9.44060876e+09  0.00000000e+00 -5.12202255e+01  1.92771604e+00 
 9.71627952e+09  9.71627952e+09  0.00000000e+00 -5.12799127e+01  1.90001189e+00 
 1.00000000e+10  1.00000000e+10  0.00000000e+00 -5.13411231e+01  1.87198212e+00 
