 v-sweep         v(in)           v(out)          v(src)         
 0.00000000e+00  0.00000000e+00  1.79999999e+00 -1.51572480e-28 
 5.00000000e-03  5.00000000e-03  1.79999999e+00 -4.68812577e-38 
 1.00000000e-02  1.00000000e-02  1.79999999e+00 -1.45003389e-47 
 1.50000000e-02  1.50000000e-02  1.79999999e+00 -4.48494425e-57 
 2.00000000e-02  2.00000000e-02  1.79999999e+00 -1.38718999e-66 
 2.50000000e-02  2.50000000e-02  1.79999999e+00 -4.29056854e-76 
 3.00000000e-02  3.00000000e-02  1.79999999e+00 -1.32706972e-85 
 3.50000000e-02  3.50000000e-02  1.79999999e+00 -4.10461699e-95 
 4.00000000e-02  4.00000000e-02  1.79999999e+00 -1.26955504e-104 
 4.50000000e-02  4.50000000e-02  1.79999999e+00 -3.92672451e-114 
 5.00000000e-02  5.00000000e-02  1.79999999e+00 -1.21453303e-123 
 5.50000000e-02  5.50000000e-02  1.79999999e+00 -3.75654181e-133 
 6.00000000e-02  6.00000000e-02  1.79999999e+00 -1.16189565e-142 
 6.50000000e-02  6.50000000e-02  1.79999999e+00 -3.59373477e-152 
 7.00000000e-02  7.00000000e-02  1.79999999e+00 -1.11153955e-161 
 7.50000000e-02  7.50000000e-02  1.79999999e+00 -3.43798373e-171 
 8.00000000e-02  8.00000000e-02  1.79999999e+00 -1.06336586e-180 
 8.50000000e-02  8.50000000e-02  1.79999999e+00 -3.28898287e-190 
 9.00000000e-02  9.00000000e-02  1.79999999e+00 -1.01728001e-199 
 9.50000000e-02  9.50000000e-02  1.79999999e+00 -3.14643965e-209 
 1.00000000e-01  1.00000000e-01  1.79999999e+00 -9.73191491e-219 
 1.05000000e-01  1.05000000e-01  1.79999999e+00 -3.01007419e-228 
 1.10000000e-01  1.10000000e-01  1.79999999e+00 -9.31013755e-238 
 1.15000000e-01  1.15000000e-01  1.79999999e+00 -2.87961876e-247 
 1.20000000e-01  1.20000000e-01  1.79999999e+00 -8.90663986e-257 
 1.25000000e-01  1.25000000e-01  1.79999999e+00 -2.75481722e-266 
 1.30000000e-01  1.30000000e-01  1.79999999e+00 -8.52062960e-276 
 1.35000000e-01  1.35000000e-01  1.79999999e+00 -2.63542453e-285 
 1.40000000e-01  1.40000000e-01  1.79999999e+00 -8.15134888e-295 
 1.45000000e-01  1.45000000e-01  1.79999999e+00 -2.52120627e-304 
 1.50000000e-01  1.50000000e-01  1.79999999e+00 -7.79807246e-314 
 1.55000000e-01  1.55000000e-01  1.79999999e+00  0.00000000e+00 
 1.60000000e-01  1.60000000e-01  1.79999999e+00  0.00000000e+00 
 1.65000000e-01  1.65000000e-01  1.79999999e+00  0.00000000e+00 
 1.70000000e-01  1.70000000e-01  1.79999999e+00  0.00000000e+00 
 1.75000000e-01  1.75000000e-01  1.79999999e+00  0.00000000e+00 
 1.80000000e-01  1.80000000e-01  1.79999999e+00  0.00000000e+00 
 1.85000000e-01  1.85000000e-01  1.79999999e+00  0.00000000e+00 
 1.90000000e-01  1.90000000e-01  1.79999999e+00  0.00000000e+00 
 1.95000000e-01  1.95000000e-01  1.79999999e+00  0.00000000e+00 
 2.00000000e-01  2.00000000e-01  1.79999999e+00  0.00000000e+00 
 2.05000000e-01  2.05000000e-01  1.79999999e+00  0.00000000e+00 
 2.10000000e-01  2.10000000e-01  1.79999999e+00  0.00000000e+00 
 2.15000000e-01  2.15000000e-01  1.79999999e+00  0.00000000e+00 
 2.20000000e-01  2.20000000e-01  1.79999999e+00  0.00000000e+00 
 2.25000000e-01  2.25000000e-01  1.79999999e+00  0.00000000e+00 
 2.30000000e-01  2.30000000e-01  1.79999999e+00  0.00000000e+00 
 2.35000000e-01  2.35000000e-01  1.79999999e+00  0.00000000e+00 
 2.40000000e-01  2.40000000e-01  1.79999999e+00  0.00000000e+00 
 2.45000000e-01  2.45000000e-01  1.79999999e+00  0.00000000e+00 
 2.50000000e-01  2.50000000e-01  1.79999999e+00  0.00000000e+00 
 2.55000000e-01  2.55000000e-01  1.79999999e+00  0.00000000e+00 
 2.60000000e-01  2.60000000e-01  1.79999999e+00  0.00000000e+00 
 2.65000000e-01  2.65000000e-01  1.79999999e+00  0.00000000e+00 
 2.70000000e-01  2.70000000e-01  1.79999999e+00  0.00000000e+00 
 2.75000000e-01  2.75000000e-01  1.79999999e+00  0.00000000e+00 
 2.80000000e-01  2.80000000e-01  1.79999999e+00  0.00000000e+00 
 2.85000000e-01  2.85000000e-01  1.79999999e+00  0.00000000e+00 
 2.90000000e-01  2.90000000e-01  1.79999999e+00  0.00000000e+00 
 2.95000000e-01  2.95000000e-01  1.79999999e+00  0.00000000e+00 
 3.00000000e-01  3.00000000e-01  1.79999999e+00  0.00000000e+00 
 3.05000000e-01  3.05000000e-01  1.79999999e+00  0.00000000e+00 
 3.10000000e-01  3.10000000e-01  1.79999999e+00  0.00000000e+00 
 3.15000000e-01  3.15000000e-01  1.79999999e+00  0.00000000e+00 
 3.20000000e-01  3.20000000e-01  1.79999999e+00  0.00000000e+00 
 3.25000000e-01  3.25000000e-01  1.79999999e+00  0.00000000e+00 
 3.30000000e-01  3.30000000e-01  1.79999999e+00  0.00000000e+00 
 3.35000000e-01  3.35000000e-01  1.79999999e+00  0.00000000e+00 
 3.40000000e-01  3.40000000e-01  1.79999999e+00  0.00000000e+00 
 3.45000000e-01  3.45000000e-01  1.79999999e+00  0.00000000e+00 
 3.50000000e-01  3.50000000e-01  1.79999999e+00  0.00000000e+00 
 3.55000000e-01  3.55000000e-01  1.79999999e+00  0.00000000e+00 
 3.60000000e-01  3.60000000e-01  1.79999999e+00  0.00000000e+00 
 3.65000000e-01  3.65000000e-01  1.79999999e+00  0.00000000e+00 
 3.70000000e-01  3.70000000e-01  1.79999999e+00  0.00000000e+00 
 3.75000000e-01  3.75000000e-01  1.79999999e+00  0.00000000e+00 
 3.80000000e-01  3.80000000e-01  1.79999999e+00  0.00000000e+00 
 3.85000000e-01  3.85000000e-01  1.79999999e+00  0.00000000e+00 
 3.90000000e-01  3.90000000e-01  1.79999999e+00  0.00000000e+00 
 3.95000000e-01  3.95000000e-01  1.79999999e+00  0.00000000e+00 
 4.00000000e-01  4.00000000e-01  1.79999999e+00  0.00000000e+00 
 4.05000000e-01  4.05000000e-01  1.79999999e+00  0.00000000e+00 
 4.10000000e-01  4.10000000e-01  1.79999999e+00  0.00000000e+00 
 4.15000000e-01  4.15000000e-01  1.79999999e+00  0.00000000e+00 
 4.20000000e-01  4.20000000e-01  1.79999999e+00  0.00000000e+00 
 4.25000000e-01  4.25000000e-01  1.79999999e+00  0.00000000e+00 
 4.30000000e-01  4.30000000e-01  1.79999999e+00  0.00000000e+00 
 4.35000000e-01  4.35000000e-01  1.79999999e+00  0.00000000e+00 
 4.40000000e-01  4.40000000e-01  1.79999999e+00  0.00000000e+00 
 4.45000000e-01  4.45000000e-01  1.79999999e+00  0.00000000e+00 
 4.50000000e-01  4.50000000e-01  1.79999999e+00  0.00000000e+00 
 4.55000000e-01  4.55000000e-01  1.79933908e+00  1.05746025e-04 
 4.60000000e-01  4.60000000e-01  1.79748709e+00  4.02063940e-04 
 4.65000000e-01  4.65000000e-01  1.79460964e+00  8.62456098e-04 
 4.70000000e-01  4.70000000e-01  1.79083714e+00  1.46605625e-03 
 4.75000000e-01  4.75000000e-01  1.78627482e+00  2.19602697e-03 
 4.80000000e-01  4.80000000e-01  1.78100904e+00  3.03855217e-03 
 4.85000000e-01  4.85000000e-01  1.77511167e+00  3.98213158e-03 
 4.90000000e-01  4.90000000e-01  1.76864328e+00  5.01707354e-03 
 4.95000000e-01  4.95000000e-01  1.76165548e+00  6.13512200e-03 
 5.00000000e-01  5.00000000e-01  1.75419264e+00  7.32917673e-03 
 5.05000000e-01  5.05000000e-01  1.74629324e+00  8.59307989e-03 
 5.10000000e-01  5.10000000e-01  1.73799093e+00  9.92145052e-03 
 5.15000000e-01  5.15000000e-01  1.72931527e+00  1.13095547e-02 
 5.20000000e-01  5.20000000e-01  1.72029248e+00  1.27532020e-02 
 5.25000000e-01  5.25000000e-01  1.71094585e+00  1.42486626e-02 
 5.30000000e-01  5.30000000e-01  1.70129624e+00  1.57925998e-02 
 5.35000000e-01  5.35000000e-01  1.69136240e+00  1.73820144e-02 
 5.40000000e-01  5.40000000e-01  1.68116125e+00  1.90141993e-02 
 5.45000000e-01  5.45000000e-01  1.67083166e+00  2.06669338e-02 
 5.50000000e-01  5.50000000e-01  1.66013152e+00  2.23789556e-02 
 5.55000000e-01  5.55000000e-01  1.64920910e+00  2.41265427e-02 
 5.60000000e-01  5.60000000e-01  1.63807347e+00  2.59082431e-02 
 5.65000000e-01  5.65000000e-01  1.62673533e+00  2.77223463e-02 
 5.70000000e-01  5.70000000e-01  1.61520447e+00  2.95672838e-02 
 5.75000000e-01  5.75000000e-01  1.60348995e+00  3.14416071e-02 
 5.80000000e-01  5.80000000e-01  1.59160015e+00  3.33439753e-02 
 5.85000000e-01  5.85000000e-01  1.57954284e+00  3.52731444e-02 
 5.90000000e-01  5.90000000e-01  1.56732526e+00  3.72279578e-02 
 5.95000000e-01  5.95000000e-01  1.55495413e+00  3.92073378e-02 
 6.00000000e-01  6.00000000e-01  1.54243575e+00  4.12102786e-02 
 6.05000000e-01  6.05000000e-01  1.52977599e+00  4.32358397e-02 
 6.10000000e-01  6.10000000e-01  1.51698037e+00  4.52831399e-02 
 6.15000000e-01  6.15000000e-01  1.50405404e+00  4.73513525e-02 
 6.20000000e-01  6.20000000e-01  1.49100186e+00  4.94397004e-02 
 6.25000000e-01  6.25000000e-01  1.47782841e+00  5.15474524e-02 
 6.30000000e-01  6.30000000e-01  1.46453800e+00  5.36739193e-02 
 6.35000000e-01  6.35000000e-01  1.45113468e+00  5.58184504e-02 
 6.40000000e-01  6.40000000e-01  1.43762230e+00  5.79804309e-02 
 6.45000000e-01  6.45000000e-01  1.42400450e+00  6.01592792e-02 
 6.50000000e-01  6.50000000e-01  1.41028472e+00  6.23544439e-02 
 6.55000000e-01  6.55000000e-01  1.39646623e+00  6.45654023e-02 
 6.60000000e-01  6.60000000e-01  1.38255213e+00  6.67916581e-02 
 6.65000000e-01  6.65000000e-01  1.36854537e+00  6.90327394e-02 
 6.70000000e-01  6.70000000e-01  1.35444876e+00  7.12881971e-02 
 6.75000000e-01  6.75000000e-01  1.34026497e+00  7.35576037e-02 
 6.80000000e-01  6.80000000e-01  1.32599655e+00  7.58405513e-02 
 6.85000000e-01  6.85000000e-01  1.31164592e+00  7.81366509e-02 
 6.90000000e-01  6.90000000e-01  1.29721542e+00  8.04455309e-02 
 6.95000000e-01  6.95000000e-01  1.28270727e+00  8.27668361e-02 
 7.00000000e-01  7.00000000e-01  1.26812358e+00  8.51002265e-02 
 7.05000000e-01  7.05000000e-01  1.25346639e+00  8.74453768e-02 
 7.10000000e-01  7.10000000e-01  1.23873765e+00  8.98019750e-02 
 7.15000000e-01  7.15000000e-01  1.22393923e+00  9.21697222e-02 
 7.20000000e-01  7.20000000e-01  1.20907292e+00  9.45483313e-02 
 7.25000000e-01  7.25000000e-01  1.19414045e+00  9.69375268e-02 
 7.30000000e-01  7.30000000e-01  1.17914347e+00  9.93370436e-02 
 7.35000000e-01  7.35000000e-01  1.16408357e+00  1.01746627e-01 
 7.40000000e-01  7.40000000e-01  1.14896229e+00  1.04166032e-01 
 7.45000000e-01  7.45000000e-01  1.13378110e+00  1.06595023e-01 
 7.50000000e-01  7.50000000e-01  1.11854142e+00  1.09033372e-01 
 7.55000000e-01  7.55000000e-01  1.10324462e+00  1.11480860e-01 
 7.60000000e-01  7.60000000e-01  1.08789202e+00  1.13937275e-01 
 7.65000000e-01  7.65000000e-01  1.07248491e+00  1.16402414e-01 
 7.70000000e-01  7.70000000e-01  1.05702450e+00  1.18876079e-01 
 7.75000000e-01  7.75000000e-01  1.04151199e+00  1.21358080e-01 
 7.80000000e-01  7.80000000e-01  1.02594854e+00  1.23848233e-01 
 7.85000000e-01  7.85000000e-01  1.01033525e+00  1.26346359e-01 
 7.90000000e-01  7.90000000e-01  9.94673203e-01  1.28852287e-01 
 7.95000000e-01  7.95000000e-01  9.78963440e-01  1.31365849e-01 
 8.00000000e-01  8.00000000e-01  9.63206971e-01  1.33886884e-01 
 8.05000000e-01  8.05000000e-01  9.47404776e-01  1.36415235e-01 
 8.10000000e-01  8.10000000e-01  9.31557803e-01  1.38950751e-01 
 8.15000000e-01  8.15000000e-01  9.15666972e-01  1.41493284e-01 
 8.20000000e-01  8.20000000e-01  8.99733177e-01  1.44042691e-01 
 8.25000000e-01  8.25000000e-01  8.83757284e-01  1.46598834e-01 
 8.30000000e-01  8.30000000e-01  8.67740137e-01  1.49161577e-01 
 8.35000000e-01  8.35000000e-01  8.51682552e-01  1.51730791e-01 
 8.40000000e-01  8.40000000e-01  8.35585326e-01  1.54306347e-01 
 8.45000000e-01  8.45000000e-01  8.19449231e-01  1.56888122e-01 
 8.50000000e-01  8.50000000e-01  8.03275019e-01  1.59475996e-01 
 8.55000000e-01  8.55000000e-01  7.87063422e-01  1.62069852e-01 
 8.60000000e-01  8.60000000e-01  7.70815153e-01  1.64669575e-01 
 8.65000000e-01  8.65000000e-01  7.54530905e-01  1.67275054e-01 
 8.70000000e-01  8.70000000e-01  7.38211355e-01  1.69886182e-01 
 8.75000000e-01  8.75000000e-01  7.21857160e-01  1.72502854e-01 
 8.80000000e-01  8.80000000e-01  7.05468962e-01  1.75124965e-01 
 8.85000000e-01  8.85000000e-01  6.89047388e-01  1.77752417e-01 
 8.90000000e-01  8.90000000e-01  6.72593048e-01  1.80385112e-01 
 8.95000000e-01  8.95000000e-01  6.56106537e-01  1.83022953e-01 
 9.00000000e-01  9.00000000e-01  6.39588438e-01  1.85665849e-01 
 9.05000000e-01  9.05000000e-01  6.23039318e-01  1.88313709e-01 
 9.10000000e-01  9.10000000e-01  6.06459731e-01  1.90966442e-01 
 9.15000000e-01  9.15000000e-01  5.89850218e-01  1.93623964e-01 
 9.20000000e-01  9.20000000e-01  5.73211311e-01  1.96286190e-01 
 9.25000000e-01  9.25000000e-01  5.56543524e-01  1.98953035e-01 
 9.30000000e-01  9.30000000e-01  5.39847366e-01  2.01624421e-01 
 9.35000000e-01  9.35000000e-01  5.23123330e-01  2.04300267e-01 
 9.40000000e-01  9.40000000e-01  5.06371900e-01  2.06980495e-01 
 9.45000000e-01  9.45000000e-01  4.89593551e-01  2.09665031e-01 
 9.50000000e-01  9.50000000e-01  4.72788746e-01  2.12353800e-01 
 9.55000000e-01  9.55000000e-01  4.55957939e-01  2.15046729e-01 
 9.60000000e-01  9.60000000e-01  4.40056547e-01  2.17590952e-01 
 9.65000000e-01  9.65000000e-01  4.27916576e-01  2.19533347e-01 
 9.70000000e-01  9.70000000e-01  4.18201500e-01  2.21087759e-01 
 9.75000000e-01  9.75000000e-01  4.10050114e-01  2.22391981e-01 
 9.80000000e-01  9.80000000e-01  4.03017356e-01  2.23517222e-01 
 9.85000000e-01  9.85000000e-01  3.96443950e-01  2.24568967e-01 
 9.90000000e-01  9.90000000e-01  3.91029285e-01  2.25435314e-01 
 9.95000000e-01  9.95000000e-01  3.86093077e-01  2.26225107e-01 
 1.00000000e+00  1.00000000e+00  3.81594238e-01  2.26944921e-01 
 1.00500000e+00  1.00500000e+00  3.77463370e-01  2.27605860e-01 
 1.01000000e+00  1.01000000e+00  3.73648714e-01  2.28216205e-01 
 1.01500000e+00  1.01500000e+00  3.70108705e-01  2.28782607e-01 
 1.02000000e+00  1.02000000e+00  3.66809549e-01  2.29310472e-01 
 1.02500000e+00  1.02500000e+00  3.63723370e-01  2.29804260e-01 
 1.03000000e+00  1.03000000e+00  3.60826887e-01  2.30267698e-01 
 1.03500000e+00  1.03500000e+00  3.58100443e-01  2.30703929e-01 
 1.04000000e+00  1.04000000e+00  3.55527280e-01  2.31115635e-01 
 1.04500000e+00  1.04500000e+00  3.53092992e-01  2.31505121e-01 
 1.05000000e+00  1.05000000e+00  3.50785100e-01  2.31874384e-01 
 1.05500000e+00  1.05500000e+00  3.48592716e-01  2.32225165e-01 
 1.06000000e+00  1.06000000e+00  3.46506284e-01  2.32558994e-01 
 1.06500000e+00  1.06500000e+00  3.44517372e-01  2.32877220e-01 
 1.07000000e+00  1.07000000e+00  3.42618495e-01  2.33181040e-01 
 1.07500000e+00  1.07500000e+00  3.40802983e-01  2.33471522e-01 
 1.08000000e+00  1.08000000e+00  3.39064865e-01  2.33749621e-01 
 1.08500000e+00  1.08500000e+00  3.37398773e-01  2.34016196e-01 
 1.09000000e+00  1.09000000e+00  3.35799863e-01  2.34272021e-01 
 1.09500000e+00  1.09500000e+00  3.34263752e-01  2.34517799e-01 
 1.10000000e+00  1.10000000e+00  3.32786457e-01  2.34754166e-01 
 1.10500000e+00  1.10500000e+00  3.31364353e-01  2.34981703e-01 
 1.11000000e+00  1.11000000e+00  3.29994125e-01  2.35200940e-01 
 1.11500000e+00  1.11500000e+00  3.28672739e-01  2.35412361e-01 
 1.12000000e+00  1.12000000e+00  3.27397410e-01  2.35616414e-01 
 1.12500000e+00  1.12500000e+00  3.26165575e-01  2.35813508e-01 
 1.13000000e+00  1.13000000e+00  3.24974868e-01  2.36004021e-01 
 1.13500000e+00  1.13500000e+00  3.23823106e-01  2.36188303e-01 
 1.14000000e+00  1.14000000e+00  3.22708265e-01  2.36366677e-01 
 1.14500000e+00  1.14500000e+00  3.21628469e-01  2.36539445e-01 
 1.15000000e+00  1.15000000e+00  3.20581973e-01  2.36706884e-01 
 1.15500000e+00  1.15500000e+00  3.19567156e-01  2.36869255e-01 
 1.16000000e+00  1.16000000e+00  3.18582503e-01  2.37026799e-01 
 1.16500000e+00  1.16500000e+00  3.17626601e-01  2.37179743e-01 
 1.17000000e+00  1.17000000e+00  3.16698129e-01  2.37328299e-01 
 1.17500000e+00  1.17500000e+00  3.15795849e-01  2.37472664e-01 
 1.18000000e+00  1.18000000e+00  3.14918603e-01  2.37613023e-01 
 1.18500000e+00  1.18500000e+00  3.14065301e-01  2.37749551e-01 
 1.19000000e+00  1.19000000e+00  3.13234920e-01  2.37882412e-01 
 1.19500000e+00  1.19500000e+00  3.12426496e-01  2.38011760e-01 
 1.20000000e+00  1.20000000e+00  3.11639122e-01  2.38137740e-01 
 1.20500000e+00  1.20500000e+00  3.10871943e-01  2.38260489e-01 
 1.21000000e+00  1.21000000e+00  3.10124151e-01  2.38380135e-01 
 1.21500000e+00  1.21500000e+00  3.09394983e-01  2.38496802e-01 
 1.22000000e+00  1.22000000e+00  3.08683716e-01  2.38610605e-01 
 1.22500000e+00  1.22500000e+00  3.07989669e-01  2.38721653e-01 
 1.23000000e+00  1.23000000e+00  3.07312192e-01  2.38830049e-01 
 1.23500000e+00  1.23500000e+00  3.06650672e-01  2.38935892e-01 
 1.24000000e+00  1.24000000e+00  3.06004526e-01  2.39039275e-01 
 1.24500000e+00  1.24500000e+00  3.05373200e-01  2.39140288e-01 
 1.25000000e+00  1.25000000e+00  3.04756168e-01  2.39239013e-01 
 1.25500000e+00  1.25500000e+00  3.04152929e-01  2.39335531e-01 
 1.26000000e+00  1.26000000e+00  3.03563006e-01  2.39429919e-01 
 1.26500000e+00  1.26500000e+00  3.02985946e-01  2.39522248e-01 
 1.27000000e+00  1.27000000e+00  3.02421314e-01  2.39612589e-01 
 1.27500000e+00  1.27500000e+00  3.01868699e-01  2.39701008e-01 
 1.28000000e+00  1.28000000e+00  3.01327705e-01  2.39787567e-01 
 1.28500000e+00  1.28500000e+00  3.00797956e-01  2.39872327e-01 
 1.29000000e+00  1.29000000e+00  3.00279092e-01  2.39955345e-01 
 1.29500000e+00  1.29500000e+00  2.99770768e-01  2.40036677e-01 
 1.30000000e+00  1.30000000e+00  2.99272656e-01  2.40116375e-01 
 1.30500000e+00  1.30500000e+00  2.98784439e-01  2.40194489e-01 
 1.31000000e+00  1.31000000e+00  2.98305817e-01  2.40271069e-01 
 1.31500000e+00  1.31500000e+00  2.97836498e-01  2.40346160e-01 
 1.32000000e+00  1.32000000e+00  2.97376206e-01  2.40419807e-01 
 1.32500000e+00  1.32500000e+00  2.96924673e-01  2.40492052e-01 
 1.33000000e+00  1.33000000e+00  2.96481645e-01  2.40562936e-01 
 1.33500000e+00  1.33500000e+00  2.96046876e-01  2.40632499e-01 
 1.34000000e+00  1.34000000e+00  2.95620129e-01  2.40700779e-01 
 1.34500000e+00  1.34500000e+00  2.95201179e-01  2.40767811e-01 
 1.35000000e+00  1.35000000e+00  2.94789806e-01  2.40833631e-01 
 1.35500000e+00  1.35500000e+00  2.94385802e-01  2.40898271e-01 
 1.36000000e+00  1.36000000e+00  2.93988964e-01  2.40961765e-01 
 1.36500000e+00  1.36500000e+00  2.93599098e-01  2.41024144e-01 
 1.37000000e+00  1.37000000e+00  2.93216016e-01  2.41085437e-01 
 1.37500000e+00  1.37500000e+00  2.92839539e-01  2.41145673e-01 
 1.38000000e+00  1.38000000e+00  2.92469492e-01  2.41204881e-01 
 1.38500000e+00  1.38500000e+00  2.92105708e-01  2.41263086e-01 
 1.39000000e+00  1.39000000e+00  2.91748024e-01  2.41320316e-01 
 1.39500000e+00  1.39500000e+00  2.91396285e-01  2.41376594e-01 
 1.40000000e+00  1.40000000e+00  2.91050340e-01  2.41431945e-01 
 1.40500000e+00  1.40500000e+00  2.90710044e-01  2.41486393e-01 
 1.41000000e+00  1.41000000e+00  2.90375255e-01  2.41539959e-01 
 1.41500000e+00  1.41500000e+00  2.90045838e-01  2.41592665e-01 
 1.42000000e+00  1.42000000e+00  2.89721662e-01  2.41644534e-01 
 1.42500000e+00  1.42500000e+00  2.89402600e-01  2.41695584e-01 
 1.43000000e+00  1.43000000e+00  2.89088528e-01  2.41745835e-01 
 1.43500000e+00  1.43500000e+00  2.88779328e-01  2.41795307e-01 
 1.44000000e+00  1.44000000e+00  2.88474885e-01  2.41844018e-01 
 1.44500000e+00  1.44500000e+00  2.88175088e-01  2.41891985e-01 
 1.45000000e+00  1.45000000e+00  2.87879829e-01  2.41939227e-01 
 1.45500000e+00  1.45500000e+00  2.87589003e-01  2.41985759e-01 
 1.46000000e+00  1.46000000e+00  2.87302509e-01  2.42031598e-01 
 1.46500000e+00  1.46500000e+00  2.87020249e-01  2.42076760e-01 
 1.47000000e+00  1.47000000e+00  2.86742128e-01  2.42121259e-01 
 1.47500000e+00  1.47500000e+00  2.86468053e-01  2.42165111e-01 
 1.48000000e+00  1.48000000e+00  2.86197936e-01  2.42208330e-01 
 1.48500000e+00  1.48500000e+00  2.85931689e-01  2.42250929e-01 
 1.49000000e+00  1.49000000e+00  2.85669229e-01  2.42292923e-01 
 1.49500000e+00  1.49500000e+00  2.85410474e-01  2.42334324e-01 
 1.50000000e+00  1.50000000e+00  2.85155343e-01  2.42375145e-01 
 1.50500000e+00  1.50500000e+00  2.84903761e-01  2.42415398e-01 
 1.51000000e+00  1.51000000e+00  2.84655652e-01  2.42455095e-01 
 1.51500000e+00  1.51500000e+00  2.84410943e-01  2.42494249e-01 
 1.52000000e+00  1.52000000e+00  2.84169564e-01  2.42532869e-01 
 1.52500000e+00  1.52500000e+00  2.83931447e-01  2.42570968e-01 
 1.53000000e+00  1.53000000e+00  2.83696524e-01  2.42608556e-01 
 1.53500000e+00  1.53500000e+00  2.83464730e-01  2.42645643e-01 
 1.54000000e+00  1.54000000e+00  2.83236003e-01  2.42682239e-01 
 1.54500000e+00  1.54500000e+00  2.83010280e-01  2.42718355e-01 
 1.55000000e+00  1.55000000e+00  2.82787502e-01  2.42753999e-01 
 1.55500000e+00  1.55500000e+00  2.82567611e-01  2.42789182e-01 
 1.56000000e+00  1.56000000e+00  2.82350551e-01  2.42823911e-01 
 1.56500000e+00  1.56500000e+00  2.82136265e-01  2.42858197e-01 
 1.57000000e+00  1.57000000e+00  2.81924700e-01  2.42892047e-01 
 1.57500000e+00  1.57500000e+00  2.81715805e-01  2.42925471e-01 
 1.58000000e+00  1.58000000e+00  2.81509527e-01  2.42958475e-01 
 1.58500000e+00  1.58500000e+00  2.81305818e-01  2.42991069e-01 
 1.59000000e+00  1.59000000e+00  2.81104629e-01  2.43023259e-01 
 1.59500000e+00  1.59500000e+00  2.80905913e-01  2.43055054e-01 
 1.60000000e+00  1.60000000e+00  2.80709623e-01  2.43086460e-01 
 1.60500000e+00  1.60500000e+00  2.80515715e-01  2.43117485e-01 
 1.61000000e+00  1.61000000e+00  2.80324146e-01  2.43148136e-01 
 1.61500000e+00  1.61500000e+00  2.80134872e-01  2.43178420e-01 
 1.62000000e+00  1.62000000e+00  2.79947853e-01  2.43208343e-01 
 1.62500000e+00  1.62500000e+00  2.79763047e-01  2.43237912e-01 
 1.63000000e+00  1.63000000e+00  2.79580415e-01  2.43267133e-01 
 1.63500000e+00  1.63500000e+00  2.79399918e-01  2.43296013e-01 
 1.64000000e+00  1.64000000e+00  2.79221518e-01  2.43324557e-01 
 1.64500000e+00  1.64500000e+00  2.79045179e-01  2.43352771e-01 
 1.65000000e+00  1.65000000e+00  2.78870865e-01  2.43380661e-01 
 1.65500000e+00  1.65500000e+00  2.78698541e-01  2.43408233e-01 
 1.66000000e+00  1.66000000e+00  2.78528171e-01  2.43435492e-01 
 1.66500000e+00  1.66500000e+00  2.78359724e-01  2.43462444e-01 
 1.67000000e+00  1.67000000e+00  2.78193166e-01  2.43489093e-01 
 1.67500000e+00  1.67500000e+00  2.78028464e-01  2.43515445e-01 
 1.68000000e+00  1.68000000e+00  2.77865589e-01  2.43541505e-01 
 1.68500000e+00  1.68500000e+00  2.77704508e-01  2.43567278e-01 
 1.69000000e+00  1.69000000e+00  2.77545194e-01  2.43592769e-01 
 1.69500000e+00  1.69500000e+00  2.77387615e-01  2.43617981e-01 
 1.70000000e+00  1.70000000e+00  2.77231744e-01  2.43642921e-01 
 1.70500000e+00  1.70500000e+00  2.77077552e-01  2.43667591e-01 
 1.71000000e+00  1.71000000e+00  2.76925013e-01  2.43691997e-01 
 1.71500000e+00  1.71500000e+00  2.76774100e-01  2.43716144e-01 
 1.72000000e+00  1.72000000e+00  2.76624786e-01  2.43740034e-01 
 1.72500000e+00  1.72500000e+00  2.76477046e-01  2.43763672e-01 
 1.73000000e+00  1.73000000e+00  2.76330855e-01  2.43787063e-01 
 1.73500000e+00  1.73500000e+00  2.76186188e-01  2.43810210e-01 
 1.74000000e+00  1.74000000e+00  2.76043022e-01  2.43833116e-01 
 1.74500000e+00  1.74500000e+00  2.75901332e-01  2.43855786e-01 
 1.75000000e+00  1.75000000e+00  2.75761097e-01  2.43878224e-01 
 1.75500000e+00  1.75500000e+00  2.75622293e-01  2.43900433e-01 
 1.76000000e+00  1.76000000e+00  2.75484899e-01  2.43922416e-01 
 1.76500000e+00  1.76500000e+00  2.75348892e-01  2.43944177e-01 
 1.77000000e+00  1.77000000e+00  2.75214253e-01  2.43965719e-01 
 1.77500000e+00  1.77500000e+00  2.75080959e-01  2.43987046e-01 
 1.78000000e+00  1.78000000e+00  2.74948991e-01  2.44008161e-01 
 1.78500000e+00  1.78500000e+00  2.74818329e-01  2.44029067e-01 
 1.79000000e+00  1.79000000e+00  2.74688953e-01  2.44049767e-01 
 1.79500000e+00  1.79500000e+00  2.74560845e-01  2.44070264e-01 
 1.80000000e+00  1.80000000e+00  2.74433986e-01  2.44090562e-01 
