 frequency       frequency       frequency       vdb(out)        vp(out)        
 1.00000000e+01  1.00000000e+01  0.00000000e+00 -5.44536994e+01  3.14159265e+00 
 1.02920053e+01  1.02920053e+01  0.00000000e+00 -5.44536994e+01  3.14159265e+00 
 1.05925373e+01  1.05925373e+01  0.00000000e+00 -5.44536994e+01  3.14159265e+00 
 1.09018449e+01  1.09018449e+01  0.00000000e+00 -5.44536994e+01  3.14159265e+00 
 1.12201845e+01  1.12201845e+01  0.00000000e+00 -5.44536994e+01  3.14159265e+00 
 1.15478198e+01  1.15478198e+01  0.00000000e+00 -5.44536994e+01  3.14159265e+00 
 1.18850223e+01  1.18850223e+01  0.00000000e+00 -5.44536994e+01  3.14159265e+00 
 1.22320712e+01  1.22320712e+01  0.00000000e+00 -5.44536994e+01  3.14159265e+00 
 1.25892541e+01  1.25892541e+01  0.00000000e+00 -5.44536994e+01  3.14159265e+00 
 1.29568670e+01  1.29568670e+01  0.00000000e+00 -5.44536994e+01  3.14159265e+00 
 1.33352143e+01  1.33352143e+01  0.00000000e+00 -5.44536994e+01  3.14159265e+00 
 1.37246096e+01  1.37246096e+01  0.00000000e+00 -5.44536994e+01  3.14159265e+00 
 1.41253754e+01  1.41253754e+01  0.00000000e+00 -5.44536994e+01  3.14159265e+00 
 1.45378439e+01  1.45378439e+01  0.00000000e+00 -5.44536994e+01  3.14159265e+00 
 1.49623566e+01  1.49623566e+01  0.00000000e+00 -5.44536994e+01  3.14159265e+00 
 1.53992653e+01  1.53992653e+01  0.00000000e+00 -5.44536994e+01  3.14159265e+00 
 1.58489319e+01  1.58489319e+01  0.00000000e+00 -5.44536994e+01  3.14159265e+00 
 1.63117291e+01  1.63117291e+01  0.00000000e+00 -5.44536994e+01  3.14159265e+00 
 1.67880402e+01  1.67880402e+01  0.00000000e+00 -5.44536994e+01  3.14159265e+00 
 1.72782598e+01  1.72782598e+01  0.00000000e+00 -5.44536994e+01  3.14159265e+00 
 1.77827941e+01  1.77827941e+01  0.00000000e+00 -5.44536994e+01  3.14159265e+00 
 1.83020611e+01  1.83020611e+01  0.00000000e+00 -5.44536994e+01  3.14159265e+00 
 1.88364909e+01  1.88364909e+01  0.00000000e+00 -5.44536994e+01  3.14159265e+00 
 1.93865264e+01  1.93865264e+01  0.00000000e+00 -5.44536994e+01  3.14159265e+00 
 1.99526231e+01  1.99526231e+01  0.00000000e+00 -5.44536994e+01  3.14159265e+00 
 2.05352503e+01  2.05352503e+01  0.00000000e+00 -5.44536994e+01  3.14159265e+00 
 2.11348904e+01  2.11348904e+01  0.00000000e+00 -5.44536994e+01  3.14159265e+00 
 2.17520403e+01  2.17520403e+01  0.00000000e+00 -5.44536994e+01  3.14159265e+00 
 2.23872114e+01  2.23872114e+01  0.00000000e+00 -5.44536994e+01  3.14159265e+00 
 2.30409298e+01  2.30409298e+01  0.00000000e+00 -5.44536994e+01  3.14159265e+00 
 2.37137371e+01  2.37137371e+01  0.00000000e+00 -5.44536994e+01  3.14159265e+00 
 2.44061907e+01  2.44061907e+01  0.00000000e+00 -5.44536994e+01  3.14159265e+00 
 2.51188643e+01  2.51188643e+01  0.00000000e+00 -5.44536994e+01  3.14159265e+00 
 2.58523484e+01  2.58523484e+01  0.00000000e+00 -5.44536994e+01  3.14159265e+00 
 2.66072506e+01  2.66072506e+01  0.00000000e+00 -5.44536994e+01  3.14159265e+00 
 2.73841963e+01  2.73841963e+01  0.00000000e+00 -5.44536994e+01  3.14159265e+00 
 2.81838293e+01  2.81838293e+01  0.00000000e+00 -5.44536994e+01  3.14159265e+00 
 2.90068120e+01  2.90068120e+01  0.00000000e+00 -5.44536994e+01  3.14159265e+00 
 2.98538262e+01  2.98538262e+01  0.00000000e+00 -5.44536994e+01  3.14159265e+00 
 3.07255737e+01  3.07255737e+01  0.00000000e+00 -5.44536994e+01  3.14159265e+00 
 3.16227766e+01  3.16227766e+01  0.00000000e+00 -5.44536994e+01  3.14159265e+00 
 3.25461783e+01  3.25461783e+01  0.00000000e+00 -5.44536994e+01  3.14159265e+00 
 3.34965439e+01  3.34965439e+01  0.00000000e+00 -5.44536994e+01  3.14159265e+00 
 3.44746607e+01  3.44746607e+01  0.00000000e+00 -5.44536994e+01  3.14159265e+00 
 3.54813389e+01  3.54813389e+01  0.00000000e+00 -5.44536994e+01  3.14159265e+00 
 3.65174127e+01  3.65174127e+01  0.00000000e+00 -5.44536994e+01  3.14159265e+00 
 3.75837404e+01  3.75837404e+01  0.00000000e+00 -5.44536994e+01  3.14159265e+00 
 3.86812055e+01  3.86812055e+01  0.00000000e+00 -5.44536994e+01  3.14159265e+00 
 3.98107171e+01  3.98107171e+01  0.00000000e+00 -5.44536994e+01  3.14159265e+00 
 4.09732110e+01  4.09732110e+01  0.00000000e+00 -5.44536994e+01  3.14159265e+00 
 4.21696503e+01  4.21696503e+01  0.00000000e+00 -5.44536994e+01  3.14159265e+00 
 4.34010264e+01  4.34010264e+01  0.00000000e+00 -5.44536994e+01  3.14159265e+00 
 4.46683592e+01  4.46683592e+01  0.00000000e+00 -5.44536994e+01  3.14159265e+00 
 4.59726989e+01  4.59726989e+01  0.00000000e+00 -5.44536994e+01  3.14159265e+00 
 4.73151259e+01  4.73151259e+01  0.00000000e+00 -5.44536994e+01  3.14159265e+00 
 4.86967525e+01  4.86967525e+01  0.00000000e+00 -5.44536994e+01  3.14159265e+00 
 5.01187234e+01  5.01187234e+01  0.00000000e+00 -5.44536994e+01  3.14159265e+00 
 5.15822165e+01  5.15822165e+01  0.00000000e+00 -5.44536994e+01  3.14159265e+00 
 5.30884444e+01  5.30884444e+01  0.00000000e+00 -5.44536994e+01  3.14159265e+00 
 5.46386550e+01  5.46386550e+01  0.00000000e+00 -5.44536994e+01  3.14159265e+00 
 5.62341325e+01  5.62341325e+01  0.00000000e+00 -5.44536994e+01  3.14159265e+00 
 5.78761988e+01  5.78761988e+01  0.00000000e+00 -5.44536994e+01  3.14159265e+00 
 5.95662144e+01  5.95662144e+01  0.00000000e+00 -5.44536994e+01  3.14159265e+00 
 6.13055792e+01  6.13055792e+01  0.00000000e+00 -5.44536994e+01  3.14159265e+00 
 6.30957344e+01  6.30957344e+01  0.00000000e+00 -5.44536994e+01  3.14159265e+00 
 6.49381632e+01  6.49381632e+01  0.00000000e+00 -5.44536994e+01  3.14159265e+00 
 6.68343918e+01  6.68343918e+01  0.00000000e+00 -5.44536994e+01  3.14159265e+00 
 6.87859912e+01  6.87859912e+01  0.00000000e+00 -5.44536994e+01  3.14159265e+00 
 7.07945784e+01  7.07945784e+01  0.00000000e+00 -5.44536994e+01  3.14159265e+00 
 7.28618175e+01  7.28618175e+01  0.00000000e+00 -5.44536994e+01  3.14159265e+00 
 7.49894209e+01  7.49894209e+01  0.00000000e+00 -5.44536994e+01  3.14159265e+00 
 7.71791516e+01  7.71791516e+01  0.00000000e+00 -5.44536994e+01  3.14159265e+00 
 7.94328235e+01  7.94328235e+01  0.00000000e+00 -5.44536994e+01  3.14159265e+00 
 8.17523038e+01  8.17523038e+01  0.00000000e+00 -5.44536994e+01  3.14159265e+00 
 8.41395142e+01  8.41395142e+01  0.00000000e+00 -5.44536994e+01  3.14159265e+00 
 8.65964323e+01  8.65964323e+01  0.00000000e+00 -5.44536994e+01  3.14159265e+00 
 8.91250938e+01  8.91250938e+01  0.00000000e+00 -5.44536994e+01  3.14159265e+00 
 9.17275935e+01  9.17275935e+01  0.00000000e+00 -5.44536994e+01  3.14159265e+00 
 9.44060876e+01  9.44060876e+01  0.00000000e+00 -5.44536994e+01  3.14159265e+00 
 9.71627952e+01  9.71627952e+01  0.00000000e+00 -5.44536994e+01  3.14159265e+00 
 1.00000000e+02  1.00000000e+02  0.00000000e+00 -5.44536994e+01  3.14159265e+00 
 1.02920053e+02  1.02920053e+02  0.00000000e+00 -5.44536994e+01  3.14159265e+00 
 1.05925373e+02  1.05925373e+02  0.00000000e+00 -5.44536994e+01  3.14159265e+00 
 1.09018449e+02  1.09018449e+02  0.00000000e+00 -5.44536994e+01  3.14159265e+00 
 1.12201845e+02  1.12201845e+02  0.00000000e+00 -5.44536994e+01  3.14159265e+00 
 1.15478198e+02  1.15478198e+02  0.00000000e+00 -5.44536994e+01  3.14159265e+00 
 1.18850223e+02  1.18850223e+02  0.00000000e+00 -5.44536994e+01  3.14159265e+00 
 1.22320712e+02  1.22320712e+02  0.00000000e+00 -5.44536994e+01  3.14159265e+00 
 1.25892541e+02  1.25892541e+02  0.00000000e+00 -5.44536994e+01  3.14159265e+00 
 1.29568670e+02  1.29568670e+02  0.00000000e+00 -5.44536994e+01  3.14159264e+00 
 1.33352143e+02  1.33352143e+02  0.00000000e+00 -5.44536994e+01  3.14159264e+00 
 1.37246096e+02  1.37246096e+02  0.00000000e+00 -5.44536994e+01  3.14159264e+00 
 1.41253754e+02  1.41253754e+02  0.00000000e+00 -5.44536994e+01  3.14159264e+00 
 1.45378439e+02  1.45378439e+02  0.00000000e+00 -5.44536994e+01  3.14159264e+00 
 1.49623566e+02  1.49623566e+02  0.00000000e+00 -5.44536994e+01  3.14159264e+00 
 1.53992653e+02  1.53992653e+02  0.00000000e+00 -5.44536994e+01  3.14159264e+00 
 1.58489319e+02  1.58489319e+02  0.00000000e+00 -5.44536994e+01  3.14159264e+00 
 1.63117291e+02  1.63117291e+02  0.00000000e+00 -5.44536994e+01  3.14159264e+00 
 1.67880402e+02  1.67880402e+02  0.00000000e+00 -5.44536994e+01  3.14159264e+00 
 1.72782598e+02  1.72782598e+02  0.00000000e+00 -5.44536994e+01  3.14159264e+00 
 1.77827941e+02  1.77827941e+02  0.00000000e+00 -5.44536994e+01  3.14159264e+00 
 1.83020611e+02  1.83020611e+02  0.00000000e+00 -5.44536994e+01  3.14159264e+00 
 1.88364909e+02  1.88364909e+02  0.00000000e+00 -5.44536994e+01  3.14159264e+00 
 1.93865264e+02  1.93865264e+02  0.00000000e+00 -5.44536994e+01  3.14159264e+00 
 1.99526231e+02  1.99526231e+02  0.00000000e+00 -5.44536994e+01  3.14159264e+00 
 2.05352503e+02  2.05352503e+02  0.00000000e+00 -5.44536994e+01  3.14159264e+00 
 2.11348904e+02  2.11348904e+02  0.00000000e+00 -5.44536994e+01  3.14159264e+00 
 2.17520403e+02  2.17520403e+02  0.00000000e+00 -5.44536994e+01  3.14159264e+00 
 2.23872114e+02  2.23872114e+02  0.00000000e+00 -5.44536994e+01  3.14159264e+00 
 2.30409298e+02  2.30409298e+02  0.00000000e+00 -5.44536994e+01  3.14159264e+00 
 2.37137371e+02  2.37137371e+02  0.00000000e+00 -5.44536994e+01  3.14159264e+00 
 2.44061907e+02  2.44061907e+02  0.00000000e+00 -5.44536994e+01  3.14159264e+00 
 2.51188643e+02  2.51188643e+02  0.00000000e+00 -5.44536994e+01  3.14159264e+00 
 2.58523484e+02  2.58523484e+02  0.00000000e+00 -5.44536994e+01  3.14159264e+00 
 2.66072506e+02  2.66072506e+02  0.00000000e+00 -5.44536994e+01  3.14159264e+00 
 2.73841963e+02  2.73841963e+02  0.00000000e+00 -5.44536994e+01  3.14159264e+00 
 2.81838293e+02  2.81838293e+02  0.00000000e+00 -5.44536994e+01  3.14159263e+00 
 2.90068120e+02  2.90068120e+02  0.00000000e+00 -5.44536994e+01  3.14159263e+00 
 2.98538262e+02  2.98538262e+02  0.00000000e+00 -5.44536994e+01  3.14159263e+00 
 3.07255737e+02  3.07255737e+02  0.00000000e+00 -5.44536994e+01  3.14159263e+00 
 3.16227766e+02  3.16227766e+02  0.00000000e+00 -5.44536994e+01  3.14159263e+00 
 3.25461783e+02  3.25461783e+02  0.00000000e+00 -5.44536994e+01  3.14159263e+00 
 3.34965439e+02  3.34965439e+02  0.00000000e+00 -5.44536994e+01  3.14159263e+00 
 3.44746607e+02  3.44746607e+02  0.00000000e+00 -5.44536994e+01  3.14159263e+00 
 3.54813389e+02  3.54813389e+02  0.00000000e+00 -5.44536994e+01  3.14159263e+00 
 3.65174127e+02  3.65174127e+02  0.00000000e+00 -5.44536994e+01  3.14159263e+00 
 3.75837404e+02  3.75837404e+02  0.00000000e+00 -5.44536994e+01  3.14159263e+00 
 3.86812055e+02  3.86812055e+02  0.00000000e+00 -5.44536994e+01  3.14159263e+00 
 3.98107171e+02  3.98107171e+02  0.00000000e+00 -5.44536994e+01  3.14159263e+00 
 4.09732110e+02  4.09732110e+02  0.00000000e+00 -5.44536994e+01  3.14159263e+00 
 4.21696503e+02  4.21696503e+02  0.00000000e+00 -5.44536994e+01  3.14159263e+00 
 4.34010264e+02  4.34010264e+02  0.00000000e+00 -5.44536994e+01  3.14159262e+00 
 4.46683592e+02  4.46683592e+02  0.00000000e+00 -5.44536994e+01  3.14159262e+00 
 4.59726989e+02  4.59726989e+02  0.00000000e+00 -5.44536994e+01  3.14159262e+00 
 4.73151259e+02  4.73151259e+02  0.00000000e+00 -5.44536994e+01  3.14159262e+00 
 4.86967525e+02  4.86967525e+02  0.00000000e+00 -5.44536994e+01  3.14159262e+00 
 5.01187234e+02  5.01187234e+02  0.00000000e+00 -5.44536994e+01  3.14159262e+00 
 5.15822165e+02  5.15822165e+02  0.00000000e+00 -5.44536994e+01  3.14159262e+00 
 5.30884444e+02  5.30884444e+02  0.00000000e+00 -5.44536994e+01  3.14159262e+00 
 5.46386550e+02  5.46386550e+02  0.00000000e+00 -5.44536994e+01  3.14159262e+00 
 5.62341325e+02  5.62341325e+02  0.00000000e+00 -5.44536994e+01  3.14159262e+00 
 5.78761988e+02  5.78761988e+02  0.00000000e+00 -5.44536994e+01  3.14159262e+00 
 5.95662144e+02  5.95662144e+02  0.00000000e+00 -5.44536994e+01  3.14159261e+00 
 6.13055792e+02  6.13055792e+02  0.00000000e+00 -5.44536994e+01  3.14159261e+00 
 6.30957344e+02  6.30957344e+02  0.00000000e+00 -5.44536994e+01  3.14159261e+00 
 6.49381632e+02  6.49381632e+02  0.00000000e+00 -5.44536994e+01  3.14159261e+00 
 6.68343918e+02  6.68343918e+02  0.00000000e+00 -5.44536994e+01  3.14159261e+00 
 6.87859912e+02  6.87859912e+02  0.00000000e+00 -5.44536994e+01  3.14159261e+00 
 7.07945784e+02  7.07945784e+02  0.00000000e+00 -5.44536994e+01  3.14159261e+00 
 7.28618175e+02  7.28618175e+02  0.00000000e+00 -5.44536994e+01  3.14159261e+00 
 7.49894209e+02  7.49894209e+02  0.00000000e+00 -5.44536994e+01  3.14159260e+00 
 7.71791516e+02  7.71791516e+02  0.00000000e+00 -5.44536994e+01  3.14159260e+00 
 7.94328235e+02  7.94328235e+02  0.00000000e+00 -5.44536994e+01  3.14159260e+00 
 8.17523038e+02  8.17523038e+02  0.00000000e+00 -5.44536994e+01  3.14159260e+00 
 8.41395142e+02  8.41395142e+02  0.00000000e+00 -5.44536994e+01  3.14159260e+00 
 8.65964323e+02  8.65964323e+02  0.00000000e+00 -5.44536994e+01  3.14159260e+00 
 8.91250938e+02  8.91250938e+02  0.00000000e+00 -5.44536994e+01  3.14159259e+00 
 9.17275935e+02  9.17275935e+02  0.00000000e+00 -5.44536994e+01  3.14159259e+00 
 9.44060876e+02  9.44060876e+02  0.00000000e+00 -5.44536994e+01  3.14159259e+00 
 9.71627952e+02  9.71627952e+02  0.00000000e+00 -5.44536994e+01  3.14159259e+00 
 1.00000000e+03  1.00000000e+03  0.00000000e+00 -5.44536994e+01  3.14159259e+00 
 1.02920053e+03  1.02920053e+03  0.00000000e+00 -5.44536994e+01  3.14159259e+00 
 1.05925373e+03  1.05925373e+03  0.00000000e+00 -5.44536994e+01  3.14159258e+00 
 1.09018449e+03  1.09018449e+03  0.00000000e+00 -5.44536994e+01  3.14159258e+00 
 1.12201845e+03  1.12201845e+03  0.00000000e+00 -5.44536994e+01  3.14159258e+00 
 1.15478198e+03  1.15478198e+03  0.00000000e+00 -5.44536994e+01  3.14159258e+00 
 1.18850223e+03  1.18850223e+03  0.00000000e+00 -5.44536994e+01  3.14159257e+00 
 1.22320712e+03  1.22320712e+03  0.00000000e+00 -5.44536994e+01  3.14159257e+00 
 1.25892541e+03  1.25892541e+03  0.00000000e+00 -5.44536994e+01  3.14159257e+00 
 1.29568670e+03  1.29568670e+03  0.00000000e+00 -5.44536994e+01  3.14159257e+00 
 1.33352143e+03  1.33352143e+03  0.00000000e+00 -5.44536994e+01  3.14159256e+00 
 1.37246096e+03  1.37246096e+03  0.00000000e+00 -5.44536994e+01  3.14159256e+00 
 1.41253754e+03  1.41253754e+03  0.00000000e+00 -5.44536994e+01  3.14159256e+00 
 1.45378439e+03  1.45378439e+03  0.00000000e+00 -5.44536994e+01  3.14159256e+00 
 1.49623566e+03  1.49623566e+03  0.00000000e+00 -5.44536994e+01  3.14159255e+00 
 1.53992653e+03  1.53992653e+03  0.00000000e+00 -5.44536994e+01  3.14159255e+00 
 1.58489319e+03  1.58489319e+03  0.00000000e+00 -5.44536994e+01  3.14159255e+00 
 1.63117291e+03  1.63117291e+03  0.00000000e+00 -5.44536994e+01  3.14159255e+00 
 1.67880402e+03  1.67880402e+03  0.00000000e+00 -5.44536994e+01  3.14159254e+00 
 1.72782598e+03  1.72782598e+03  0.00000000e+00 -5.44536994e+01  3.14159254e+00 
 1.77827941e+03  1.77827941e+03  0.00000000e+00 -5.44536994e+01  3.14159254e+00 
 1.83020611e+03  1.83020611e+03  0.00000000e+00 -5.44536994e+01  3.14159253e+00 
 1.88364909e+03  1.88364909e+03  0.00000000e+00 -5.44536994e+01  3.14159253e+00 
 1.93865264e+03  1.93865264e+03  0.00000000e+00 -5.44536994e+01  3.14159252e+00 
 1.99526231e+03  1.99526231e+03  0.00000000e+00 -5.44536994e+01  3.14159252e+00 
 2.05352503e+03  2.05352503e+03  0.00000000e+00 -5.44536994e+01  3.14159252e+00 
 2.11348904e+03  2.11348904e+03  0.00000000e+00 -5.44536994e+01  3.14159251e+00 
 2.17520403e+03  2.17520403e+03  0.00000000e+00 -5.44536994e+01  3.14159251e+00 
 2.23872114e+03  2.23872114e+03  0.00000000e+00 -5.44536994e+01  3.14159250e+00 
 2.30409298e+03  2.30409298e+03  0.00000000e+00 -5.44536994e+01  3.14159250e+00 
 2.37137371e+03  2.37137371e+03  0.00000000e+00 -5.44536994e+01  3.14159250e+00 
 2.44061907e+03  2.44061907e+03  0.00000000e+00 -5.44536994e+01  3.14159249e+00 
 2.51188643e+03  2.51188643e+03  0.00000000e+00 -5.44536994e+01  3.14159249e+00 
 2.58523484e+03  2.58523484e+03  0.00000000e+00 -5.44536994e+01  3.14159248e+00 
 2.66072506e+03  2.66072506e+03  0.00000000e+00 -5.44536994e+01  3.14159248e+00 
 2.73841963e+03  2.73841963e+03  0.00000000e+00 -5.44536994e+01  3.14159247e+00 
 2.81838293e+03  2.81838293e+03  0.00000000e+00 -5.44536994e+01  3.14159247e+00 
 2.90068120e+03  2.90068120e+03  0.00000000e+00 -5.44536994e+01  3.14159246e+00 
 2.98538262e+03  2.98538262e+03  0.00000000e+00 -5.44536994e+01  3.14159246e+00 
 3.07255737e+03  3.07255737e+03  0.00000000e+00 -5.44536994e+01  3.14159245e+00 
 3.16227766e+03  3.16227766e+03  0.00000000e+00 -5.44536994e+01  3.14159244e+00 
 3.25461783e+03  3.25461783e+03  0.00000000e+00 -5.44536994e+01  3.14159244e+00 
 3.34965439e+03  3.34965439e+03  0.00000000e+00 -5.44536994e+01  3.14159243e+00 
 3.44746607e+03  3.44746607e+03  0.00000000e+00 -5.44536994e+01  3.14159242e+00 
 3.54813389e+03  3.54813389e+03  0.00000000e+00 -5.44536994e+01  3.14159242e+00 
 3.65174127e+03  3.65174127e+03  0.00000000e+00 -5.44536994e+01  3.14159241e+00 
 3.75837404e+03  3.75837404e+03  0.00000000e+00 -5.44536994e+01  3.14159240e+00 
 3.86812055e+03  3.86812055e+03  0.00000000e+00 -5.44536994e+01  3.14159240e+00 
 3.98107171e+03  3.98107171e+03  0.00000000e+00 -5.44536994e+01  3.14159239e+00 
 4.09732110e+03  4.09732110e+03  0.00000000e+00 -5.44536994e+01  3.14159238e+00 
 4.21696503e+03  4.21696503e+03  0.00000000e+00 -5.44536994e+01  3.14159237e+00 
 4.34010264e+03  4.34010264e+03  0.00000000e+00 -5.44536994e+01  3.14159237e+00 
 4.46683592e+03  4.46683592e+03  0.00000000e+00 -5.44536994e+01  3.14159236e+00 
 4.59726989e+03  4.59726989e+03  0.00000000e+00 -5.44536994e+01  3.14159235e+00 
 4.73151259e+03  4.73151259e+03  0.00000000e+00 -5.44536994e+01  3.14159234e+00 
 4.86967525e+03  4.86967525e+03  0.00000000e+00 -5.44536994e+01  3.14159233e+00 
 5.01187234e+03  5.01187234e+03  0.00000000e+00 -5.44536994e+01  3.14159232e+00 
 5.15822165e+03  5.15822165e+03  0.00000000e+00 -5.44536994e+01  3.14159231e+00 
 5.30884444e+03  5.30884444e+03  0.00000000e+00 -5.44536994e+01  3.14159230e+00 
 5.46386550e+03  5.46386550e+03  0.00000000e+00 -5.44536994e+01  3.14159229e+00 
 5.62341325e+03  5.62341325e+03  0.00000000e+00 -5.44536994e+01  3.14159228e+00 
 5.78761988e+03  5.78761988e+03  0.00000000e+00 -5.44536994e+01  3.14159227e+00 
 5.95662144e+03  5.95662144e+03  0.00000000e+00 -5.44536994e+01  3.14159226e+00 
 6.13055792e+03  6.13055792e+03  0.00000000e+00 -5.44536994e+01  3.14159225e+00 
 6.30957344e+03  6.30957344e+03  0.00000000e+00 -5.44536994e+01  3.14159223e+00 
 6.49381632e+03  6.49381632e+03  0.00000000e+00 -5.44536994e+01  3.14159222e+00 
 6.68343918e+03  6.68343918e+03  0.00000000e+00 -5.44536994e+01  3.14159221e+00 
 6.87859912e+03  6.87859912e+03  0.00000000e+00 -5.44536994e+01  3.14159220e+00 
 7.07945784e+03  7.07945784e+03  0.00000000e+00 -5.44536994e+01  3.14159218e+00 
 7.28618175e+03  7.28618175e+03  0.00000000e+00 -5.44536994e+01  3.14159217e+00 
 7.49894209e+03  7.49894209e+03  0.00000000e+00 -5.44536994e+01  3.14159216e+00 
 7.71791516e+03  7.71791516e+03  0.00000000e+00 -5.44536994e+01  3.14159214e+00 
 7.94328235e+03  7.94328235e+03  0.00000000e+00 -5.44536994e+01  3.14159213e+00 
 8.17523038e+03  8.17523038e+03  0.00000000e+00 -5.44536994e+01  3.14159211e+00 
 8.41395142e+03  8.41395142e+03  0.00000000e+00 -5.44536994e+01  3.14159209e+00 
 8.65964323e+03  8.65964323e+03  0.00000000e+00 -5.44536994e+01  3.14159208e+00 
 8.91250938e+03  8.91250938e+03  0.00000000e+00 -5.44536994e+01  3.14159206e+00 
 9.17275935e+03  9.17275935e+03  0.00000000e+00 -5.44536994e+01  3.14159204e+00 
 9.44060876e+03  9.44060876e+03  0.00000000e+00 -5.44536994e+01  3.14159203e+00 
 9.71627952e+03  9.71627952e+03  0.00000000e+00 -5.44536994e+01  3.14159201e+00 
 1.00000000e+04  1.00000000e+04  0.00000000e+00 -5.44536994e+01  3.14159199e+00 
 1.02920053e+04  1.02920053e+04  0.00000000e+00 -5.44536994e+01  3.14159197e+00 
 1.05925373e+04  1.05925373e+04  0.00000000e+00 -5.44536994e+01  3.14159195e+00 
 1.09018449e+04  1.09018449e+04  0.00000000e+00 -5.44536994e+01  3.14159193e+00 
 1.12201845e+04  1.12201845e+04  0.00000000e+00 -5.44536994e+01  3.14159191e+00 
 1.15478198e+04  1.15478198e+04  0.00000000e+00 -5.44536994e+01  3.14159189e+00 
 1.18850223e+04  1.18850223e+04  0.00000000e+00 -5.44536994e+01  3.14159186e+00 
 1.22320712e+04  1.22320712e+04  0.00000000e+00 -5.44536994e+01  3.14159184e+00 
 1.25892541e+04  1.25892541e+04  0.00000000e+00 -5.44536994e+01  3.14159182e+00 
 1.29568670e+04  1.29568670e+04  0.00000000e+00 -5.44536994e+01  3.14159179e+00 
 1.33352143e+04  1.33352143e+04  0.00000000e+00 -5.44536994e+01  3.14159177e+00 
 1.37246096e+04  1.37246096e+04  0.00000000e+00 -5.44536994e+01  3.14159174e+00 
 1.41253754e+04  1.41253754e+04  0.00000000e+00 -5.44536994e+01  3.14159171e+00 
 1.45378439e+04  1.45378439e+04  0.00000000e+00 -5.44536994e+01  3.14159169e+00 
 1.49623566e+04  1.49623566e+04  0.00000000e+00 -5.44536994e+01  3.14159166e+00 
 1.53992653e+04  1.53992653e+04  0.00000000e+00 -5.44536994e+01  3.14159163e+00 
 1.58489319e+04  1.58489319e+04  0.00000000e+00 -5.44536994e+01  3.14159160e+00 
 1.63117291e+04  1.63117291e+04  0.00000000e+00 -5.44536994e+01  3.14159157e+00 
 1.67880402e+04  1.67880402e+04  0.00000000e+00 -5.44536994e+01  3.14159154e+00 
 1.72782598e+04  1.72782598e+04  0.00000000e+00 -5.44536994e+01  3.14159150e+00 
 1.77827941e+04  1.77827941e+04  0.00000000e+00 -5.44536994e+01  3.14159147e+00 
 1.83020611e+04  1.83020611e+04  0.00000000e+00 -5.44536994e+01  3.14159144e+00 
 1.88364909e+04  1.88364909e+04  0.00000000e+00 -5.44536994e+01  3.14159140e+00 
 1.93865264e+04  1.93865264e+04  0.00000000e+00 -5.44536994e+01  3.14159136e+00 
 1.99526231e+04  1.99526231e+04  0.00000000e+00 -5.44536994e+01  3.14159133e+00 
 2.05352503e+04  2.05352503e+04  0.00000000e+00 -5.44536994e+01  3.14159129e+00 
 2.11348904e+04  2.11348904e+04  0.00000000e+00 -5.44536994e+01  3.14159125e+00 
 2.17520403e+04  2.17520403e+04  0.00000000e+00 -5.44536994e+01  3.14159121e+00 
 2.23872114e+04  2.23872114e+04  0.00000000e+00 -5.44536994e+01  3.14159117e+00 
 2.30409298e+04  2.30409298e+04  0.00000000e+00 -5.44536994e+01  3.14159112e+00 
 2.37137371e+04  2.37137371e+04  0.00000000e+00 -5.44536994e+01  3.14159108e+00 
 2.44061907e+04  2.44061907e+04  0.00000000e+00 -5.44536994e+01  3.14159103e+00 
 2.51188643e+04  2.51188643e+04  0.00000000e+00 -5.44536994e+01  3.14159098e+00 
 2.58523484e+04  2.58523484e+04  0.00000000e+00 -5.44536994e+01  3.14159093e+00 
 2.66072506e+04  2.66072506e+04  0.00000000e+00 -5.44536994e+01  3.14159088e+00 
 2.73841963e+04  2.73841963e+04  0.00000000e+00 -5.44536994e+01  3.14159083e+00 
 2.81838293e+04  2.81838293e+04  0.00000000e+00 -5.44536994e+01  3.14159078e+00 
 2.90068120e+04  2.90068120e+04  0.00000000e+00 -5.44536994e+01  3.14159073e+00 
 2.98538262e+04  2.98538262e+04  0.00000000e+00 -5.44536994e+01  3.14159067e+00 
 3.07255737e+04  3.07255737e+04  0.00000000e+00 -5.44536994e+01  3.14159061e+00 
 3.16227766e+04  3.16227766e+04  0.00000000e+00 -5.44536994e+01  3.14159055e+00 
 3.25461783e+04  3.25461783e+04  0.00000000e+00 -5.44536994e+01  3.14159049e+00 
 3.34965439e+04  3.34965439e+04  0.00000000e+00 -5.44536994e+01  3.14159043e+00 
 3.44746607e+04  3.44746607e+04  0.00000000e+00 -5.44536994e+01  3.14159036e+00 
 3.54813389e+04  3.54813389e+04  0.00000000e+00 -5.44536994e+01  3.14159029e+00 
 3.65174127e+04  3.65174127e+04  0.00000000e+00 -5.44536994e+01  3.14159023e+00 
 3.75837404e+04  3.75837404e+04  0.00000000e+00 -5.44536994e+01  3.14159015e+00 
 3.86812055e+04  3.86812055e+04  0.00000000e+00 -5.44536994e+01  3.14159008e+00 
 3.98107171e+04  3.98107171e+04  0.00000000e+00 -5.44536994e+01  3.14159001e+00 
 4.09732110e+04  4.09732110e+04  0.00000000e+00 -5.44536994e+01  3.14158993e+00 
 4.21696503e+04  4.21696503e+04  0.00000000e+00 -5.44536994e+01  3.14158985e+00 
 4.34010264e+04  4.34010264e+04  0.00000000e+00 -5.44536994e+01  3.14158977e+00 
 4.46683592e+04  4.46683592e+04  0.00000000e+00 -5.44536994e+01  3.14158968e+00 
 4.59726989e+04  4.59726989e+04  0.00000000e+00 -5.44536994e+01  3.14158960e+00 
 4.73151259e+04  4.73151259e+04  0.00000000e+00 -5.44536994e+01  3.14158951e+00 
 4.86967525e+04  4.86967525e+04  0.00000000e+00 -5.44536994e+01  3.14158942e+00 
 5.01187234e+04  5.01187234e+04  0.00000000e+00 -5.44536994e+01  3.14158932e+00 
 5.15822165e+04  5.15822165e+04  0.00000000e+00 -5.44536994e+01  3.14158922e+00 
 5.30884444e+04  5.30884444e+04  0.00000000e+00 -5.44536994e+01  3.14158912e+00 
 5.46386550e+04  5.46386550e+04  0.00000000e+00 -5.44536994e+01  3.14158902e+00 
 5.62341325e+04  5.62341325e+04  0.00000000e+00 -5.44536994e+01  3.14158891e+00 
 5.78761988e+04  5.78761988e+04  0.00000000e+00 -5.44536994e+01  3.14158881e+00 
 5.95662144e+04  5.95662144e+04  0.00000000e+00 -5.44536994e+01  3.14158869e+00 
 6.13055792e+04  6.13055792e+04  0.00000000e+00 -5.44536994e+01  3.14158858e+00 
 6.30957344e+04  6.30957344e+04  0.00000000e+00 -5.44536994e+01  3.14158846e+00 
 6.49381632e+04  6.49381632e+04  0.00000000e+00 -5.44536994e+01  3.14158834e+00 
 6.68343918e+04  6.68343918e+04  0.00000000e+00 -5.44536994e+01  3.14158821e+00 
 6.87859912e+04  6.87859912e+04  0.00000000e+00 -5.44536994e+01  3.14158808e+00 
 7.07945784e+04  7.07945784e+04  0.00000000e+00 -5.44536994e+01  3.14158795e+00 
 7.28618175e+04  7.28618175e+04  0.00000000e+00 -5.44536994e+01  3.14158781e+00 
 7.49894209e+04  7.49894209e+04  0.00000000e+00 -5.44536994e+01  3.14158767e+00 
 7.71791516e+04  7.71791516e+04  0.00000000e+00 -5.44536994e+01  3.14158752e+00 
 7.94328235e+04  7.94328235e+04  0.00000000e+00 -5.44536994e+01  3.14158737e+00 
 8.17523038e+04  8.17523038e+04  0.00000000e+00 -5.44536994e+01  3.14158722e+00 
 8.41395142e+04  8.41395142e+04  0.00000000e+00 -5.44536994e+01  3.14158706e+00 
 8.65964323e+04  8.65964323e+04  0.00000000e+00 -5.44536994e+01  3.14158690e+00 
 8.91250938e+04  8.91250938e+04  0.00000000e+00 -5.44536994e+01  3.14158673e+00 
 9.17275935e+04  9.17275935e+04  0.00000000e+00 -5.44536994e+01  3.14158656e+00 
 9.44060876e+04  9.44060876e+04  0.00000000e+00 -5.44536994e+01  3.14158638e+00 
 9.71627952e+04  9.71627952e+04  0.00000000e+00 -5.44536994e+01  3.14158619e+00 
 1.00000000e+05  1.00000000e+05  0.00000000e+00 -5.44536994e+01  3.14158601e+00 
 1.02920053e+05  1.02920053e+05  0.00000000e+00 -5.44536994e+01  3.14158581e+00 
 1.05925373e+05  1.05925373e+05  0.00000000e+00 -5.44536994e+01  3.14158561e+00 
 1.09018449e+05  1.09018449e+05  0.00000000e+00 -5.44536994e+01  3.14158541e+00 
 1.12201845e+05  1.12201845e+05  0.00000000e+00 -5.44536994e+01  3.14158519e+00 
 1.15478198e+05  1.15478198e+05  0.00000000e+00 -5.44536994e+01  3.14158498e+00 
 1.18850223e+05  1.18850223e+05  0.00000000e+00 -5.44536994e+01  3.14158475e+00 
 1.22320712e+05  1.22320712e+05  0.00000000e+00 -5.44536994e+01  3.14158452e+00 
 1.25892541e+05  1.25892541e+05  0.00000000e+00 -5.44536994e+01  3.14158428e+00 
 1.29568670e+05  1.29568670e+05  0.00000000e+00 -5.44536994e+01  3.14158404e+00 
 1.33352143e+05  1.33352143e+05  0.00000000e+00 -5.44536994e+01  3.14158379e+00 
 1.37246096e+05  1.37246096e+05  0.00000000e+00 -5.44536994e+01  3.14158353e+00 
 1.41253754e+05  1.41253754e+05  0.00000000e+00 -5.44536994e+01  3.14158326e+00 
 1.45378439e+05  1.45378439e+05  0.00000000e+00 -5.44536994e+01  3.14158299e+00 
 1.49623566e+05  1.49623566e+05  0.00000000e+00 -5.44536994e+01  3.14158271e+00 
 1.53992653e+05  1.53992653e+05  0.00000000e+00 -5.44536994e+01  3.14158242e+00 
 1.58489319e+05  1.58489319e+05  0.00000000e+00 -5.44536994e+01  3.14158212e+00 
 1.63117291e+05  1.63117291e+05  0.00000000e+00 -5.44536994e+01  3.14158181e+00 
 1.67880402e+05  1.67880402e+05  0.00000000e+00 -5.44536994e+01  3.14158149e+00 
 1.72782598e+05  1.72782598e+05  0.00000000e+00 -5.44536994e+01  3.14158117e+00 
 1.77827941e+05  1.77827941e+05  0.00000000e+00 -5.44536994e+01  3.14158083e+00 
 1.83020611e+05  1.83020611e+05  0.00000000e+00 -5.44536994e+01  3.14158049e+00 
 1.88364909e+05  1.88364909e+05  0.00000000e+00 -5.44536994e+01  3.14158013e+00 
 1.93865264e+05  1.93865264e+05  0.00000000e+00 -5.44536994e+01  3.14157976e+00 
 1.99526231e+05  1.99526231e+05  0.00000000e+00 -5.44536994e+01  3.14157939e+00 
 2.05352503e+05  2.05352503e+05  0.00000000e+00 -5.44536994e+01  3.14157900e+00 
 2.11348904e+05  2.11348904e+05  0.00000000e+00 -5.44536994e+01  3.14157860e+00 
 2.17520403e+05  2.17520403e+05  0.00000000e+00 -5.44536994e+01  3.14157819e+00 
 2.23872114e+05  2.23872114e+05  0.00000000e+00 -5.44536994e+01  3.14157777e+00 
 2.30409298e+05  2.30409298e+05  0.00000000e+00 -5.44536994e+01  3.14157734e+00 
 2.37137371e+05  2.37137371e+05  0.00000000e+00 -5.44536994e+01  3.14157689e+00 
 2.44061907e+05  2.44061907e+05  0.00000000e+00 -5.44536994e+01  3.14157643e+00 
 2.51188643e+05  2.51188643e+05  0.00000000e+00 -5.44536994e+01  3.14157595e+00 
 2.58523484e+05  2.58523484e+05  0.00000000e+00 -5.44536994e+01  3.14157547e+00 
 2.66072506e+05  2.66072506e+05  0.00000000e+00 -5.44536994e+01  3.14157496e+00 
 2.73841963e+05  2.73841963e+05  0.00000000e+00 -5.44536994e+01  3.14157445e+00 
 2.81838293e+05  2.81838293e+05  0.00000000e+00 -5.44536994e+01  3.14157392e+00 
 2.90068120e+05  2.90068120e+05  0.00000000e+00 -5.44536994e+01  3.14157337e+00 
 2.98538262e+05  2.98538262e+05  0.00000000e+00 -5.44536994e+01  3.14157281e+00 
 3.07255737e+05  3.07255737e+05  0.00000000e+00 -5.44536994e+01  3.14157223e+00 
 3.16227766e+05  3.16227766e+05  0.00000000e+00 -5.44536994e+01  3.14157163e+00 
 3.25461783e+05  3.25461783e+05  0.00000000e+00 -5.44536994e+01  3.14157102e+00 
 3.34965439e+05  3.34965439e+05  0.00000000e+00 -5.44536994e+01  3.14157038e+00 
 3.44746607e+05  3.44746607e+05  0.00000000e+00 -5.44536994e+01  3.14156973e+00 
 3.54813389e+05  3.54813389e+05  0.00000000e+00 -5.44536994e+01  3.14156906e+00 
 3.65174127e+05  3.65174127e+05  0.00000000e+00 -5.44536994e+01  3.14156838e+00 
 3.75837404e+05  3.75837404e+05  0.00000000e+00 -5.44536994e+01  3.14156767e+00 
 3.86812055e+05  3.86812055e+05  0.00000000e+00 -5.44536994e+01  3.14156694e+00 
 3.98107171e+05  3.98107171e+05  0.00000000e+00 -5.44536994e+01  3.14156619e+00 
 4.09732110e+05  4.09732110e+05  0.00000000e+00 -5.44536994e+01  3.14156541e+00 
 4.21696503e+05  4.21696503e+05  0.00000000e+00 -5.44536994e+01  3.14156462e+00 
 4.34010264e+05  4.34010264e+05  0.00000000e+00 -5.44536994e+01  3.14156380e+00 
 4.46683592e+05  4.46683592e+05  0.00000000e+00 -5.44536994e+01  3.14156296e+00 
 4.59726989e+05  4.59726989e+05  0.00000000e+00 -5.44536994e+01  3.14156209e+00 
 4.73151259e+05  4.73151259e+05  0.00000000e+00 -5.44536994e+01  3.14156120e+00 
 4.86967525e+05  4.86967525e+05  0.00000000e+00 -5.44536994e+01  3.14156028e+00 
 5.01187234e+05  5.01187234e+05  0.00000000e+00 -5.44536994e+01  3.14155933e+00 
 5.15822165e+05  5.15822165e+05  0.00000000e+00 -5.44536994e+01  3.14155836e+00 
 5.30884444e+05  5.30884444e+05  0.00000000e+00 -5.44536994e+01  3.14155736e+00 
 5.46386550e+05  5.46386550e+05  0.00000000e+00 -5.44536994e+01  3.14155633e+00 
 5.62341325e+05  5.62341325e+05  0.00000000e+00 -5.44536994e+01  3.14155527e+00 
 5.78761988e+05  5.78761988e+05  0.00000000e+00 -5.44536994e+01  3.14155418e+00 
 5.95662144e+05  5.95662144e+05  0.00000000e+00 -5.44536994e+01  3.14155305e+00 
 6.13055792e+05  6.13055792e+05  0.00000000e+00 -5.44536994e+01  3.14155190e+00 
 6.30957344e+05  6.30957344e+05  0.00000000e+00 -5.44536994e+01  3.14155070e+00 
 6.49381632e+05  6.49381632e+05  0.00000000e+00 -5.44536994e+01  3.14154948e+00 
 6.68343918e+05  6.68343918e+05  0.00000000e+00 -5.44536994e+01  3.14154822e+00 
 6.87859912e+05  6.87859912e+05  0.00000000e+00 -5.44536994e+01  3.14154692e+00 
 7.07945784e+05  7.07945784e+05  0.00000000e+00 -5.44536994e+01  3.14154559e+00 
 7.28618175e+05  7.28618175e+05  0.00000000e+00 -5.44536994e+01  3.14154421e+00 
 7.49894209e+05  7.49894209e+05  0.00000000e+00 -5.44536994e+01  3.14154280e+00 
 7.71791516e+05  7.71791516e+05  0.00000000e+00 -5.44536994e+01  3.14154134e+00 
 7.94328235e+05  7.94328235e+05  0.00000000e+00 -5.44536994e+01  3.14153984e+00 
 8.17523038e+05  8.17523038e+05  0.00000000e+00 -5.44536994e+01  3.14153830e+00 
 8.41395142e+05  8.41395142e+05  0.00000000e+00 -5.44536994e+01  3.14153671e+00 
 8.65964323e+05  8.65964323e+05  0.00000000e+00 -5.44536994e+01  3.14153508e+00 
 8.91250938e+05  8.91250938e+05  0.00000000e+00 -5.44536994e+01  3.14153340e+00 
 9.17275935e+05  9.17275935e+05  0.00000000e+00 -5.44536994e+01  3.14153167e+00 
 9.44060876e+05  9.44060876e+05  0.00000000e+00 -5.44536994e+01  3.14152989e+00 
 9.71627952e+05  9.71627952e+05  0.00000000e+00 -5.44536994e+01  3.14152806e+00 
 1.00000000e+06  1.00000000e+06  0.00000000e+00 -5.44536994e+01  3.14152617e+00 
 1.02920053e+06  1.02920053e+06  0.00000000e+00 -5.44536994e+01  3.14152423e+00 
 1.05925373e+06  1.05925373e+06  0.00000000e+00 -5.44536994e+01  3.14152223e+00 
 1.09018449e+06  1.09018449e+06  0.00000000e+00 -5.44536994e+01  3.14152017e+00 
 1.12201845e+06  1.12201845e+06  0.00000000e+00 -5.44536994e+01  3.14151806e+00 
 1.15478198e+06  1.15478198e+06  0.00000000e+00 -5.44536994e+01  3.14151588e+00 
 1.18850223e+06  1.18850223e+06  0.00000000e+00 -5.44536994e+01  3.14151364e+00 
 1.22320712e+06  1.22320712e+06  0.00000000e+00 -5.44536994e+01  3.14151133e+00 
 1.25892541e+06  1.25892541e+06  0.00000000e+00 -5.44536994e+01  3.14150896e+00 
 1.29568670e+06  1.29568670e+06  0.00000000e+00 -5.44536994e+01  3.14150651e+00 
 1.33352143e+06  1.33352143e+06  0.00000000e+00 -5.44536994e+01  3.14150400e+00 
 1.37246096e+06  1.37246096e+06  0.00000000e+00 -5.44536994e+01  3.14150141e+00 
 1.41253754e+06  1.41253754e+06  0.00000000e+00 -5.44536994e+01  3.14149874e+00 
 1.45378439e+06  1.45378439e+06  0.00000000e+00 -5.44536994e+01  3.14149600e+00 
 1.49623566e+06  1.49623566e+06  0.00000000e+00 -5.44536994e+01  3.14149318e+00 
 1.53992653e+06  1.53992653e+06  0.00000000e+00 -5.44536994e+01  3.14149027e+00 
 1.58489319e+06  1.58489319e+06  0.00000000e+00 -5.44536994e+01  3.14148728e+00 
 1.63117291e+06  1.63117291e+06  0.00000000e+00 -5.44536994e+01  3.14148421e+00 
 1.67880402e+06  1.67880402e+06  0.00000000e+00 -5.44536994e+01  3.14148104e+00 
 1.72782598e+06  1.72782598e+06  0.00000000e+00 -5.44536994e+01  3.14147778e+00 
 1.77827941e+06  1.77827941e+06  0.00000000e+00 -5.44536994e+01  3.14147443e+00 
 1.83020611e+06  1.83020611e+06  0.00000000e+00 -5.44536994e+01  3.14147097e+00 
 1.88364909e+06  1.88364909e+06  0.00000000e+00 -5.44536994e+01  3.14146742e+00 
 1.93865264e+06  1.93865264e+06  0.00000000e+00 -5.44536994e+01  3.14146376e+00 
 1.99526231e+06  1.99526231e+06  0.00000000e+00 -5.44536994e+01  3.14146000e+00 
 2.05352503e+06  2.05352503e+06  0.00000000e+00 -5.44536994e+01  3.14145613e+00 
 2.11348904e+06  2.11348904e+06  0.00000000e+00 -5.44536994e+01  3.14145214e+00 
 2.17520403e+06  2.17520403e+06  0.00000000e+00 -5.44536994e+01  3.14144804e+00 
 2.23872114e+06  2.23872114e+06  0.00000000e+00 -5.44536994e+01  3.14144381e+00 
 2.30409298e+06  2.30409298e+06  0.00000000e+00 -5.44536994e+01  3.14143947e+00 
 2.37137371e+06  2.37137371e+06  0.00000000e+00 -5.44536994e+01  3.14143499e+00 
 2.44061907e+06  2.44061907e+06  0.00000000e+00 -5.44536995e+01  3.14143039e+00 
 2.51188643e+06  2.51188643e+06  0.00000000e+00 -5.44536995e+01  3.14142565e+00 
 2.58523484e+06  2.58523484e+06  0.00000000e+00 -5.44536995e+01  3.14142078e+00 
 2.66072506e+06  2.66072506e+06  0.00000000e+00 -5.44536995e+01  3.14141576e+00 
 2.73841963e+06  2.73841963e+06  0.00000000e+00 -5.44536995e+01  3.14141059e+00 
 2.81838293e+06  2.81838293e+06  0.00000000e+00 -5.44536995e+01  3.14140528e+00 
 2.90068120e+06  2.90068120e+06  0.00000000e+00 -5.44536995e+01  3.14139980e+00 
 2.98538262e+06  2.98538262e+06  0.00000000e+00 -5.44536995e+01  3.14139417e+00 
 3.07255737e+06  3.07255737e+06  0.00000000e+00 -5.44536995e+01  3.14138838e+00 
 3.16227766e+06  3.16227766e+06  0.00000000e+00 -5.44536995e+01  3.14138241e+00 
 3.25461783e+06  3.25461783e+06  0.00000000e+00 -5.44536995e+01  3.14137627e+00 
 3.34965439e+06  3.34965439e+06  0.00000000e+00 -5.44536995e+01  3.14136995e+00 
 3.44746607e+06  3.44746607e+06  0.00000000e+00 -5.44536995e+01  3.14136345e+00 
 3.54813389e+06  3.54813389e+06  0.00000000e+00 -5.44536995e+01  3.14135676e+00 
 3.65174127e+06  3.65174127e+06  0.00000000e+00 -5.44536995e+01  3.14134987e+00 
 3.75837404e+06  3.75837404e+06  0.00000000e+00 -5.44536995e+01  3.14134278e+00 
 3.86812055e+06  3.86812055e+06  0.00000000e+00 -5.44536995e+01  3.14133548e+00 
 3.98107171e+06  3.98107171e+06  0.00000000e+00 -5.44536995e+01  3.14132798e+00 
 4.09732110e+06  4.09732110e+06  0.00000000e+00 -5.44536995e+01  3.14132025e+00 
 4.21696503e+06  4.21696503e+06  0.00000000e+00 -5.44536995e+01  3.14131229e+00 
 4.34010264e+06  4.34010264e+06  0.00000000e+00 -5.44536995e+01  3.14130411e+00 
 4.46683592e+06  4.46683592e+06  0.00000000e+00 -5.44536995e+01  3.14129568e+00 
 4.59726989e+06  4.59726989e+06  0.00000000e+00 -5.44536995e+01  3.14128701e+00 
 4.73151259e+06  4.73151259e+06  0.00000000e+00 -5.44536995e+01  3.14127808e+00 
 4.86967525e+06  4.86967525e+06  0.00000000e+00 -5.44536996e+01  3.14126890e+00 
 5.01187234e+06  5.01187234e+06  0.00000000e+00 -5.44536996e+01  3.14125944e+00 
 5.15822165e+06  5.15822165e+06  0.00000000e+00 -5.44536996e+01  3.14124971e+00 
 5.30884444e+06  5.30884444e+06  0.00000000e+00 -5.44536996e+01  3.14123970e+00 
 5.46386550e+06  5.46386550e+06  0.00000000e+00 -5.44536996e+01  3.14122939e+00 
 5.62341325e+06  5.62341325e+06  0.00000000e+00 -5.44536996e+01  3.14121879e+00 
 5.78761988e+06  5.78761988e+06  0.00000000e+00 -5.44536996e+01  3.14120787e+00 
 5.95662144e+06  5.95662144e+06  0.00000000e+00 -5.44536996e+01  3.14119663e+00 
 6.13055792e+06  6.13055792e+06  0.00000000e+00 -5.44536996e+01  3.14118507e+00 
 6.30957344e+06  6.30957344e+06  0.00000000e+00 -5.44536997e+01  3.14117317e+00 
 6.49381632e+06  6.49381632e+06  0.00000000e+00 -5.44536997e+01  3.14116092e+00 
 6.68343918e+06  6.68343918e+06  0.00000000e+00 -5.44536997e+01  3.14114831e+00 
 6.87859912e+06  6.87859912e+06  0.00000000e+00 -5.44536997e+01  3.14113534e+00 
 7.07945784e+06  7.07945784e+06  0.00000000e+00 -5.44536997e+01  3.14112198e+00 
 7.28618175e+06  7.28618175e+06  0.00000000e+00 -5.44536997e+01  3.14110824e+00 
 7.49894209e+06  7.49894209e+06  0.00000000e+00 -5.44536997e+01  3.14109409e+00 
 7.71791516e+06  7.71791516e+06  0.00000000e+00 -5.44536998e+01  3.14107953e+00 
 7.94328235e+06  7.94328235e+06  0.00000000e+00 -5.44536998e+01  3.14106455e+00 
 8.17523038e+06  8.17523038e+06  0.00000000e+00 -5.44536998e+01  3.14104913e+00 
 8.41395142e+06  8.41395142e+06  0.00000000e+00 -5.44536998e+01  3.14103326e+00 
 8.65964323e+06  8.65964323e+06  0.00000000e+00 -5.44536999e+01  3.14101692e+00 
 8.91250938e+06  8.91250938e+06  0.00000000e+00 -5.44536999e+01  3.14100011e+00 
 9.17275935e+06  9.17275935e+06  0.00000000e+00 -5.44536999e+01  3.14098281e+00 
 9.44060876e+06  9.44060876e+06  0.00000000e+00 -5.44536999e+01  3.14096500e+00 
 9.71627952e+06  9.71627952e+06  0.00000000e+00 -5.44537000e+01  3.14094668e+00 
 1.00000000e+07  1.00000000e+07  0.00000000e+00 -5.44537000e+01  3.14092781e+00 
 1.02920053e+07  1.02920053e+07  0.00000000e+00 -5.44537000e+01  3.14090840e+00 
 1.05925373e+07  1.05925373e+07  0.00000000e+00 -5.44537001e+01  3.14088842e+00 
 1.09018449e+07  1.09018449e+07  0.00000000e+00 -5.44537001e+01  3.14086785e+00 
 1.12201845e+07  1.12201845e+07  0.00000000e+00 -5.44537002e+01  3.14084669e+00 
 1.15478198e+07  1.15478198e+07  0.00000000e+00 -5.44537002e+01  3.14082491e+00 
 1.18850223e+07  1.18850223e+07  0.00000000e+00 -5.44537003e+01  3.14080249e+00 
 1.22320712e+07  1.22320712e+07  0.00000000e+00 -5.44537003e+01  3.14077941e+00 
 1.25892541e+07  1.25892541e+07  0.00000000e+00 -5.44537004e+01  3.14075567e+00 
 1.29568670e+07  1.29568670e+07  0.00000000e+00 -5.44537004e+01  3.14073123e+00 
 1.33352143e+07  1.33352143e+07  0.00000000e+00 -5.44537005e+01  3.14070607e+00 
 1.37246096e+07  1.37246096e+07  0.00000000e+00 -5.44537005e+01  3.14068018e+00 
 1.41253754e+07  1.41253754e+07  0.00000000e+00 -5.44537006e+01  3.14065354e+00 
 1.45378439e+07  1.45378439e+07  0.00000000e+00 -5.44537007e+01  3.14062612e+00 
 1.49623566e+07  1.49623566e+07  0.00000000e+00 -5.44537007e+01  3.14059789e+00 
 1.53992653e+07  1.53992653e+07  0.00000000e+00 -5.44537008e+01  3.14056885e+00 
 1.58489319e+07  1.58489319e+07  0.00000000e+00 -5.44537009e+01  3.14053895e+00 
 1.63117291e+07  1.63117291e+07  0.00000000e+00 -5.44537010e+01  3.14050818e+00 
 1.67880402e+07  1.67880402e+07  0.00000000e+00 -5.44537011e+01  3.14047652e+00 
 1.72782598e+07  1.72782598e+07  0.00000000e+00 -5.44537012e+01  3.14044392e+00 
 1.77827941e+07  1.77827941e+07  0.00000000e+00 -5.44537013e+01  3.14041038e+00 
 1.83020611e+07  1.83020611e+07  0.00000000e+00 -5.44537014e+01  3.14037586e+00 
 1.88364909e+07  1.88364909e+07  0.00000000e+00 -5.44537015e+01  3.14034033e+00 
 1.93865264e+07  1.93865264e+07  0.00000000e+00 -5.44537016e+01  3.14030376e+00 
 1.99526231e+07  1.99526231e+07  0.00000000e+00 -5.44537018e+01  3.14026612e+00 
 2.05352503e+07  2.05352503e+07  0.00000000e+00 -5.44537019e+01  3.14022739e+00 
 2.11348904e+07  2.11348904e+07  0.00000000e+00 -5.44537021e+01  3.14018752e+00 
 2.17520403e+07  2.17520403e+07  0.00000000e+00 -5.44537022e+01  3.14014649e+00 
 2.23872114e+07  2.23872114e+07  0.00000000e+00 -5.44537024e+01  3.14010426e+00 
 2.30409298e+07  2.30409298e+07  0.00000000e+00 -5.44537026e+01  3.14006080e+00 
 2.37137371e+07  2.37137371e+07  0.00000000e+00 -5.44537027e+01  3.14001607e+00 
 2.44061907e+07  2.44061907e+07  0.00000000e+00 -5.44537029e+01  3.13997003e+00 
 2.51188643e+07  2.51188643e+07  0.00000000e+00 -5.44537032e+01  3.13992265e+00 
 2.58523484e+07  2.58523484e+07  0.00000000e+00 -5.44537034e+01  3.13987388e+00 
 2.66072506e+07  2.66072506e+07  0.00000000e+00 -5.44537036e+01  3.13982369e+00 
 2.73841963e+07  2.73841963e+07  0.00000000e+00 -5.44537039e+01  3.13977204e+00 
 2.81838293e+07  2.81838293e+07  0.00000000e+00 -5.44537041e+01  3.13971888e+00 
 2.90068120e+07  2.90068120e+07  0.00000000e+00 -5.44537044e+01  3.13966416e+00 
 2.98538262e+07  2.98538262e+07  0.00000000e+00 -5.44537047e+01  3.13960785e+00 
 3.07255737e+07  3.07255737e+07  0.00000000e+00 -5.44537050e+01  3.13954989e+00 
 3.16227766e+07  3.16227766e+07  0.00000000e+00 -5.44537053e+01  3.13949024e+00 
 3.25461783e+07  3.25461783e+07  0.00000000e+00 -5.44537057e+01  3.13942885e+00 
 3.34965439e+07  3.34965439e+07  0.00000000e+00 -5.44537061e+01  3.13936567e+00 
 3.44746607e+07  3.44746607e+07  0.00000000e+00 -5.44537065e+01  3.13930064e+00 
 3.54813389e+07  3.54813389e+07  0.00000000e+00 -5.44537069e+01  3.13923371e+00 
 3.65174127e+07  3.65174127e+07  0.00000000e+00 -5.44537073e+01  3.13916483e+00 
 3.75837404e+07  3.75837404e+07  0.00000000e+00 -5.44537078e+01  3.13909393e+00 
 3.86812055e+07  3.86812055e+07  0.00000000e+00 -5.44537083e+01  3.13902097e+00 
 3.98107171e+07  3.98107171e+07  0.00000000e+00 -5.44537088e+01  3.13894587e+00 
 4.09732110e+07  4.09732110e+07  0.00000000e+00 -5.44537094e+01  3.13886859e+00 
 4.21696503e+07  4.21696503e+07  0.00000000e+00 -5.44537100e+01  3.13878904e+00 
 4.34010264e+07  4.34010264e+07  0.00000000e+00 -5.44537106e+01  3.13870718e+00 
 4.46683592e+07  4.46683592e+07  0.00000000e+00 -5.44537112e+01  3.13862292e+00 
 4.59726989e+07  4.59726989e+07  0.00000000e+00 -5.44537119e+01  3.13853620e+00 
 4.73151259e+07  4.73151259e+07  0.00000000e+00 -5.44537127e+01  3.13844695e+00 
 4.86967525e+07  4.86967525e+07  0.00000000e+00 -5.44537135e+01  3.13835510e+00 
 5.01187234e+07  5.01187234e+07  0.00000000e+00 -5.44537143e+01  3.13826056e+00 
 5.15822165e+07  5.15822165e+07  0.00000000e+00 -5.44537152e+01  3.13816326e+00 
 5.30884444e+07  5.30884444e+07  0.00000000e+00 -5.44537161e+01  3.13806312e+00 
 5.46386550e+07  5.46386550e+07  0.00000000e+00 -5.44537171e+01  3.13796005e+00 
 5.62341325e+07  5.62341325e+07  0.00000000e+00 -5.44537182e+01  3.13785398e+00 
 5.78761988e+07  5.78761988e+07  0.00000000e+00 -5.44537193e+01  3.13774481e+00 
 5.95662144e+07  5.95662144e+07  0.00000000e+00 -5.44537205e+01  3.13763245e+00 
 6.13055792e+07  6.13055792e+07  0.00000000e+00 -5.44537217e+01  3.13751681e+00 
 6.30957344e+07  6.30957344e+07  0.00000000e+00 -5.44537230e+01  3.13739780e+00 
 6.49381632e+07  6.49381632e+07  0.00000000e+00 -5.44537244e+01  3.13727530e+00 
 6.68343918e+07  6.68343918e+07  0.00000000e+00 -5.44537259e+01  3.13714924e+00 
 6.87859912e+07  6.87859912e+07  0.00000000e+00 -5.44537275e+01  3.13701949e+00 
 7.07945784e+07  7.07945784e+07  0.00000000e+00 -5.44537291e+01  3.13688595e+00 
 7.28618175e+07  7.28618175e+07  0.00000000e+00 -5.44537309e+01  3.13674851e+00 
 7.49894209e+07  7.49894209e+07  0.00000000e+00 -5.44537328e+01  3.13660706e+00 
 7.71791516e+07  7.71791516e+07  0.00000000e+00 -5.44537347e+01  3.13646148e+00 
 7.94328235e+07  7.94328235e+07  0.00000000e+00 -5.44537368e+01  3.13631165e+00 
 8.17523038e+07  8.17523038e+07  0.00000000e+00 -5.44537390e+01  3.13615744e+00 
 8.41395142e+07  8.41395142e+07  0.00000000e+00 -5.44537414e+01  3.13599873e+00 
 8.65964323e+07  8.65964323e+07  0.00000000e+00 -5.44537439e+01  3.13583539e+00 
 8.91250938e+07  8.91250938e+07  0.00000000e+00 -5.44537465e+01  3.13566727e+00 
 9.17275935e+07  9.17275935e+07  0.00000000e+00 -5.44537493e+01  3.13549425e+00 
 9.44060876e+07  9.44060876e+07  0.00000000e+00 -5.44537523e+01  3.13531617e+00 
 9.71627952e+07  9.71627952e+07  0.00000000e+00 -5.44537554e+01  3.13513290e+00 
 1.00000000e+08  1.00000000e+08  0.00000000e+00 -5.44537587e+01  3.13494427e+00 
 1.02920053e+08  1.02920053e+08  0.00000000e+00 -5.44537622e+01  3.13475014e+00 
 1.05925373e+08  1.05925373e+08  0.00000000e+00 -5.44537659e+01  3.13455033e+00 
 1.09018449e+08  1.09018449e+08  0.00000000e+00 -5.44537699e+01  3.13434470e+00 
 1.12201845e+08  1.12201845e+08  0.00000000e+00 -5.44537741e+01  3.13413306e+00 
 1.15478198e+08  1.15478198e+08  0.00000000e+00 -5.44537785e+01  3.13391523e+00 
 1.18850223e+08  1.18850223e+08  0.00000000e+00 -5.44537832e+01  3.13369105e+00 
 1.22320712e+08  1.22320712e+08  0.00000000e+00 -5.44537881e+01  3.13346032e+00 
 1.25892541e+08  1.25892541e+08  0.00000000e+00 -5.44537934e+01  3.13322286e+00 
 1.29568670e+08  1.29568670e+08  0.00000000e+00 -5.44537989e+01  3.13297846e+00 
 1.33352143e+08  1.33352143e+08  0.00000000e+00 -5.44538048e+01  3.13272693e+00 
 1.37246096e+08  1.37246096e+08  0.00000000e+00 -5.44538111e+01  3.13246805e+00 
 1.41253754e+08  1.41253754e+08  0.00000000e+00 -5.44538177e+01  3.13220161e+00 
 1.45378439e+08  1.45378439e+08  0.00000000e+00 -5.44538247e+01  3.13192739e+00 
 1.49623566e+08  1.49623566e+08  0.00000000e+00 -5.44538321e+01  3.13164517e+00 
 1.53992653e+08  1.53992653e+08  0.00000000e+00 -5.44538400e+01  3.13135470e+00 
 1.58489319e+08  1.58489319e+08  0.00000000e+00 -5.44538483e+01  3.13105575e+00 
 1.63117291e+08  1.63117291e+08  0.00000000e+00 -5.44538572e+01  3.13074808e+00 
 1.67880402e+08  1.67880402e+08  0.00000000e+00 -5.44538665e+01  3.13043142e+00 
 1.72782598e+08  1.72782598e+08  0.00000000e+00 -5.44538764e+01  3.13010551e+00 
 1.77827941e+08  1.77827941e+08  0.00000000e+00 -5.44538869e+01  3.12977009e+00 
 1.83020611e+08  1.83020611e+08  0.00000000e+00 -5.44538980e+01  3.12942488e+00 
 1.88364909e+08  1.88364909e+08  0.00000000e+00 -5.44539098e+01  3.12906959e+00 
 1.93865264e+08  1.93865264e+08  0.00000000e+00 -5.44539222e+01  3.12870392e+00 
 1.99526231e+08  1.99526231e+08  0.00000000e+00 -5.44539354e+01  3.12832757e+00 
 2.05352503e+08  2.05352503e+08  0.00000000e+00 -5.44539494e+01  3.12794024e+00 
 2.11348904e+08  2.11348904e+08  0.00000000e+00 -5.44539642e+01  3.12754160e+00 
 2.17520403e+08  2.17520403e+08  0.00000000e+00 -5.44539799e+01  3.12713132e+00 
 2.23872114e+08  2.23872114e+08  0.00000000e+00 -5.44539965e+01  3.12670906e+00 
 2.30409298e+08  2.30409298e+08  0.00000000e+00 -5.44540141e+01  3.12627448e+00 
 2.37137371e+08  2.37137371e+08  0.00000000e+00 -5.44540328e+01  3.12582720e+00 
 2.44061907e+08  2.44061907e+08  0.00000000e+00 -5.44540525e+01  3.12536687e+00 
 2.51188643e+08  2.51188643e+08  0.00000000e+00 -5.44540735e+01  3.12489309e+00 
 2.58523484e+08  2.58523484e+08  0.00000000e+00 -5.44540956e+01  3.12440549e+00 
 2.66072506e+08  2.66072506e+08  0.00000000e+00 -5.44541191e+01  3.12390365e+00 
 2.73841963e+08  2.73841963e+08  0.00000000e+00 -5.44541440e+01  3.12338715e+00 
 2.81838293e+08  2.81838293e+08  0.00000000e+00 -5.44541703e+01  3.12285558e+00 
 2.90068120e+08  2.90068120e+08  0.00000000e+00 -5.44541982e+01  3.12230849e+00 
 2.98538262e+08  2.98538262e+08  0.00000000e+00 -5.44542278e+01  3.12174543e+00 
 3.07255737e+08  3.07255737e+08  0.00000000e+00 -5.44542591e+01  3.12116593e+00 
 3.16227766e+08  3.16227766e+08  0.00000000e+00 -5.44542922e+01  3.12056952e+00 
 3.25461783e+08  3.25461783e+08  0.00000000e+00 -5.44543273e+01  3.11995569e+00 
 3.34965439e+08  3.34965439e+08  0.00000000e+00 -5.44543645e+01  3.11932395e+00 
 3.44746607e+08  3.44746607e+08  0.00000000e+00 -5.44544039e+01  3.11867376e+00 
 3.54813389e+08  3.54813389e+08  0.00000000e+00 -5.44544457e+01  3.11800460e+00 
 3.65174127e+08  3.65174127e+08  0.00000000e+00 -5.44544899e+01  3.11731590e+00 
 3.75837404e+08  3.75837404e+08  0.00000000e+00 -5.44545367e+01  3.11660710e+00 
 3.86812055e+08  3.86812055e+08  0.00000000e+00 -5.44545863e+01  3.11587761e+00 
 3.98107171e+08  3.98107171e+08  0.00000000e+00 -5.44546389e+01  3.11512683e+00 
 4.09732110e+08  4.09732110e+08  0.00000000e+00 -5.44546945e+01  3.11435413e+00 
 4.21696503e+08  4.21696503e+08  0.00000000e+00 -5.44547535e+01  3.11355889e+00 
 4.34010264e+08  4.34010264e+08  0.00000000e+00 -5.44548159e+01  3.11274043e+00 
 4.46683592e+08  4.46683592e+08  0.00000000e+00 -5.44548821e+01  3.11189809e+00 
 4.59726989e+08  4.59726989e+08  0.00000000e+00 -5.44549521e+01  3.11103116e+00 
 4.73151259e+08  4.73151259e+08  0.00000000e+00 -5.44550263e+01  3.11013894e+00 
 4.86967525e+08  4.86967525e+08  0.00000000e+00 -5.44551049e+01  3.10922067e+00 
 5.01187234e+08  5.01187234e+08  0.00000000e+00 -5.44551882e+01  3.10827562e+00 
 5.15822165e+08  5.15822165e+08  0.00000000e+00 -5.44552764e+01  3.10730298e+00 
 5.30884444e+08  5.30884444e+08  0.00000000e+00 -5.44553698e+01  3.10630197e+00 
 5.46386550e+08  5.46386550e+08  0.00000000e+00 -5.44554687e+01  3.10527175e+00 
 5.62341325e+08  5.62341325e+08  0.00000000e+00 -5.44555735e+01  3.10421148e+00 
 5.78761988e+08  5.78761988e+08  0.00000000e+00 -5.44556845e+01  3.10312027e+00 
 5.95662144e+08  5.95662144e+08  0.00000000e+00 -5.44558021e+01  3.10199722e+00 
 6.13055792e+08  6.13055792e+08  0.00000000e+00 -5.44559267e+01  3.10084142e+00 
 6.30957344e+08  6.30957344e+08  0.00000000e+00 -5.44560586e+01  3.09965191e+00 
 6.49381632e+08  6.49381632e+08  0.00000000e+00 -5.44561983e+01  3.09842770e+00 
 6.68343918e+08  6.68343918e+08  0.00000000e+00 -5.44563463e+01  3.09716778e+00 
 6.87859912e+08  6.87859912e+08  0.00000000e+00 -5.44565030e+01  3.09587113e+00 
 7.07945784e+08  7.07945784e+08  0.00000000e+00 -5.44566690e+01  3.09453666e+00 
 7.28618175e+08  7.28618175e+08  0.00000000e+00 -5.44568449e+01  3.09316328e+00 
 7.49894209e+08  7.49894209e+08  0.00000000e+00 -5.44570311e+01  3.09174986e+00 
 7.71791516e+08  7.71791516e+08  0.00000000e+00 -5.44572284e+01  3.09029523e+00 
 7.94328235e+08  7.94328235e+08  0.00000000e+00 -5.44574374e+01  3.08879820e+00 
 8.17523038e+08  8.17523038e+08  0.00000000e+00 -5.44576587e+01  3.08725754e+00 
 8.41395142e+08  8.41395142e+08  0.00000000e+00 -5.44578931e+01  3.08567197e+00 
 8.65964323e+08  8.65964323e+08  0.00000000e+00 -5.44581413e+01  3.08404020e+00 
 8.91250938e+08  8.91250938e+08  0.00000000e+00 -5.44584043e+01  3.08236088e+00 
 9.17275935e+08  9.17275935e+08  0.00000000e+00 -5.44586828e+01  3.08063264e+00 
 9.44060876e+08  9.44060876e+08  0.00000000e+00 -5.44589777e+01  3.07885406e+00 
 9.71627952e+08  9.71627952e+08  0.00000000e+00 -5.44592901e+01  3.07702367e+00 
 1.00000000e+09  1.00000000e+09  0.00000000e+00 -5.44596210e+01  3.07513998e+00 
 1.02920053e+09  1.02920053e+09  0.00000000e+00 -5.44599714e+01  3.07320145e+00 
 1.05925373e+09  1.05925373e+09  0.00000000e+00 -5.44603426e+01  3.07120648e+00 
 1.09018449e+09  1.09018449e+09  0.00000000e+00 -5.44607356e+01  3.06915344e+00 
 1.12201845e+09  1.12201845e+09  0.00000000e+00 -5.44611519e+01  3.06704066e+00 
 1.15478198e+09  1.15478198e+09  0.00000000e+00 -5.44615928e+01  3.06486641e+00 
 1.18850223e+09  1.18850223e+09  0.00000000e+00 -5.44620597e+01  3.06262891e+00 
 1.22320712e+09  1.22320712e+09  0.00000000e+00 -5.44625542e+01  3.06032634e+00 
 1.25892541e+09  1.25892541e+09  0.00000000e+00 -5.44630779e+01  3.05795683e+00 
 1.29568670e+09  1.29568670e+09  0.00000000e+00 -5.44636325e+01  3.05551844e+00 
 1.33352143e+09  1.33352143e+09  0.00000000e+00 -5.44642198e+01  3.05300919e+00 
 1.37246096e+09  1.37246096e+09  0.00000000e+00 -5.44648417e+01  3.05042704e+00 
 1.41253754e+09  1.41253754e+09  0.00000000e+00 -5.44655004e+01  3.04776990e+00 
 1.45378439e+09  1.45378439e+09  0.00000000e+00 -5.44661978e+01  3.04503562e+00 
 1.49623566e+09  1.49623566e+09  0.00000000e+00 -5.44669364e+01  3.04222198e+00 
 1.53992653e+09  1.53992653e+09  0.00000000e+00 -5.44677185e+01  3.03932671e+00 
 1.58489319e+09  1.58489319e+09  0.00000000e+00 -5.44685467e+01  3.03634747e+00 
 1.63117291e+09  1.63117291e+09  0.00000000e+00 -5.44694236e+01  3.03328186e+00 
 1.67880402e+09  1.67880402e+09  0.00000000e+00 -5.44703522e+01  3.03012742e+00 
 1.72782598e+09  1.72782598e+09  0.00000000e+00 -5.44713353e+01  3.02688161e+00 
 1.77827941e+09  1.77827941e+09  0.00000000e+00 -5.44723764e+01  3.02354183e+00 
 1.83020611e+09  1.83020611e+09  0.00000000e+00 -5.44734786e+01  3.02010541e+00 
 1.88364909e+09  1.88364909e+09  0.00000000e+00 -5.44746455e+01  3.01656961e+00 
 1.93865264e+09  1.93865264e+09  0.00000000e+00 -5.44758811e+01  3.01293162e+00 
 1.99526231e+09  1.99526231e+09  0.00000000e+00 -5.44771891e+01  3.00918853e+00 
 2.05352503e+09  2.05352503e+09  0.00000000e+00 -5.44785739e+01  3.00533739e+00 
 2.11348904e+09  2.11348904e+09  0.00000000e+00 -5.44800399e+01  3.00137515e+00 
 2.17520403e+09  2.17520403e+09  0.00000000e+00 -5.44815918e+01  2.99729869e+00 
 2.23872114e+09  2.23872114e+09  0.00000000e+00 -5.44832346e+01  2.99310480e+00 
 2.30409298e+09  2.30409298e+09  0.00000000e+00 -5.44849735e+01  2.98879020e+00 
 2.37137371e+09  2.37137371e+09  0.00000000e+00 -5.44868141e+01  2.98435152e+00 
 2.44061907e+09  2.44061907e+09  0.00000000e+00 -5.44887622e+01  2.97978531e+00 
 2.51188643e+09  2.51188643e+09  0.00000000e+00 -5.44908241e+01  2.97508803e+00 
 2.58523484e+09  2.58523484e+09  0.00000000e+00 -5.44930062e+01  2.97025604e+00 
 2.66072506e+09  2.66072506e+09  0.00000000e+00 -5.44953156e+01  2.96528565e+00 
 2.73841963e+09  2.73841963e+09  0.00000000e+00 -5.44977593e+01  2.96017304e+00 
 2.81838293e+09  2.81838293e+09  0.00000000e+00 -5.45003452e+01  2.95491431e+00 
 2.90068120e+09  2.90068120e+09  0.00000000e+00 -5.45030814e+01  2.94950550e+00 
 2.98538262e+09  2.98538262e+09  0.00000000e+00 -5.45059763e+01  2.94394251e+00 
 3.07255737e+09  3.07255737e+09  0.00000000e+00 -5.45090389e+01  2.93822118e+00 
 3.16227766e+09  3.16227766e+09  0.00000000e+00 -5.45122789e+01  2.93233724e+00 
 3.25461783e+09  3.25461783e+09  0.00000000e+00 -5.45157061e+01  2.92628635e+00 
 3.34965439e+09  3.34965439e+09  0.00000000e+00 -5.45193312e+01  2.92006406e+00 
 3.44746607e+09  3.44746607e+09  0.00000000e+00 -5.45231651e+01  2.91366581e+00 
 3.54813389e+09  3.54813389e+09  0.00000000e+00 -5.45272196e+01  2.90708699e+00 
 3.65174127e+09  3.65174127e+09  0.00000000e+00 -5.45315070e+01  2.90032287e+00 
 3.75837404e+09  3.75837404e+09  0.00000000e+00 -5.45360401e+01  2.89336862e+00 
 3.86812055e+09  3.86812055e+09  0.00000000e+00 -5.45408326e+01  2.88621935e+00 
 3.98107171e+09  3.98107171e+09  0.00000000e+00 -5.45458988e+01  2.87887006e+00 
 4.09732110e+09  4.09732110e+09  0.00000000e+00 -5.45512536e+01  2.87131566e+00 
 4.21696503e+09  4.21696503e+09  0.00000000e+00 -5.45569127e+01  2.86355101e+00 
 4.34010264e+09  4.34010264e+09  0.00000000e+00 -5.45628928e+01  2.85557084e+00 
 4.46683592e+09  4.46683592e+09  0.00000000e+00 -5.45692110e+01  2.84736983e+00 
 4.59726989e+09  4.59726989e+09  0.00000000e+00 -5.45758857e+01  2.83894260e+00 
 4.73151259e+09  4.73151259e+09  0.00000000e+00 -5.45829356e+01  2.83028366e+00 
 4.86967525e+09  4.86967525e+09  0.00000000e+00 -5.45903809e+01  2.82138749e+00 
 5.01187234e+09  5.01187234e+09  0.00000000e+00 -5.45982422e+01  2.81224849e+00 
 5.15822165e+09  5.15822165e+09  0.00000000e+00 -5.46065413e+01  2.80286101e+00 
 5.30884444e+09  5.30884444e+09  0.00000000e+00 -5.46153010e+01  2.79321937e+00 
 5.46386550e+09  5.46386550e+09  0.00000000e+00 -5.46245449e+01  2.78331782e+00 
 5.62341325e+09  5.62341325e+09  0.00000000e+00 -5.46342976e+01  2.77315061e+00 
 5.78761988e+09  5.78761988e+09  0.00000000e+00 -5.46445850e+01  2.76271194e+00 
 5.95662144e+09  5.95662144e+09  0.00000000e+00 -5.46554337e+01  2.75199601e+00 
 6.13055792e+09  6.13055792e+09  0.00000000e+00 -5.46668715e+01  2.74099703e+00 
 6.30957344e+09  6.30957344e+09  0.00000000e+00 -5.46789273e+01  2.72970919e+00 
 6.49381632e+09  6.49381632e+09  0.00000000e+00 -5.46916310e+01  2.71812675e+00 
 6.68343918e+09  6.68343918e+09  0.00000000e+00 -5.47050134e+01  2.70624395e+00 
 6.87859912e+09  6.87859912e+09  0.00000000e+00 -5.47191066e+01  2.69405513e+00 
 7.07945784e+09  7.07945784e+09  0.00000000e+00 -5.47339435e+01  2.68155468e+00 
 7.28618175e+09  7.28618175e+09  0.00000000e+00 -5.47495581e+01  2.66873706e+00 
 7.49894209e+09  7.49894209e+09  0.00000000e+00 -5.47659853e+01  2.65559685e+00 
 7.71791516e+09  7.71791516e+09  0.00000000e+00 -5.47832611e+01  2.64212875e+00 
 7.94328235e+09  7.94328235e+09  0.00000000e+00 -5.48014222e+01  2.62832760e+00 
 8.17523038e+09  8.17523038e+09  0.00000000e+00 -5.48205061e+01  2.61418841e+00 
 8.41395142e+09  8.41395142e+09  0.00000000e+00 -5.48405510e+01  2.59970636e+00 
 8.65964323e+09  8.65964323e+09  0.00000000e+00 -5.48615960e+01  2.58487686e+00 
 8.91250938e+09  8.91250938e+09  0.00000000e+00 -5.48836805e+01  2.56969553e+00 
 9.17275935e+09  9.17275935e+09  0.00000000e+00 -5.49068444e+01  2.55415828e+00 
 9.44060876e+09  9.44060876e+09  0.00000000e+00 -5.49311279e+01  2.53826128e+00 
 9.71627952e+09  9.71627952e+09  0.00000000e+00 -5.49565715e+01  2.52200103e+00 
 1.00000000e+10  1.00000000e+10  0.00000000e+00 -5.49832155e+01  2.50537437e+00 
