 frequency       frequency       frequency       vdb(out)        vp(out)        
 1.00000000e+01  1.00000000e+01  0.00000000e+00 -4.91395549e+01  3.14159265e+00 
 1.02920053e+01  1.02920053e+01  0.00000000e+00 -4.91395549e+01  3.14159265e+00 
 1.05925373e+01  1.05925373e+01  0.00000000e+00 -4.91395549e+01  3.14159265e+00 
 1.09018449e+01  1.09018449e+01  0.00000000e+00 -4.91395549e+01  3.14159265e+00 
 1.12201845e+01  1.12201845e+01  0.00000000e+00 -4.91395549e+01  3.14159265e+00 
 1.15478198e+01  1.15478198e+01  0.00000000e+00 -4.91395549e+01  3.14159265e+00 
 1.18850223e+01  1.18850223e+01  0.00000000e+00 -4.91395549e+01  3.14159265e+00 
 1.22320712e+01  1.22320712e+01  0.00000000e+00 -4.91395549e+01  3.14159265e+00 
 1.25892541e+01  1.25892541e+01  0.00000000e+00 -4.91395549e+01  3.14159265e+00 
 1.29568670e+01  1.29568670e+01  0.00000000e+00 -4.91395549e+01  3.14159265e+00 
 1.33352143e+01  1.33352143e+01  0.00000000e+00 -4.91395549e+01  3.14159265e+00 
 1.37246096e+01  1.37246096e+01  0.00000000e+00 -4.91395549e+01  3.14159265e+00 
 1.41253754e+01  1.41253754e+01  0.00000000e+00 -4.91395549e+01  3.14159265e+00 
 1.45378439e+01  1.45378439e+01  0.00000000e+00 -4.91395549e+01  3.14159265e+00 
 1.49623566e+01  1.49623566e+01  0.00000000e+00 -4.91395549e+01  3.14159265e+00 
 1.53992653e+01  1.53992653e+01  0.00000000e+00 -4.91395549e+01  3.14159265e+00 
 1.58489319e+01  1.58489319e+01  0.00000000e+00 -4.91395549e+01  3.14159265e+00 
 1.63117291e+01  1.63117291e+01  0.00000000e+00 -4.91395549e+01  3.14159265e+00 
 1.67880402e+01  1.67880402e+01  0.00000000e+00 -4.91395549e+01  3.14159265e+00 
 1.72782598e+01  1.72782598e+01  0.00000000e+00 -4.91395549e+01  3.14159265e+00 
 1.77827941e+01  1.77827941e+01  0.00000000e+00 -4.91395549e+01  3.14159265e+00 
 1.83020611e+01  1.83020611e+01  0.00000000e+00 -4.91395549e+01  3.14159265e+00 
 1.88364909e+01  1.88364909e+01  0.00000000e+00 -4.91395549e+01  3.14159265e+00 
 1.93865264e+01  1.93865264e+01  0.00000000e+00 -4.91395549e+01  3.14159265e+00 
 1.99526231e+01  1.99526231e+01  0.00000000e+00 -4.91395549e+01  3.14159265e+00 
 2.05352503e+01  2.05352503e+01  0.00000000e+00 -4.91395549e+01  3.14159265e+00 
 2.11348904e+01  2.11348904e+01  0.00000000e+00 -4.91395549e+01  3.14159265e+00 
 2.17520403e+01  2.17520403e+01  0.00000000e+00 -4.91395549e+01  3.14159265e+00 
 2.23872114e+01  2.23872114e+01  0.00000000e+00 -4.91395549e+01  3.14159265e+00 
 2.30409298e+01  2.30409298e+01  0.00000000e+00 -4.91395549e+01  3.14159265e+00 
 2.37137371e+01  2.37137371e+01  0.00000000e+00 -4.91395549e+01  3.14159265e+00 
 2.44061907e+01  2.44061907e+01  0.00000000e+00 -4.91395549e+01  3.14159265e+00 
 2.51188643e+01  2.51188643e+01  0.00000000e+00 -4.91395549e+01  3.14159265e+00 
 2.58523484e+01  2.58523484e+01  0.00000000e+00 -4.91395549e+01  3.14159265e+00 
 2.66072506e+01  2.66072506e+01  0.00000000e+00 -4.91395549e+01  3.14159265e+00 
 2.73841963e+01  2.73841963e+01  0.00000000e+00 -4.91395549e+01  3.14159265e+00 
 2.81838293e+01  2.81838293e+01  0.00000000e+00 -4.91395549e+01  3.14159265e+00 
 2.90068120e+01  2.90068120e+01  0.00000000e+00 -4.91395549e+01  3.14159265e+00 
 2.98538262e+01  2.98538262e+01  0.00000000e+00 -4.91395549e+01  3.14159265e+00 
 3.07255737e+01  3.07255737e+01  0.00000000e+00 -4.91395549e+01  3.14159265e+00 
 3.16227766e+01  3.16227766e+01  0.00000000e+00 -4.91395549e+01  3.14159265e+00 
 3.25461783e+01  3.25461783e+01  0.00000000e+00 -4.91395549e+01  3.14159265e+00 
 3.34965439e+01  3.34965439e+01  0.00000000e+00 -4.91395549e+01  3.14159265e+00 
 3.44746607e+01  3.44746607e+01  0.00000000e+00 -4.91395549e+01  3.14159265e+00 
 3.54813389e+01  3.54813389e+01  0.00000000e+00 -4.91395549e+01  3.14159265e+00 
 3.65174127e+01  3.65174127e+01  0.00000000e+00 -4.91395549e+01  3.14159265e+00 
 3.75837404e+01  3.75837404e+01  0.00000000e+00 -4.91395549e+01  3.14159265e+00 
 3.86812055e+01  3.86812055e+01  0.00000000e+00 -4.91395549e+01  3.14159265e+00 
 3.98107171e+01  3.98107171e+01  0.00000000e+00 -4.91395549e+01  3.14159265e+00 
 4.09732110e+01  4.09732110e+01  0.00000000e+00 -4.91395549e+01  3.14159265e+00 
 4.21696503e+01  4.21696503e+01  0.00000000e+00 -4.91395549e+01  3.14159265e+00 
 4.34010264e+01  4.34010264e+01  0.00000000e+00 -4.91395549e+01  3.14159265e+00 
 4.46683592e+01  4.46683592e+01  0.00000000e+00 -4.91395549e+01  3.14159265e+00 
 4.59726989e+01  4.59726989e+01  0.00000000e+00 -4.91395549e+01  3.14159265e+00 
 4.73151259e+01  4.73151259e+01  0.00000000e+00 -4.91395549e+01  3.14159265e+00 
 4.86967525e+01  4.86967525e+01  0.00000000e+00 -4.91395549e+01  3.14159265e+00 
 5.01187234e+01  5.01187234e+01  0.00000000e+00 -4.91395549e+01  3.14159265e+00 
 5.15822165e+01  5.15822165e+01  0.00000000e+00 -4.91395549e+01  3.14159265e+00 
 5.30884444e+01  5.30884444e+01  0.00000000e+00 -4.91395549e+01  3.14159265e+00 
 5.46386550e+01  5.46386550e+01  0.00000000e+00 -4.91395549e+01  3.14159265e+00 
 5.62341325e+01  5.62341325e+01  0.00000000e+00 -4.91395549e+01  3.14159265e+00 
 5.78761988e+01  5.78761988e+01  0.00000000e+00 -4.91395549e+01  3.14159265e+00 
 5.95662144e+01  5.95662144e+01  0.00000000e+00 -4.91395549e+01  3.14159265e+00 
 6.13055792e+01  6.13055792e+01  0.00000000e+00 -4.91395549e+01  3.14159265e+00 
 6.30957344e+01  6.30957344e+01  0.00000000e+00 -4.91395549e+01  3.14159265e+00 
 6.49381632e+01  6.49381632e+01  0.00000000e+00 -4.91395549e+01  3.14159265e+00 
 6.68343918e+01  6.68343918e+01  0.00000000e+00 -4.91395549e+01  3.14159265e+00 
 6.87859912e+01  6.87859912e+01  0.00000000e+00 -4.91395549e+01  3.14159265e+00 
 7.07945784e+01  7.07945784e+01  0.00000000e+00 -4.91395549e+01  3.14159265e+00 
 7.28618175e+01  7.28618175e+01  0.00000000e+00 -4.91395549e+01  3.14159264e+00 
 7.49894209e+01  7.49894209e+01  0.00000000e+00 -4.91395549e+01  3.14159264e+00 
 7.71791516e+01  7.71791516e+01  0.00000000e+00 -4.91395549e+01  3.14159264e+00 
 7.94328235e+01  7.94328235e+01  0.00000000e+00 -4.91395549e+01  3.14159264e+00 
 8.17523038e+01  8.17523038e+01  0.00000000e+00 -4.91395549e+01  3.14159264e+00 
 8.41395142e+01  8.41395142e+01  0.00000000e+00 -4.91395549e+01  3.14159264e+00 
 8.65964323e+01  8.65964323e+01  0.00000000e+00 -4.91395549e+01  3.14159264e+00 
 8.91250938e+01  8.91250938e+01  0.00000000e+00 -4.91395549e+01  3.14159264e+00 
 9.17275935e+01  9.17275935e+01  0.00000000e+00 -4.91395549e+01  3.14159264e+00 
 9.44060876e+01  9.44060876e+01  0.00000000e+00 -4.91395549e+01  3.14159264e+00 
 9.71627952e+01  9.71627952e+01  0.00000000e+00 -4.91395549e+01  3.14159264e+00 
 1.00000000e+02  1.00000000e+02  0.00000000e+00 -4.91395549e+01  3.14159264e+00 
 1.02920053e+02  1.02920053e+02  0.00000000e+00 -4.91395549e+01  3.14159264e+00 
 1.05925373e+02  1.05925373e+02  0.00000000e+00 -4.91395549e+01  3.14159264e+00 
 1.09018449e+02  1.09018449e+02  0.00000000e+00 -4.91395549e+01  3.14159264e+00 
 1.12201845e+02  1.12201845e+02  0.00000000e+00 -4.91395549e+01  3.14159264e+00 
 1.15478198e+02  1.15478198e+02  0.00000000e+00 -4.91395549e+01  3.14159264e+00 
 1.18850223e+02  1.18850223e+02  0.00000000e+00 -4.91395549e+01  3.14159264e+00 
 1.22320712e+02  1.22320712e+02  0.00000000e+00 -4.91395549e+01  3.14159264e+00 
 1.25892541e+02  1.25892541e+02  0.00000000e+00 -4.91395549e+01  3.14159264e+00 
 1.29568670e+02  1.29568670e+02  0.00000000e+00 -4.91395549e+01  3.14159264e+00 
 1.33352143e+02  1.33352143e+02  0.00000000e+00 -4.91395549e+01  3.14159264e+00 
 1.37246096e+02  1.37246096e+02  0.00000000e+00 -4.91395549e+01  3.14159264e+00 
 1.41253754e+02  1.41253754e+02  0.00000000e+00 -4.91395549e+01  3.14159264e+00 
 1.45378439e+02  1.45378439e+02  0.00000000e+00 -4.91395549e+01  3.14159264e+00 
 1.49623566e+02  1.49623566e+02  0.00000000e+00 -4.91395549e+01  3.14159264e+00 
 1.53992653e+02  1.53992653e+02  0.00000000e+00 -4.91395549e+01  3.14159264e+00 
 1.58489319e+02  1.58489319e+02  0.00000000e+00 -4.91395549e+01  3.14159263e+00 
 1.63117291e+02  1.63117291e+02  0.00000000e+00 -4.91395549e+01  3.14159263e+00 
 1.67880402e+02  1.67880402e+02  0.00000000e+00 -4.91395549e+01  3.14159263e+00 
 1.72782598e+02  1.72782598e+02  0.00000000e+00 -4.91395549e+01  3.14159263e+00 
 1.77827941e+02  1.77827941e+02  0.00000000e+00 -4.91395549e+01  3.14159263e+00 
 1.83020611e+02  1.83020611e+02  0.00000000e+00 -4.91395549e+01  3.14159263e+00 
 1.88364909e+02  1.88364909e+02  0.00000000e+00 -4.91395549e+01  3.14159263e+00 
 1.93865264e+02  1.93865264e+02  0.00000000e+00 -4.91395549e+01  3.14159263e+00 
 1.99526231e+02  1.99526231e+02  0.00000000e+00 -4.91395549e+01  3.14159263e+00 
 2.05352503e+02  2.05352503e+02  0.00000000e+00 -4.91395549e+01  3.14159263e+00 
 2.11348904e+02  2.11348904e+02  0.00000000e+00 -4.91395549e+01  3.14159263e+00 
 2.17520403e+02  2.17520403e+02  0.00000000e+00 -4.91395549e+01  3.14159263e+00 
 2.23872114e+02  2.23872114e+02  0.00000000e+00 -4.91395549e+01  3.14159263e+00 
 2.30409298e+02  2.30409298e+02  0.00000000e+00 -4.91395549e+01  3.14159263e+00 
 2.37137371e+02  2.37137371e+02  0.00000000e+00 -4.91395549e+01  3.14159263e+00 
 2.44061907e+02  2.44061907e+02  0.00000000e+00 -4.91395549e+01  3.14159262e+00 
 2.51188643e+02  2.51188643e+02  0.00000000e+00 -4.91395549e+01  3.14159262e+00 
 2.58523484e+02  2.58523484e+02  0.00000000e+00 -4.91395549e+01  3.14159262e+00 
 2.66072506e+02  2.66072506e+02  0.00000000e+00 -4.91395549e+01  3.14159262e+00 
 2.73841963e+02  2.73841963e+02  0.00000000e+00 -4.91395549e+01  3.14159262e+00 
 2.81838293e+02  2.81838293e+02  0.00000000e+00 -4.91395549e+01  3.14159262e+00 
 2.90068120e+02  2.90068120e+02  0.00000000e+00 -4.91395549e+01  3.14159262e+00 
 2.98538262e+02  2.98538262e+02  0.00000000e+00 -4.91395549e+01  3.14159262e+00 
 3.07255737e+02  3.07255737e+02  0.00000000e+00 -4.91395549e+01  3.14159262e+00 
 3.16227766e+02  3.16227766e+02  0.00000000e+00 -4.91395549e+01  3.14159262e+00 
 3.25461783e+02  3.25461783e+02  0.00000000e+00 -4.91395549e+01  3.14159261e+00 
 3.34965439e+02  3.34965439e+02  0.00000000e+00 -4.91395549e+01  3.14159261e+00 
 3.44746607e+02  3.44746607e+02  0.00000000e+00 -4.91395549e+01  3.14159261e+00 
 3.54813389e+02  3.54813389e+02  0.00000000e+00 -4.91395549e+01  3.14159261e+00 
 3.65174127e+02  3.65174127e+02  0.00000000e+00 -4.91395549e+01  3.14159261e+00 
 3.75837404e+02  3.75837404e+02  0.00000000e+00 -4.91395549e+01  3.14159261e+00 
 3.86812055e+02  3.86812055e+02  0.00000000e+00 -4.91395549e+01  3.14159261e+00 
 3.98107171e+02  3.98107171e+02  0.00000000e+00 -4.91395549e+01  3.14159261e+00 
 4.09732110e+02  4.09732110e+02  0.00000000e+00 -4.91395549e+01  3.14159260e+00 
 4.21696503e+02  4.21696503e+02  0.00000000e+00 -4.91395549e+01  3.14159260e+00 
 4.34010264e+02  4.34010264e+02  0.00000000e+00 -4.91395549e+01  3.14159260e+00 
 4.46683592e+02  4.46683592e+02  0.00000000e+00 -4.91395549e+01  3.14159260e+00 
 4.59726989e+02  4.59726989e+02  0.00000000e+00 -4.91395549e+01  3.14159260e+00 
 4.73151259e+02  4.73151259e+02  0.00000000e+00 -4.91395549e+01  3.14159260e+00 
 4.86967525e+02  4.86967525e+02  0.00000000e+00 -4.91395549e+01  3.14159260e+00 
 5.01187234e+02  5.01187234e+02  0.00000000e+00 -4.91395549e+01  3.14159259e+00 
 5.15822165e+02  5.15822165e+02  0.00000000e+00 -4.91395549e+01  3.14159259e+00 
 5.30884444e+02  5.30884444e+02  0.00000000e+00 -4.91395549e+01  3.14159259e+00 
 5.46386550e+02  5.46386550e+02  0.00000000e+00 -4.91395549e+01  3.14159259e+00 
 5.62341325e+02  5.62341325e+02  0.00000000e+00 -4.91395549e+01  3.14159259e+00 
 5.78761988e+02  5.78761988e+02  0.00000000e+00 -4.91395549e+01  3.14159258e+00 
 5.95662144e+02  5.95662144e+02  0.00000000e+00 -4.91395549e+01  3.14159258e+00 
 6.13055792e+02  6.13055792e+02  0.00000000e+00 -4.91395549e+01  3.14159258e+00 
 6.30957344e+02  6.30957344e+02  0.00000000e+00 -4.91395549e+01  3.14159258e+00 
 6.49381632e+02  6.49381632e+02  0.00000000e+00 -4.91395549e+01  3.14159258e+00 
 6.68343918e+02  6.68343918e+02  0.00000000e+00 -4.91395549e+01  3.14159257e+00 
 6.87859912e+02  6.87859912e+02  0.00000000e+00 -4.91395549e+01  3.14159257e+00 
 7.07945784e+02  7.07945784e+02  0.00000000e+00 -4.91395549e+01  3.14159257e+00 
 7.28618175e+02  7.28618175e+02  0.00000000e+00 -4.91395549e+01  3.14159257e+00 
 7.49894209e+02  7.49894209e+02  0.00000000e+00 -4.91395549e+01  3.14159256e+00 
 7.71791516e+02  7.71791516e+02  0.00000000e+00 -4.91395549e+01  3.14159256e+00 
 7.94328235e+02  7.94328235e+02  0.00000000e+00 -4.91395549e+01  3.14159256e+00 
 8.17523038e+02  8.17523038e+02  0.00000000e+00 -4.91395549e+01  3.14159256e+00 
 8.41395142e+02  8.41395142e+02  0.00000000e+00 -4.91395549e+01  3.14159255e+00 
 8.65964323e+02  8.65964323e+02  0.00000000e+00 -4.91395549e+01  3.14159255e+00 
 8.91250938e+02  8.91250938e+02  0.00000000e+00 -4.91395549e+01  3.14159255e+00 
 9.17275935e+02  9.17275935e+02  0.00000000e+00 -4.91395549e+01  3.14159254e+00 
 9.44060876e+02  9.44060876e+02  0.00000000e+00 -4.91395549e+01  3.14159254e+00 
 9.71627952e+02  9.71627952e+02  0.00000000e+00 -4.91395549e+01  3.14159254e+00 
 1.00000000e+03  1.00000000e+03  0.00000000e+00 -4.91395549e+01  3.14159253e+00 
 1.02920053e+03  1.02920053e+03  0.00000000e+00 -4.91395549e+01  3.14159253e+00 
 1.05925373e+03  1.05925373e+03  0.00000000e+00 -4.91395549e+01  3.14159253e+00 
 1.09018449e+03  1.09018449e+03  0.00000000e+00 -4.91395549e+01  3.14159252e+00 
 1.12201845e+03  1.12201845e+03  0.00000000e+00 -4.91395549e+01  3.14159252e+00 
 1.15478198e+03  1.15478198e+03  0.00000000e+00 -4.91395549e+01  3.14159252e+00 
 1.18850223e+03  1.18850223e+03  0.00000000e+00 -4.91395549e+01  3.14159251e+00 
 1.22320712e+03  1.22320712e+03  0.00000000e+00 -4.91395549e+01  3.14159251e+00 
 1.25892541e+03  1.25892541e+03  0.00000000e+00 -4.91395549e+01  3.14159250e+00 
 1.29568670e+03  1.29568670e+03  0.00000000e+00 -4.91395549e+01  3.14159250e+00 
 1.33352143e+03  1.33352143e+03  0.00000000e+00 -4.91395549e+01  3.14159249e+00 
 1.37246096e+03  1.37246096e+03  0.00000000e+00 -4.91395549e+01  3.14159249e+00 
 1.41253754e+03  1.41253754e+03  0.00000000e+00 -4.91395549e+01  3.14159249e+00 
 1.45378439e+03  1.45378439e+03  0.00000000e+00 -4.91395549e+01  3.14159248e+00 
 1.49623566e+03  1.49623566e+03  0.00000000e+00 -4.91395549e+01  3.14159248e+00 
 1.53992653e+03  1.53992653e+03  0.00000000e+00 -4.91395549e+01  3.14159247e+00 
 1.58489319e+03  1.58489319e+03  0.00000000e+00 -4.91395549e+01  3.14159246e+00 
 1.63117291e+03  1.63117291e+03  0.00000000e+00 -4.91395549e+01  3.14159246e+00 
 1.67880402e+03  1.67880402e+03  0.00000000e+00 -4.91395549e+01  3.14159245e+00 
 1.72782598e+03  1.72782598e+03  0.00000000e+00 -4.91395549e+01  3.14159245e+00 
 1.77827941e+03  1.77827941e+03  0.00000000e+00 -4.91395549e+01  3.14159244e+00 
 1.83020611e+03  1.83020611e+03  0.00000000e+00 -4.91395549e+01  3.14159244e+00 
 1.88364909e+03  1.88364909e+03  0.00000000e+00 -4.91395549e+01  3.14159243e+00 
 1.93865264e+03  1.93865264e+03  0.00000000e+00 -4.91395549e+01  3.14159242e+00 
 1.99526231e+03  1.99526231e+03  0.00000000e+00 -4.91395549e+01  3.14159242e+00 
 2.05352503e+03  2.05352503e+03  0.00000000e+00 -4.91395549e+01  3.14159241e+00 
 2.11348904e+03  2.11348904e+03  0.00000000e+00 -4.91395549e+01  3.14159240e+00 
 2.17520403e+03  2.17520403e+03  0.00000000e+00 -4.91395549e+01  3.14159239e+00 
 2.23872114e+03  2.23872114e+03  0.00000000e+00 -4.91395549e+01  3.14159239e+00 
 2.30409298e+03  2.30409298e+03  0.00000000e+00 -4.91395549e+01  3.14159238e+00 
 2.37137371e+03  2.37137371e+03  0.00000000e+00 -4.91395549e+01  3.14159237e+00 
 2.44061907e+03  2.44061907e+03  0.00000000e+00 -4.91395549e+01  3.14159236e+00 
 2.51188643e+03  2.51188643e+03  0.00000000e+00 -4.91395549e+01  3.14159235e+00 
 2.58523484e+03  2.58523484e+03  0.00000000e+00 -4.91395549e+01  3.14159235e+00 
 2.66072506e+03  2.66072506e+03  0.00000000e+00 -4.91395549e+01  3.14159234e+00 
 2.73841963e+03  2.73841963e+03  0.00000000e+00 -4.91395549e+01  3.14159233e+00 
 2.81838293e+03  2.81838293e+03  0.00000000e+00 -4.91395549e+01  3.14159232e+00 
 2.90068120e+03  2.90068120e+03  0.00000000e+00 -4.91395549e+01  3.14159231e+00 
 2.98538262e+03  2.98538262e+03  0.00000000e+00 -4.91395549e+01  3.14159230e+00 
 3.07255737e+03  3.07255737e+03  0.00000000e+00 -4.91395549e+01  3.14159229e+00 
 3.16227766e+03  3.16227766e+03  0.00000000e+00 -4.91395549e+01  3.14159228e+00 
 3.25461783e+03  3.25461783e+03  0.00000000e+00 -4.91395549e+01  3.14159227e+00 
 3.34965439e+03  3.34965439e+03  0.00000000e+00 -4.91395549e+01  3.14159225e+00 
 3.44746607e+03  3.44746607e+03  0.00000000e+00 -4.91395549e+01  3.14159224e+00 
 3.54813389e+03  3.54813389e+03  0.00000000e+00 -4.91395549e+01  3.14159223e+00 
 3.65174127e+03  3.65174127e+03  0.00000000e+00 -4.91395549e+01  3.14159222e+00 
 3.75837404e+03  3.75837404e+03  0.00000000e+00 -4.91395549e+01  3.14159221e+00 
 3.86812055e+03  3.86812055e+03  0.00000000e+00 -4.91395549e+01  3.14159219e+00 
 3.98107171e+03  3.98107171e+03  0.00000000e+00 -4.91395549e+01  3.14159218e+00 
 4.09732110e+03  4.09732110e+03  0.00000000e+00 -4.91395549e+01  3.14159216e+00 
 4.21696503e+03  4.21696503e+03  0.00000000e+00 -4.91395549e+01  3.14159215e+00 
 4.34010264e+03  4.34010264e+03  0.00000000e+00 -4.91395549e+01  3.14159214e+00 
 4.46683592e+03  4.46683592e+03  0.00000000e+00 -4.91395549e+01  3.14159212e+00 
 4.59726989e+03  4.59726989e+03  0.00000000e+00 -4.91395549e+01  3.14159211e+00 
 4.73151259e+03  4.73151259e+03  0.00000000e+00 -4.91395549e+01  3.14159209e+00 
 4.86967525e+03  4.86967525e+03  0.00000000e+00 -4.91395549e+01  3.14159207e+00 
 5.01187234e+03  5.01187234e+03  0.00000000e+00 -4.91395549e+01  3.14159206e+00 
 5.15822165e+03  5.15822165e+03  0.00000000e+00 -4.91395549e+01  3.14159204e+00 
 5.30884444e+03  5.30884444e+03  0.00000000e+00 -4.91395549e+01  3.14159202e+00 
 5.46386550e+03  5.46386550e+03  0.00000000e+00 -4.91395549e+01  3.14159200e+00 
 5.62341325e+03  5.62341325e+03  0.00000000e+00 -4.91395549e+01  3.14159198e+00 
 5.78761988e+03  5.78761988e+03  0.00000000e+00 -4.91395549e+01  3.14159196e+00 
 5.95662144e+03  5.95662144e+03  0.00000000e+00 -4.91395549e+01  3.14159194e+00 
 6.13055792e+03  6.13055792e+03  0.00000000e+00 -4.91395549e+01  3.14159192e+00 
 6.30957344e+03  6.30957344e+03  0.00000000e+00 -4.91395549e+01  3.14159190e+00 
 6.49381632e+03  6.49381632e+03  0.00000000e+00 -4.91395549e+01  3.14159188e+00 
 6.68343918e+03  6.68343918e+03  0.00000000e+00 -4.91395549e+01  3.14159186e+00 
 6.87859912e+03  6.87859912e+03  0.00000000e+00 -4.91395549e+01  3.14159183e+00 
 7.07945784e+03  7.07945784e+03  0.00000000e+00 -4.91395549e+01  3.14159181e+00 
 7.28618175e+03  7.28618175e+03  0.00000000e+00 -4.91395549e+01  3.14159178e+00 
 7.49894209e+03  7.49894209e+03  0.00000000e+00 -4.91395549e+01  3.14159176e+00 
 7.71791516e+03  7.71791516e+03  0.00000000e+00 -4.91395549e+01  3.14159173e+00 
 7.94328235e+03  7.94328235e+03  0.00000000e+00 -4.91395549e+01  3.14159171e+00 
 8.17523038e+03  8.17523038e+03  0.00000000e+00 -4.91395549e+01  3.14159168e+00 
 8.41395142e+03  8.41395142e+03  0.00000000e+00 -4.91395549e+01  3.14159165e+00 
 8.65964323e+03  8.65964323e+03  0.00000000e+00 -4.91395549e+01  3.14159162e+00 
 8.91250938e+03  8.91250938e+03  0.00000000e+00 -4.91395549e+01  3.14159159e+00 
 9.17275935e+03  9.17275935e+03  0.00000000e+00 -4.91395549e+01  3.14159156e+00 
 9.44060876e+03  9.44060876e+03  0.00000000e+00 -4.91395549e+01  3.14159153e+00 
 9.71627952e+03  9.71627952e+03  0.00000000e+00 -4.91395549e+01  3.14159149e+00 
 1.00000000e+04  1.00000000e+04  0.00000000e+00 -4.91395549e+01  3.14159146e+00 
 1.02920053e+04  1.02920053e+04  0.00000000e+00 -4.91395549e+01  3.14159143e+00 
 1.05925373e+04  1.05925373e+04  0.00000000e+00 -4.91395549e+01  3.14159139e+00 
 1.09018449e+04  1.09018449e+04  0.00000000e+00 -4.91395549e+01  3.14159135e+00 
 1.12201845e+04  1.12201845e+04  0.00000000e+00 -4.91395549e+01  3.14159132e+00 
 1.15478198e+04  1.15478198e+04  0.00000000e+00 -4.91395549e+01  3.14159128e+00 
 1.18850223e+04  1.18850223e+04  0.00000000e+00 -4.91395549e+01  3.14159124e+00 
 1.22320712e+04  1.22320712e+04  0.00000000e+00 -4.91395549e+01  3.14159119e+00 
 1.25892541e+04  1.25892541e+04  0.00000000e+00 -4.91395549e+01  3.14159115e+00 
 1.29568670e+04  1.29568670e+04  0.00000000e+00 -4.91395549e+01  3.14159111e+00 
 1.33352143e+04  1.33352143e+04  0.00000000e+00 -4.91395549e+01  3.14159106e+00 
 1.37246096e+04  1.37246096e+04  0.00000000e+00 -4.91395549e+01  3.14159102e+00 
 1.41253754e+04  1.41253754e+04  0.00000000e+00 -4.91395549e+01  3.14159097e+00 
 1.45378439e+04  1.45378439e+04  0.00000000e+00 -4.91395549e+01  3.14159092e+00 
 1.49623566e+04  1.49623566e+04  0.00000000e+00 -4.91395549e+01  3.14159087e+00 
 1.53992653e+04  1.53992653e+04  0.00000000e+00 -4.91395549e+01  3.14159082e+00 
 1.58489319e+04  1.58489319e+04  0.00000000e+00 -4.91395549e+01  3.14159076e+00 
 1.63117291e+04  1.63117291e+04  0.00000000e+00 -4.91395549e+01  3.14159071e+00 
 1.67880402e+04  1.67880402e+04  0.00000000e+00 -4.91395549e+01  3.14159065e+00 
 1.72782598e+04  1.72782598e+04  0.00000000e+00 -4.91395549e+01  3.14159059e+00 
 1.77827941e+04  1.77827941e+04  0.00000000e+00 -4.91395549e+01  3.14159053e+00 
 1.83020611e+04  1.83020611e+04  0.00000000e+00 -4.91395549e+01  3.14159047e+00 
 1.88364909e+04  1.88364909e+04  0.00000000e+00 -4.91395549e+01  3.14159041e+00 
 1.93865264e+04  1.93865264e+04  0.00000000e+00 -4.91395549e+01  3.14159034e+00 
 1.99526231e+04  1.99526231e+04  0.00000000e+00 -4.91395549e+01  3.14159027e+00 
 2.05352503e+04  2.05352503e+04  0.00000000e+00 -4.91395549e+01  3.14159020e+00 
 2.11348904e+04  2.11348904e+04  0.00000000e+00 -4.91395549e+01  3.14159013e+00 
 2.17520403e+04  2.17520403e+04  0.00000000e+00 -4.91395549e+01  3.14159006e+00 
 2.23872114e+04  2.23872114e+04  0.00000000e+00 -4.91395549e+01  3.14158998e+00 
 2.30409298e+04  2.30409298e+04  0.00000000e+00 -4.91395549e+01  3.14158991e+00 
 2.37137371e+04  2.37137371e+04  0.00000000e+00 -4.91395549e+01  3.14158983e+00 
 2.44061907e+04  2.44061907e+04  0.00000000e+00 -4.91395549e+01  3.14158974e+00 
 2.51188643e+04  2.51188643e+04  0.00000000e+00 -4.91395549e+01  3.14158966e+00 
 2.58523484e+04  2.58523484e+04  0.00000000e+00 -4.91395549e+01  3.14158957e+00 
 2.66072506e+04  2.66072506e+04  0.00000000e+00 -4.91395549e+01  3.14158948e+00 
 2.73841963e+04  2.73841963e+04  0.00000000e+00 -4.91395549e+01  3.14158939e+00 
 2.81838293e+04  2.81838293e+04  0.00000000e+00 -4.91395549e+01  3.14158929e+00 
 2.90068120e+04  2.90068120e+04  0.00000000e+00 -4.91395549e+01  3.14158919e+00 
 2.98538262e+04  2.98538262e+04  0.00000000e+00 -4.91395549e+01  3.14158909e+00 
 3.07255737e+04  3.07255737e+04  0.00000000e+00 -4.91395549e+01  3.14158899e+00 
 3.16227766e+04  3.16227766e+04  0.00000000e+00 -4.91395549e+01  3.14158888e+00 
 3.25461783e+04  3.25461783e+04  0.00000000e+00 -4.91395549e+01  3.14158877e+00 
 3.34965439e+04  3.34965439e+04  0.00000000e+00 -4.91395549e+01  3.14158866e+00 
 3.44746607e+04  3.44746607e+04  0.00000000e+00 -4.91395549e+01  3.14158854e+00 
 3.54813389e+04  3.54813389e+04  0.00000000e+00 -4.91395549e+01  3.14158842e+00 
 3.65174127e+04  3.65174127e+04  0.00000000e+00 -4.91395549e+01  3.14158830e+00 
 3.75837404e+04  3.75837404e+04  0.00000000e+00 -4.91395549e+01  3.14158817e+00 
 3.86812055e+04  3.86812055e+04  0.00000000e+00 -4.91395549e+01  3.14158804e+00 
 3.98107171e+04  3.98107171e+04  0.00000000e+00 -4.91395549e+01  3.14158791e+00 
 4.09732110e+04  4.09732110e+04  0.00000000e+00 -4.91395549e+01  3.14158777e+00 
 4.21696503e+04  4.21696503e+04  0.00000000e+00 -4.91395549e+01  3.14158762e+00 
 4.34010264e+04  4.34010264e+04  0.00000000e+00 -4.91395549e+01  3.14158748e+00 
 4.46683592e+04  4.46683592e+04  0.00000000e+00 -4.91395549e+01  3.14158733e+00 
 4.59726989e+04  4.59726989e+04  0.00000000e+00 -4.91395549e+01  3.14158717e+00 
 4.73151259e+04  4.73151259e+04  0.00000000e+00 -4.91395549e+01  3.14158701e+00 
 4.86967525e+04  4.86967525e+04  0.00000000e+00 -4.91395549e+01  3.14158685e+00 
 5.01187234e+04  5.01187234e+04  0.00000000e+00 -4.91395549e+01  3.14158668e+00 
 5.15822165e+04  5.15822165e+04  0.00000000e+00 -4.91395549e+01  3.14158650e+00 
 5.30884444e+04  5.30884444e+04  0.00000000e+00 -4.91395549e+01  3.14158632e+00 
 5.46386550e+04  5.46386550e+04  0.00000000e+00 -4.91395549e+01  3.14158614e+00 
 5.62341325e+04  5.62341325e+04  0.00000000e+00 -4.91395549e+01  3.14158595e+00 
 5.78761988e+04  5.78761988e+04  0.00000000e+00 -4.91395549e+01  3.14158575e+00 
 5.95662144e+04  5.95662144e+04  0.00000000e+00 -4.91395549e+01  3.14158555e+00 
 6.13055792e+04  6.13055792e+04  0.00000000e+00 -4.91395549e+01  3.14158534e+00 
 6.30957344e+04  6.30957344e+04  0.00000000e+00 -4.91395549e+01  3.14158513e+00 
 6.49381632e+04  6.49381632e+04  0.00000000e+00 -4.91395549e+01  3.14158491e+00 
 6.68343918e+04  6.68343918e+04  0.00000000e+00 -4.91395549e+01  3.14158468e+00 
 6.87859912e+04  6.87859912e+04  0.00000000e+00 -4.91395549e+01  3.14158445e+00 
 7.07945784e+04  7.07945784e+04  0.00000000e+00 -4.91395549e+01  3.14158421e+00 
 7.28618175e+04  7.28618175e+04  0.00000000e+00 -4.91395549e+01  3.14158396e+00 
 7.49894209e+04  7.49894209e+04  0.00000000e+00 -4.91395549e+01  3.14158371e+00 
 7.71791516e+04  7.71791516e+04  0.00000000e+00 -4.91395549e+01  3.14158345e+00 
 7.94328235e+04  7.94328235e+04  0.00000000e+00 -4.91395549e+01  3.14158318e+00 
 8.17523038e+04  8.17523038e+04  0.00000000e+00 -4.91395549e+01  3.14158290e+00 
 8.41395142e+04  8.41395142e+04  0.00000000e+00 -4.91395549e+01  3.14158262e+00 
 8.65964323e+04  8.65964323e+04  0.00000000e+00 -4.91395549e+01  3.14158233e+00 
 8.91250938e+04  8.91250938e+04  0.00000000e+00 -4.91395549e+01  3.14158202e+00 
 9.17275935e+04  9.17275935e+04  0.00000000e+00 -4.91395549e+01  3.14158171e+00 
 9.44060876e+04  9.44060876e+04  0.00000000e+00 -4.91395549e+01  3.14158139e+00 
 9.71627952e+04  9.71627952e+04  0.00000000e+00 -4.91395549e+01  3.14158107e+00 
 1.00000000e+05  1.00000000e+05  0.00000000e+00 -4.91395549e+01  3.14158073e+00 
 1.02920053e+05  1.02920053e+05  0.00000000e+00 -4.91395549e+01  3.14158038e+00 
 1.05925373e+05  1.05925373e+05  0.00000000e+00 -4.91395549e+01  3.14158002e+00 
 1.09018449e+05  1.09018449e+05  0.00000000e+00 -4.91395549e+01  3.14157965e+00 
 1.12201845e+05  1.12201845e+05  0.00000000e+00 -4.91395549e+01  3.14157927e+00 
 1.15478198e+05  1.15478198e+05  0.00000000e+00 -4.91395549e+01  3.14157888e+00 
 1.18850223e+05  1.18850223e+05  0.00000000e+00 -4.91395549e+01  3.14157848e+00 
 1.22320712e+05  1.22320712e+05  0.00000000e+00 -4.91395549e+01  3.14157807e+00 
 1.25892541e+05  1.25892541e+05  0.00000000e+00 -4.91395549e+01  3.14157764e+00 
 1.29568670e+05  1.29568670e+05  0.00000000e+00 -4.91395549e+01  3.14157720e+00 
 1.33352143e+05  1.33352143e+05  0.00000000e+00 -4.91395549e+01  3.14157675e+00 
 1.37246096e+05  1.37246096e+05  0.00000000e+00 -4.91395549e+01  3.14157629e+00 
 1.41253754e+05  1.41253754e+05  0.00000000e+00 -4.91395549e+01  3.14157581e+00 
 1.45378439e+05  1.45378439e+05  0.00000000e+00 -4.91395549e+01  3.14157532e+00 
 1.49623566e+05  1.49623566e+05  0.00000000e+00 -4.91395549e+01  3.14157481e+00 
 1.53992653e+05  1.53992653e+05  0.00000000e+00 -4.91395549e+01  3.14157429e+00 
 1.58489319e+05  1.58489319e+05  0.00000000e+00 -4.91395549e+01  3.14157375e+00 
 1.63117291e+05  1.63117291e+05  0.00000000e+00 -4.91395549e+01  3.14157320e+00 
 1.67880402e+05  1.67880402e+05  0.00000000e+00 -4.91395549e+01  3.14157263e+00 
 1.72782598e+05  1.72782598e+05  0.00000000e+00 -4.91395549e+01  3.14157205e+00 
 1.77827941e+05  1.77827941e+05  0.00000000e+00 -4.91395549e+01  3.14157145e+00 
 1.83020611e+05  1.83020611e+05  0.00000000e+00 -4.91395549e+01  3.14157083e+00 
 1.88364909e+05  1.88364909e+05  0.00000000e+00 -4.91395549e+01  3.14157019e+00 
 1.93865264e+05  1.93865264e+05  0.00000000e+00 -4.91395549e+01  3.14156953e+00 
 1.99526231e+05  1.99526231e+05  0.00000000e+00 -4.91395549e+01  3.14156886e+00 
 2.05352503e+05  2.05352503e+05  0.00000000e+00 -4.91395549e+01  3.14156816e+00 
 2.11348904e+05  2.11348904e+05  0.00000000e+00 -4.91395549e+01  3.14156745e+00 
 2.17520403e+05  2.17520403e+05  0.00000000e+00 -4.91395549e+01  3.14156671e+00 
 2.23872114e+05  2.23872114e+05  0.00000000e+00 -4.91395549e+01  3.14156595e+00 
 2.30409298e+05  2.30409298e+05  0.00000000e+00 -4.91395549e+01  3.14156517e+00 
 2.37137371e+05  2.37137371e+05  0.00000000e+00 -4.91395549e+01  3.14156437e+00 
 2.44061907e+05  2.44061907e+05  0.00000000e+00 -4.91395549e+01  3.14156355e+00 
 2.51188643e+05  2.51188643e+05  0.00000000e+00 -4.91395549e+01  3.14156270e+00 
 2.58523484e+05  2.58523484e+05  0.00000000e+00 -4.91395549e+01  3.14156182e+00 
 2.66072506e+05  2.66072506e+05  0.00000000e+00 -4.91395549e+01  3.14156092e+00 
 2.73841963e+05  2.73841963e+05  0.00000000e+00 -4.91395549e+01  3.14155999e+00 
 2.81838293e+05  2.81838293e+05  0.00000000e+00 -4.91395549e+01  3.14155904e+00 
 2.90068120e+05  2.90068120e+05  0.00000000e+00 -4.91395549e+01  3.14155806e+00 
 2.98538262e+05  2.98538262e+05  0.00000000e+00 -4.91395549e+01  3.14155705e+00 
 3.07255737e+05  3.07255737e+05  0.00000000e+00 -4.91395549e+01  3.14155601e+00 
 3.16227766e+05  3.16227766e+05  0.00000000e+00 -4.91395549e+01  3.14155494e+00 
 3.25461783e+05  3.25461783e+05  0.00000000e+00 -4.91395549e+01  3.14155384e+00 
 3.34965439e+05  3.34965439e+05  0.00000000e+00 -4.91395549e+01  3.14155271e+00 
 3.44746607e+05  3.44746607e+05  0.00000000e+00 -4.91395549e+01  3.14155154e+00 
 3.54813389e+05  3.54813389e+05  0.00000000e+00 -4.91395549e+01  3.14155034e+00 
 3.65174127e+05  3.65174127e+05  0.00000000e+00 -4.91395549e+01  3.14154910e+00 
 3.75837404e+05  3.75837404e+05  0.00000000e+00 -4.91395549e+01  3.14154783e+00 
 3.86812055e+05  3.86812055e+05  0.00000000e+00 -4.91395549e+01  3.14154652e+00 
 3.98107171e+05  3.98107171e+05  0.00000000e+00 -4.91395549e+01  3.14154517e+00 
 4.09732110e+05  4.09732110e+05  0.00000000e+00 -4.91395549e+01  3.14154379e+00 
 4.21696503e+05  4.21696503e+05  0.00000000e+00 -4.91395549e+01  3.14154236e+00 
 4.34010264e+05  4.34010264e+05  0.00000000e+00 -4.91395549e+01  3.14154089e+00 
 4.46683592e+05  4.46683592e+05  0.00000000e+00 -4.91395549e+01  3.14153938e+00 
 4.59726989e+05  4.59726989e+05  0.00000000e+00 -4.91395549e+01  3.14153783e+00 
 4.73151259e+05  4.73151259e+05  0.00000000e+00 -4.91395549e+01  3.14153622e+00 
 4.86967525e+05  4.86967525e+05  0.00000000e+00 -4.91395549e+01  3.14153458e+00 
 5.01187234e+05  5.01187234e+05  0.00000000e+00 -4.91395549e+01  3.14153288e+00 
 5.15822165e+05  5.15822165e+05  0.00000000e+00 -4.91395549e+01  3.14153114e+00 
 5.30884444e+05  5.30884444e+05  0.00000000e+00 -4.91395549e+01  3.14152934e+00 
 5.46386550e+05  5.46386550e+05  0.00000000e+00 -4.91395549e+01  3.14152749e+00 
 5.62341325e+05  5.62341325e+05  0.00000000e+00 -4.91395549e+01  3.14152559e+00 
 5.78761988e+05  5.78761988e+05  0.00000000e+00 -4.91395549e+01  3.14152363e+00 
 5.95662144e+05  5.95662144e+05  0.00000000e+00 -4.91395549e+01  3.14152161e+00 
 6.13055792e+05  6.13055792e+05  0.00000000e+00 -4.91395549e+01  3.14151954e+00 
 6.30957344e+05  6.30957344e+05  0.00000000e+00 -4.91395549e+01  3.14151740e+00 
 6.49381632e+05  6.49381632e+05  0.00000000e+00 -4.91395549e+01  3.14151521e+00 
 6.68343918e+05  6.68343918e+05  0.00000000e+00 -4.91395549e+01  3.14151295e+00 
 6.87859912e+05  6.87859912e+05  0.00000000e+00 -4.91395549e+01  3.14151062e+00 
 7.07945784e+05  7.07945784e+05  0.00000000e+00 -4.91395549e+01  3.14150822e+00 
 7.28618175e+05  7.28618175e+05  0.00000000e+00 -4.91395549e+01  3.14150576e+00 
 7.49894209e+05  7.49894209e+05  0.00000000e+00 -4.91395549e+01  3.14150322e+00 
 7.71791516e+05  7.71791516e+05  0.00000000e+00 -4.91395549e+01  3.14150061e+00 
 7.94328235e+05  7.94328235e+05  0.00000000e+00 -4.91395549e+01  3.14149792e+00 
 8.17523038e+05  8.17523038e+05  0.00000000e+00 -4.91395549e+01  3.14149515e+00 
 8.41395142e+05  8.41395142e+05  0.00000000e+00 -4.91395549e+01  3.14149231e+00 
 8.65964323e+05  8.65964323e+05  0.00000000e+00 -4.91395549e+01  3.14148938e+00 
 8.91250938e+05  8.91250938e+05  0.00000000e+00 -4.91395549e+01  3.14148636e+00 
 9.17275935e+05  9.17275935e+05  0.00000000e+00 -4.91395549e+01  3.14148326e+00 
 9.44060876e+05  9.44060876e+05  0.00000000e+00 -4.91395549e+01  3.14148006e+00 
 9.71627952e+05  9.71627952e+05  0.00000000e+00 -4.91395549e+01  3.14147678e+00 
 1.00000000e+06  1.00000000e+06  0.00000000e+00 -4.91395549e+01  3.14147339e+00 
 1.02920053e+06  1.02920053e+06  0.00000000e+00 -4.91395549e+01  3.14146991e+00 
 1.05925373e+06  1.05925373e+06  0.00000000e+00 -4.91395549e+01  3.14146633e+00 
 1.09018449e+06  1.09018449e+06  0.00000000e+00 -4.91395549e+01  3.14146264e+00 
 1.12201845e+06  1.12201845e+06  0.00000000e+00 -4.91395549e+01  3.14145884e+00 
 1.15478198e+06  1.15478198e+06  0.00000000e+00 -4.91395549e+01  3.14145493e+00 
 1.18850223e+06  1.18850223e+06  0.00000000e+00 -4.91395549e+01  3.14145091e+00 
 1.22320712e+06  1.22320712e+06  0.00000000e+00 -4.91395549e+01  3.14144677e+00 
 1.25892541e+06  1.25892541e+06  0.00000000e+00 -4.91395550e+01  3.14144251e+00 
 1.29568670e+06  1.29568670e+06  0.00000000e+00 -4.91395550e+01  3.14143813e+00 
 1.33352143e+06  1.33352143e+06  0.00000000e+00 -4.91395550e+01  3.14143362e+00 
 1.37246096e+06  1.37246096e+06  0.00000000e+00 -4.91395550e+01  3.14142897e+00 
 1.41253754e+06  1.41253754e+06  0.00000000e+00 -4.91395550e+01  3.14142419e+00 
 1.45378439e+06  1.45378439e+06  0.00000000e+00 -4.91395550e+01  3.14141927e+00 
 1.49623566e+06  1.49623566e+06  0.00000000e+00 -4.91395550e+01  3.14141421e+00 
 1.53992653e+06  1.53992653e+06  0.00000000e+00 -4.91395550e+01  3.14140900e+00 
 1.58489319e+06  1.58489319e+06  0.00000000e+00 -4.91395550e+01  3.14140364e+00 
 1.63117291e+06  1.63117291e+06  0.00000000e+00 -4.91395550e+01  3.14139812e+00 
 1.67880402e+06  1.67880402e+06  0.00000000e+00 -4.91395550e+01  3.14139244e+00 
 1.72782598e+06  1.72782598e+06  0.00000000e+00 -4.91395550e+01  3.14138659e+00 
 1.77827941e+06  1.77827941e+06  0.00000000e+00 -4.91395550e+01  3.14138057e+00 
 1.83020611e+06  1.83020611e+06  0.00000000e+00 -4.91395551e+01  3.14137438e+00 
 1.88364909e+06  1.88364909e+06  0.00000000e+00 -4.91395551e+01  3.14136801e+00 
 1.93865264e+06  1.93865264e+06  0.00000000e+00 -4.91395551e+01  3.14136145e+00 
 1.99526231e+06  1.99526231e+06  0.00000000e+00 -4.91395551e+01  3.14135470e+00 
 2.05352503e+06  2.05352503e+06  0.00000000e+00 -4.91395551e+01  3.14134775e+00 
 2.11348904e+06  2.11348904e+06  0.00000000e+00 -4.91395551e+01  3.14134060e+00 
 2.17520403e+06  2.17520403e+06  0.00000000e+00 -4.91395551e+01  3.14133323e+00 
 2.23872114e+06  2.23872114e+06  0.00000000e+00 -4.91395551e+01  3.14132566e+00 
 2.30409298e+06  2.30409298e+06  0.00000000e+00 -4.91395552e+01  3.14131786e+00 
 2.37137371e+06  2.37137371e+06  0.00000000e+00 -4.91395552e+01  3.14130984e+00 
 2.44061907e+06  2.44061907e+06  0.00000000e+00 -4.91395552e+01  3.14130158e+00 
 2.51188643e+06  2.51188643e+06  0.00000000e+00 -4.91395552e+01  3.14129308e+00 
 2.58523484e+06  2.58523484e+06  0.00000000e+00 -4.91395552e+01  3.14128433e+00 
 2.66072506e+06  2.66072506e+06  0.00000000e+00 -4.91395553e+01  3.14127533e+00 
 2.73841963e+06  2.73841963e+06  0.00000000e+00 -4.91395553e+01  3.14126606e+00 
 2.81838293e+06  2.81838293e+06  0.00000000e+00 -4.91395553e+01  3.14125653e+00 
 2.90068120e+06  2.90068120e+06  0.00000000e+00 -4.91395553e+01  3.14124671e+00 
 2.98538262e+06  2.98538262e+06  0.00000000e+00 -4.91395554e+01  3.14123661e+00 
 3.07255737e+06  3.07255737e+06  0.00000000e+00 -4.91395554e+01  3.14122622e+00 
 3.16227766e+06  3.16227766e+06  0.00000000e+00 -4.91395554e+01  3.14121551e+00 
 3.25461783e+06  3.25461783e+06  0.00000000e+00 -4.91395555e+01  3.14120450e+00 
 3.34965439e+06  3.34965439e+06  0.00000000e+00 -4.91395555e+01  3.14119317e+00 
 3.44746607e+06  3.44746607e+06  0.00000000e+00 -4.91395555e+01  3.14118150e+00 
 3.54813389e+06  3.54813389e+06  0.00000000e+00 -4.91395556e+01  3.14116950e+00 
 3.65174127e+06  3.65174127e+06  0.00000000e+00 -4.91395556e+01  3.14115714e+00 
 3.75837404e+06  3.75837404e+06  0.00000000e+00 -4.91395557e+01  3.14114442e+00 
 3.86812055e+06  3.86812055e+06  0.00000000e+00 -4.91395557e+01  3.14113133e+00 
 3.98107171e+06  3.98107171e+06  0.00000000e+00 -4.91395557e+01  3.14111786e+00 
 4.09732110e+06  4.09732110e+06  0.00000000e+00 -4.91395558e+01  3.14110400e+00 
 4.21696503e+06  4.21696503e+06  0.00000000e+00 -4.91395559e+01  3.14108973e+00 
 4.34010264e+06  4.34010264e+06  0.00000000e+00 -4.91395559e+01  3.14107505e+00 
 4.46683592e+06  4.46683592e+06  0.00000000e+00 -4.91395560e+01  3.14105993e+00 
 4.59726989e+06  4.59726989e+06  0.00000000e+00 -4.91395560e+01  3.14104438e+00 
 4.73151259e+06  4.73151259e+06  0.00000000e+00 -4.91395561e+01  3.14102837e+00 
 4.86967525e+06  4.86967525e+06  0.00000000e+00 -4.91395562e+01  3.14101189e+00 
 5.01187234e+06  5.01187234e+06  0.00000000e+00 -4.91395563e+01  3.14099493e+00 
 5.15822165e+06  5.15822165e+06  0.00000000e+00 -4.91395563e+01  3.14097748e+00 
 5.30884444e+06  5.30884444e+06  0.00000000e+00 -4.91395564e+01  3.14095951e+00 
 5.46386550e+06  5.46386550e+06  0.00000000e+00 -4.91395565e+01  3.14094102e+00 
 5.62341325e+06  5.62341325e+06  0.00000000e+00 -4.91395566e+01  3.14092200e+00 
 5.78761988e+06  5.78761988e+06  0.00000000e+00 -4.91395567e+01  3.14090241e+00 
 5.95662144e+06  5.95662144e+06  0.00000000e+00 -4.91395568e+01  3.14088226e+00 
 6.13055792e+06  6.13055792e+06  0.00000000e+00 -4.91395570e+01  3.14086151e+00 
 6.30957344e+06  6.30957344e+06  0.00000000e+00 -4.91395571e+01  3.14084016e+00 
 6.49381632e+06  6.49381632e+06  0.00000000e+00 -4.91395572e+01  3.14081819e+00 
 6.68343918e+06  6.68343918e+06  0.00000000e+00 -4.91395574e+01  3.14079558e+00 
 6.87859912e+06  6.87859912e+06  0.00000000e+00 -4.91395575e+01  3.14077230e+00 
 7.07945784e+06  7.07945784e+06  0.00000000e+00 -4.91395577e+01  3.14074835e+00 
 7.28618175e+06  7.28618175e+06  0.00000000e+00 -4.91395578e+01  3.14072369e+00 
 7.49894209e+06  7.49894209e+06  0.00000000e+00 -4.91395580e+01  3.14069832e+00 
 7.71791516e+06  7.71791516e+06  0.00000000e+00 -4.91395582e+01  3.14067220e+00 
 7.94328235e+06  7.94328235e+06  0.00000000e+00 -4.91395584e+01  3.14064532e+00 
 8.17523038e+06  8.17523038e+06  0.00000000e+00 -4.91395586e+01  3.14061766e+00 
 8.41395142e+06  8.41395142e+06  0.00000000e+00 -4.91395588e+01  3.14058919e+00 
 8.65964323e+06  8.65964323e+06  0.00000000e+00 -4.91395590e+01  3.14055989e+00 
 8.91250938e+06  8.91250938e+06  0.00000000e+00 -4.91395593e+01  3.14052973e+00 
 9.17275935e+06  9.17275935e+06  0.00000000e+00 -4.91395595e+01  3.14049869e+00 
 9.44060876e+06  9.44060876e+06  0.00000000e+00 -4.91395598e+01  3.14046675e+00 
 9.71627952e+06  9.71627952e+06  0.00000000e+00 -4.91395601e+01  3.14043387e+00 
 1.00000000e+07  1.00000000e+07  0.00000000e+00 -4.91395604e+01  3.14040004e+00 
 1.02920053e+07  1.02920053e+07  0.00000000e+00 -4.91395608e+01  3.14036521e+00 
 1.05925373e+07  1.05925373e+07  0.00000000e+00 -4.91395611e+01  3.14032937e+00 
 1.09018449e+07  1.09018449e+07  0.00000000e+00 -4.91395615e+01  3.14029248e+00 
 1.12201845e+07  1.12201845e+07  0.00000000e+00 -4.91395619e+01  3.14025452e+00 
 1.15478198e+07  1.15478198e+07  0.00000000e+00 -4.91395623e+01  3.14021544e+00 
 1.18850223e+07  1.18850223e+07  0.00000000e+00 -4.91395627e+01  3.14017523e+00 
 1.22320712e+07  1.22320712e+07  0.00000000e+00 -4.91395632e+01  3.14013384e+00 
 1.25892541e+07  1.25892541e+07  0.00000000e+00 -4.91395637e+01  3.14009124e+00 
 1.29568670e+07  1.29568670e+07  0.00000000e+00 -4.91395642e+01  3.14004740e+00 
 1.33352143e+07  1.33352143e+07  0.00000000e+00 -4.91395648e+01  3.14000227e+00 
 1.37246096e+07  1.37246096e+07  0.00000000e+00 -4.91395653e+01  3.13995583e+00 
 1.41253754e+07  1.41253754e+07  0.00000000e+00 -4.91395660e+01  3.13990804e+00 
 1.45378439e+07  1.45378439e+07  0.00000000e+00 -4.91395666e+01  3.13985885e+00 
 1.49623566e+07  1.49623566e+07  0.00000000e+00 -4.91395673e+01  3.13980822e+00 
 1.53992653e+07  1.53992653e+07  0.00000000e+00 -4.91395681e+01  3.13975611e+00 
 1.58489319e+07  1.58489319e+07  0.00000000e+00 -4.91395688e+01  3.13970248e+00 
 1.63117291e+07  1.63117291e+07  0.00000000e+00 -4.91395697e+01  3.13964729e+00 
 1.67880402e+07  1.67880402e+07  0.00000000e+00 -4.91395705e+01  3.13959049e+00 
 1.72782598e+07  1.72782598e+07  0.00000000e+00 -4.91395715e+01  3.13953202e+00 
 1.77827941e+07  1.77827941e+07  0.00000000e+00 -4.91395725e+01  3.13947185e+00 
 1.83020611e+07  1.83020611e+07  0.00000000e+00 -4.91395735e+01  3.13940992e+00 
 1.88364909e+07  1.88364909e+07  0.00000000e+00 -4.91395746e+01  3.13934618e+00 
 1.93865264e+07  1.93865264e+07  0.00000000e+00 -4.91395758e+01  3.13928059e+00 
 1.99526231e+07  1.99526231e+07  0.00000000e+00 -4.91395770e+01  3.13921307e+00 
 2.05352503e+07  2.05352503e+07  0.00000000e+00 -4.91395783e+01  3.13914359e+00 
 2.11348904e+07  2.11348904e+07  0.00000000e+00 -4.91395797e+01  3.13907207e+00 
 2.17520403e+07  2.17520403e+07  0.00000000e+00 -4.91395812e+01  3.13899847e+00 
 2.23872114e+07  2.23872114e+07  0.00000000e+00 -4.91395827e+01  3.13892272e+00 
 2.30409298e+07  2.30409298e+07  0.00000000e+00 -4.91395844e+01  3.13884476e+00 
 2.37137371e+07  2.37137371e+07  0.00000000e+00 -4.91395862e+01  3.13876452e+00 
 2.44061907e+07  2.44061907e+07  0.00000000e+00 -4.91395880e+01  3.13868194e+00 
 2.51188643e+07  2.51188643e+07  0.00000000e+00 -4.91395900e+01  3.13859694e+00 
 2.58523484e+07  2.58523484e+07  0.00000000e+00 -4.91395920e+01  3.13850947e+00 
 2.66072506e+07  2.66072506e+07  0.00000000e+00 -4.91395943e+01  3.13841944e+00 
 2.73841963e+07  2.73841963e+07  0.00000000e+00 -4.91395966e+01  3.13832678e+00 
 2.81838293e+07  2.81838293e+07  0.00000000e+00 -4.91395991e+01  3.13823141e+00 
 2.90068120e+07  2.90068120e+07  0.00000000e+00 -4.91396017e+01  3.13813326e+00 
 2.98538262e+07  2.98538262e+07  0.00000000e+00 -4.91396044e+01  3.13803225e+00 
 3.07255737e+07  3.07255737e+07  0.00000000e+00 -4.91396074e+01  3.13792828e+00 
 3.16227766e+07  3.16227766e+07  0.00000000e+00 -4.91396105e+01  3.13782128e+00 
 3.25461783e+07  3.25461783e+07  0.00000000e+00 -4.91396138e+01  3.13771116e+00 
 3.34965439e+07  3.34965439e+07  0.00000000e+00 -4.91396173e+01  3.13759782e+00 
 3.44746607e+07  3.44746607e+07  0.00000000e+00 -4.91396210e+01  3.13748117e+00 
 3.54813389e+07  3.54813389e+07  0.00000000e+00 -4.91396249e+01  3.13736111e+00 
 3.65174127e+07  3.65174127e+07  0.00000000e+00 -4.91396291e+01  3.13723755e+00 
 3.75837404e+07  3.75837404e+07  0.00000000e+00 -4.91396335e+01  3.13711038e+00 
 3.86812055e+07  3.86812055e+07  0.00000000e+00 -4.91396381e+01  3.13697949e+00 
 3.98107171e+07  3.98107171e+07  0.00000000e+00 -4.91396430e+01  3.13684479e+00 
 4.09732110e+07  4.09732110e+07  0.00000000e+00 -4.91396483e+01  3.13670615e+00 
 4.21696503e+07  4.21696503e+07  0.00000000e+00 -4.91396538e+01  3.13656346e+00 
 4.34010264e+07  4.34010264e+07  0.00000000e+00 -4.91396597e+01  3.13641661e+00 
 4.46683592e+07  4.46683592e+07  0.00000000e+00 -4.91396659e+01  3.13626547e+00 
 4.59726989e+07  4.59726989e+07  0.00000000e+00 -4.91396724e+01  3.13610992e+00 
 4.73151259e+07  4.73151259e+07  0.00000000e+00 -4.91396794e+01  3.13594982e+00 
 4.86967525e+07  4.86967525e+07  0.00000000e+00 -4.91396868e+01  3.13578505e+00 
 5.01187234e+07  5.01187234e+07  0.00000000e+00 -4.91396946e+01  3.13561547e+00 
 5.15822165e+07  5.15822165e+07  0.00000000e+00 -4.91397029e+01  3.13544094e+00 
 5.30884444e+07  5.30884444e+07  0.00000000e+00 -4.91397117e+01  3.13526131e+00 
 5.46386550e+07  5.46386550e+07  0.00000000e+00 -4.91397210e+01  3.13507643e+00 
 5.62341325e+07  5.62341325e+07  0.00000000e+00 -4.91397308e+01  3.13488616e+00 
 5.78761988e+07  5.78761988e+07  0.00000000e+00 -4.91397412e+01  3.13469033e+00 
 5.95662144e+07  5.95662144e+07  0.00000000e+00 -4.91397523e+01  3.13448879e+00 
 6.13055792e+07  6.13055792e+07  0.00000000e+00 -4.91397640e+01  3.13428136e+00 
 6.30957344e+07  6.30957344e+07  0.00000000e+00 -4.91397763e+01  3.13406787e+00 
 6.49381632e+07  6.49381632e+07  0.00000000e+00 -4.91397895e+01  3.13384815e+00 
 6.68343918e+07  6.68343918e+07  0.00000000e+00 -4.91398034e+01  3.13362201e+00 
 6.87859912e+07  6.87859912e+07  0.00000000e+00 -4.91398181e+01  3.13338928e+00 
 7.07945784e+07  7.07945784e+07  0.00000000e+00 -4.91398337e+01  3.13314974e+00 
 7.28618175e+07  7.28618175e+07  0.00000000e+00 -4.91398502e+01  3.13290321e+00 
 7.49894209e+07  7.49894209e+07  0.00000000e+00 -4.91398677e+01  3.13264949e+00 
 7.71791516e+07  7.71791516e+07  0.00000000e+00 -4.91398862e+01  3.13238836e+00 
 7.94328235e+07  7.94328235e+07  0.00000000e+00 -4.91399059e+01  3.13211960e+00 
 8.17523038e+07  8.17523038e+07  0.00000000e+00 -4.91399267e+01  3.13184300e+00 
 8.41395142e+07  8.41395142e+07  0.00000000e+00 -4.91399487e+01  3.13155832e+00 
 8.65964323e+07  8.65964323e+07  0.00000000e+00 -4.91399720e+01  3.13126533e+00 
 8.91250938e+07  8.91250938e+07  0.00000000e+00 -4.91399968e+01  3.13096378e+00 
 9.17275935e+07  9.17275935e+07  0.00000000e+00 -4.91400229e+01  3.13065344e+00 
 9.44060876e+07  9.44060876e+07  0.00000000e+00 -4.91400507e+01  3.13033403e+00 
 9.71627952e+07  9.71627952e+07  0.00000000e+00 -4.91400800e+01  3.13000530e+00 
 1.00000000e+08  1.00000000e+08  0.00000000e+00 -4.91401112e+01  3.12966697e+00 
 1.02920053e+08  1.02920053e+08  0.00000000e+00 -4.91401441e+01  3.12931876e+00 
 1.05925373e+08  1.05925373e+08  0.00000000e+00 -4.91401790e+01  3.12896039e+00 
 1.09018449e+08  1.09018449e+08  0.00000000e+00 -4.91402160e+01  3.12859155e+00 
 1.12201845e+08  1.12201845e+08  0.00000000e+00 -4.91402552e+01  3.12821195e+00 
 1.15478198e+08  1.15478198e+08  0.00000000e+00 -4.91402967e+01  3.12782127e+00 
 1.18850223e+08  1.18850223e+08  0.00000000e+00 -4.91403406e+01  3.12741918e+00 
 1.22320712e+08  1.22320712e+08  0.00000000e+00 -4.91403872e+01  3.12700536e+00 
 1.25892541e+08  1.25892541e+08  0.00000000e+00 -4.91404365e+01  3.12657946e+00 
 1.29568670e+08  1.29568670e+08  0.00000000e+00 -4.91404887e+01  3.12614113e+00 
 1.33352143e+08  1.33352143e+08  0.00000000e+00 -4.91405441e+01  3.12569000e+00 
 1.37246096e+08  1.37246096e+08  0.00000000e+00 -4.91406027e+01  3.12522570e+00 
 1.41253754e+08  1.41253754e+08  0.00000000e+00 -4.91406648e+01  3.12474785e+00 
 1.45378439e+08  1.45378439e+08  0.00000000e+00 -4.91407305e+01  3.12425606e+00 
 1.49623566e+08  1.49623566e+08  0.00000000e+00 -4.91408002e+01  3.12374991e+00 
 1.53992653e+08  1.53992653e+08  0.00000000e+00 -4.91408739e+01  3.12322900e+00 
 1.58489319e+08  1.58489319e+08  0.00000000e+00 -4.91409521e+01  3.12269287e+00 
 1.63117291e+08  1.63117291e+08  0.00000000e+00 -4.91410349e+01  3.12214111e+00 
 1.67880402e+08  1.67880402e+08  0.00000000e+00 -4.91411225e+01  3.12157324e+00 
 1.72782598e+08  1.72782598e+08  0.00000000e+00 -4.91412154e+01  3.12098880e+00 
 1.77827941e+08  1.77827941e+08  0.00000000e+00 -4.91413138e+01  3.12038731e+00 
 1.83020611e+08  1.83020611e+08  0.00000000e+00 -4.91414180e+01  3.11976827e+00 
 1.88364909e+08  1.88364909e+08  0.00000000e+00 -4.91415284e+01  3.11913117e+00 
 1.93865264e+08  1.93865264e+08  0.00000000e+00 -4.91416453e+01  3.11847548e+00 
 1.99526231e+08  1.99526231e+08  0.00000000e+00 -4.91417691e+01  3.11780066e+00 
 2.05352503e+08  2.05352503e+08  0.00000000e+00 -4.91419003e+01  3.11710616e+00 
 2.11348904e+08  2.11348904e+08  0.00000000e+00 -4.91420392e+01  3.11639140e+00 
 2.17520403e+08  2.17520403e+08  0.00000000e+00 -4.91421864e+01  3.11565579e+00 
 2.23872114e+08  2.23872114e+08  0.00000000e+00 -4.91423423e+01  3.11489872e+00 
 2.30409298e+08  2.30409298e+08  0.00000000e+00 -4.91425074e+01  3.11411958e+00 
 2.37137371e+08  2.37137371e+08  0.00000000e+00 -4.91426822e+01  3.11331771e+00 
 2.44061907e+08  2.44061907e+08  0.00000000e+00 -4.91428675e+01  3.11249246e+00 
 2.51188643e+08  2.51188643e+08  0.00000000e+00 -4.91430637e+01  3.11164315e+00 
 2.58523484e+08  2.58523484e+08  0.00000000e+00 -4.91432715e+01  3.11076908e+00 
 2.66072506e+08  2.66072506e+08  0.00000000e+00 -4.91434916e+01  3.10986952e+00 
 2.73841963e+08  2.73841963e+08  0.00000000e+00 -4.91437248e+01  3.10894375e+00 
 2.81838293e+08  2.81838293e+08  0.00000000e+00 -4.91439717e+01  3.10799099e+00 
 2.90068120e+08  2.90068120e+08  0.00000000e+00 -4.91442333e+01  3.10701046e+00 
 2.98538262e+08  2.98538262e+08  0.00000000e+00 -4.91445104e+01  3.10600137e+00 
 3.07255737e+08  3.07255737e+08  0.00000000e+00 -4.91448038e+01  3.10496287e+00 
 3.16227766e+08  3.16227766e+08  0.00000000e+00 -4.91451146e+01  3.10389412e+00 
 3.25461783e+08  3.25461783e+08  0.00000000e+00 -4.91454439e+01  3.10279424e+00 
 3.34965439e+08  3.34965439e+08  0.00000000e+00 -4.91457926e+01  3.10166232e+00 
 3.44746607e+08  3.44746607e+08  0.00000000e+00 -4.91461619e+01  3.10049744e+00 
 3.54813389e+08  3.54813389e+08  0.00000000e+00 -4.91465530e+01  3.09929865e+00 
 3.65174127e+08  3.65174127e+08  0.00000000e+00 -4.91469674e+01  3.09806497e+00 
 3.75837404e+08  3.75837404e+08  0.00000000e+00 -4.91474062e+01  3.09679537e+00 
 3.86812055e+08  3.86812055e+08  0.00000000e+00 -4.91478710e+01  3.09548884e+00 
 3.98107171e+08  3.98107171e+08  0.00000000e+00 -4.91483632e+01  3.09414429e+00 
 4.09732110e+08  4.09732110e+08  0.00000000e+00 -4.91488846e+01  3.09276063e+00 
 4.21696503e+08  4.21696503e+08  0.00000000e+00 -4.91494368e+01  3.09133674e+00 
 4.34010264e+08  4.34010264e+08  0.00000000e+00 -4.91500216e+01  3.08987146e+00 
 4.46683592e+08  4.46683592e+08  0.00000000e+00 -4.91506410e+01  3.08836358e+00 
 4.59726989e+08  4.59726989e+08  0.00000000e+00 -4.91512970e+01  3.08681190e+00 
 4.73151259e+08  4.73151259e+08  0.00000000e+00 -4.91519918e+01  3.08521514e+00 
 4.86967525e+08  4.86967525e+08  0.00000000e+00 -4.91527276e+01  3.08357201e+00 
 5.01187234e+08  5.01187234e+08  0.00000000e+00 -4.91535068e+01  3.08188118e+00 
 5.15822165e+08  5.15822165e+08  0.00000000e+00 -4.91543321e+01  3.08014128e+00 
 5.30884444e+08  5.30884444e+08  0.00000000e+00 -4.91552062e+01  3.07835092e+00 
 5.46386550e+08  5.46386550e+08  0.00000000e+00 -4.91561318e+01  3.07650863e+00 
 5.62341325e+08  5.62341325e+08  0.00000000e+00 -4.91571120e+01  3.07461295e+00 
 5.78761988e+08  5.78761988e+08  0.00000000e+00 -4.91581501e+01  3.07266235e+00 
 5.95662144e+08  5.95662144e+08  0.00000000e+00 -4.91592494e+01  3.07065525e+00 
 6.13055792e+08  6.13055792e+08  0.00000000e+00 -4.91604136e+01  3.06859006e+00 
 6.30957344e+08  6.30957344e+08  0.00000000e+00 -4.91616464e+01  3.06646513e+00 
 6.49381632e+08  6.49381632e+08  0.00000000e+00 -4.91629519e+01  3.06427875e+00 
 6.68343918e+08  6.68343918e+08  0.00000000e+00 -4.91643343e+01  3.06202920e+00 
 6.87859912e+08  6.87859912e+08  0.00000000e+00 -4.91657981e+01  3.05971468e+00 
 7.07945784e+08  7.07945784e+08  0.00000000e+00 -4.91673481e+01  3.05733336e+00 
 7.28618175e+08  7.28618175e+08  0.00000000e+00 -4.91689894e+01  3.05488336e+00 
 7.49894209e+08  7.49894209e+08  0.00000000e+00 -4.91707272e+01  3.05236276e+00 
 7.71791516e+08  7.71791516e+08  0.00000000e+00 -4.91725672e+01  3.04976957e+00 
 7.94328235e+08  7.94328235e+08  0.00000000e+00 -4.91745154e+01  3.04710177e+00 
 8.17523038e+08  8.17523038e+08  0.00000000e+00 -4.91765781e+01  3.04435727e+00 
 8.41395142e+08  8.41395142e+08  0.00000000e+00 -4.91787620e+01  3.04153395e+00 
 8.65964323e+08  8.65964323e+08  0.00000000e+00 -4.91810740e+01  3.03862962e+00 
 8.91250938e+08  8.91250938e+08  0.00000000e+00 -4.91835217e+01  3.03564203e+00 
 9.17275935e+08  9.17275935e+08  0.00000000e+00 -4.91861129e+01  3.03256891e+00 
 9.44060876e+08  9.44060876e+08  0.00000000e+00 -4.91888559e+01  3.02940791e+00 
 9.71627952e+08  9.71627952e+08  0.00000000e+00 -4.91917596e+01  3.02615661e+00 
 1.00000000e+09  1.00000000e+09  0.00000000e+00 -4.91948332e+01  3.02281256e+00 
 1.02920053e+09  1.02920053e+09  0.00000000e+00 -4.91980866e+01  3.01937326e+00 
 1.05925373e+09  1.05925373e+09  0.00000000e+00 -4.92015300e+01  3.01583612e+00 
 1.09018449e+09  1.09018449e+09  0.00000000e+00 -4.92051745e+01  3.01219852e+00 
 1.12201845e+09  1.12201845e+09  0.00000000e+00 -4.92090316e+01  3.00845779e+00 
 1.15478198e+09  1.15478198e+09  0.00000000e+00 -4.92131135e+01  3.00461117e+00 
 1.18850223e+09  1.18850223e+09  0.00000000e+00 -4.92174331e+01  3.00065587e+00 
 1.22320712e+09  1.22320712e+09  0.00000000e+00 -4.92220039e+01  2.99658904e+00 
 1.25892541e+09  1.25892541e+09  0.00000000e+00 -4.92268402e+01  2.99240777e+00 
 1.29568670e+09  1.29568670e+09  0.00000000e+00 -4.92319573e+01  2.98810909e+00 
 1.33352143e+09  1.33352143e+09  0.00000000e+00 -4.92373709e+01  2.98369000e+00 
 1.37246096e+09  1.37246096e+09  0.00000000e+00 -4.92430979e+01  2.97914742e+00 
 1.41253754e+09  1.41253754e+09  0.00000000e+00 -4.92491560e+01  2.97447822e+00 
 1.45378439e+09  1.45378439e+09  0.00000000e+00 -4.92555638e+01  2.96967924e+00 
 1.49623566e+09  1.49623566e+09  0.00000000e+00 -4.92623410e+01  2.96474726e+00 
 1.53992653e+09  1.53992653e+09  0.00000000e+00 -4.92695081e+01  2.95967901e+00 
 1.58489319e+09  1.58489319e+09  0.00000000e+00 -4.92770870e+01  2.95447119e+00 
 1.63117291e+09  1.63117291e+09  0.00000000e+00 -4.92851004e+01  2.94912044e+00 
 1.67880402e+09  1.67880402e+09  0.00000000e+00 -4.92935725e+01  2.94362339e+00 
 1.72782598e+09  1.72782598e+09  0.00000000e+00 -4.93025286e+01  2.93797660e+00 
 1.77827941e+09  1.77827941e+09  0.00000000e+00 -4.93119950e+01  2.93217664e+00 
 1.83020611e+09  1.83020611e+09  0.00000000e+00 -4.93219999e+01  2.92622003e+00 
 1.88364909e+09  1.88364909e+09  0.00000000e+00 -4.93325723e+01  2.92010329e+00 
 1.93865264e+09  1.93865264e+09  0.00000000e+00 -4.93437430e+01  2.91382290e+00 
 1.99526231e+09  1.99526231e+09  0.00000000e+00 -4.93555442e+01  2.90737535e+00 
 2.05352503e+09  2.05352503e+09  0.00000000e+00 -4.93680096e+01  2.90075713e+00 
 2.11348904e+09  2.11348904e+09  0.00000000e+00 -4.93811744e+01  2.89396474e+00 
 2.17520403e+09  2.17520403e+09  0.00000000e+00 -4.93950757e+01  2.88699467e+00 
 2.23872114e+09  2.23872114e+09  0.00000000e+00 -4.94097521e+01  2.87984347e+00 
 2.30409298e+09  2.30409298e+09  0.00000000e+00 -4.94252439e+01  2.87250770e+00 
 2.37137371e+09  2.37137371e+09  0.00000000e+00 -4.94415932e+01  2.86498397e+00 
 2.44061907e+09  2.44061907e+09  0.00000000e+00 -4.94588440e+01  2.85726893e+00 
 2.51188643e+09  2.51188643e+09  0.00000000e+00 -4.94770421e+01  2.84935933e+00 
 2.58523484e+09  2.58523484e+09  0.00000000e+00 -4.94962353e+01  2.84125196e+00 
 2.66072506e+09  2.66072506e+09  0.00000000e+00 -4.95164730e+01  2.83294373e+00 
 2.73841963e+09  2.73841963e+09  0.00000000e+00 -4.95378070e+01  2.82443165e+00 
 2.81838293e+09  2.81838293e+09  0.00000000e+00 -4.95602907e+01  2.81571283e+00 
 2.90068120e+09  2.90068120e+09  0.00000000e+00 -4.95839796e+01  2.80678455e+00 
 2.98538262e+09  2.98538262e+09  0.00000000e+00 -4.96089312e+01  2.79764422e+00 
 3.07255737e+09  3.07255737e+09  0.00000000e+00 -4.96352049e+01  2.78828943e+00 
 3.16227766e+09  3.16227766e+09  0.00000000e+00 -4.96628621e+01  2.77871796e+00 
 3.25461783e+09  3.25461783e+09  0.00000000e+00 -4.96919660e+01  2.76892779e+00 
 3.34965439e+09  3.34965439e+09  0.00000000e+00 -4.97225820e+01  2.75891714e+00 
 3.44746607e+09  3.44746607e+09  0.00000000e+00 -4.97547769e+01  2.74868445e+00 
 3.54813389e+09  3.54813389e+09  0.00000000e+00 -4.97886195e+01  2.73822847e+00 
 3.65174127e+09  3.65174127e+09  0.00000000e+00 -4.98241804e+01  2.72754818e+00 
 3.75837404e+09  3.75837404e+09  0.00000000e+00 -4.98615314e+01  2.71664292e+00 
 3.86812055e+09  3.86812055e+09  0.00000000e+00 -4.99007462e+01  2.70551233e+00 
 3.98107171e+09  3.98107171e+09  0.00000000e+00 -4.99418995e+01  2.69415640e+00 
 4.09732110e+09  4.09732110e+09  0.00000000e+00 -4.99850674e+01  2.68257550e+00 
 4.21696503e+09  4.21696503e+09  0.00000000e+00 -5.00303269e+01  2.67077037e+00 
 4.34010264e+09  4.34010264e+09  0.00000000e+00 -5.00777559e+01  2.65874217e+00 
 4.46683592e+09  4.46683592e+09  0.00000000e+00 -5.01274329e+01  2.64649249e+00 
 4.59726989e+09  4.59726989e+09  0.00000000e+00 -5.01794368e+01  2.63402334e+00 
 4.73151259e+09  4.73151259e+09  0.00000000e+00 -5.02338467e+01  2.62133721e+00 
 4.86967525e+09  4.86967525e+09  0.00000000e+00 -5.02907416e+01  2.60843704e+00 
 5.01187234e+09  5.01187234e+09  0.00000000e+00 -5.03502000e+01  2.59532626e+00 
 5.15822165e+09  5.15822165e+09  0.00000000e+00 -5.04123000e+01  2.58200879e+00 
 5.30884444e+09  5.30884444e+09  0.00000000e+00 -5.04771184e+01  2.56848905e+00 
 5.46386550e+09  5.46386550e+09  0.00000000e+00 -5.05447309e+01  2.55477195e+00 
 5.62341325e+09  5.62341325e+09  0.00000000e+00 -5.06152116e+01  2.54086292e+00 
 5.78761988e+09  5.78761988e+09  0.00000000e+00 -5.06886323e+01  2.52676787e+00 
 5.95662144e+09  5.95662144e+09  0.00000000e+00 -5.07650628e+01  2.51249321e+00 
 6.13055792e+09  6.13055792e+09  0.00000000e+00 -5.08445702e+01  2.49804584e+00 
 6.30957344e+09  6.30957344e+09  0.00000000e+00 -5.09272184e+01  2.48343312e+00 
 6.49381632e+09  6.49381632e+09  0.00000000e+00 -5.10130679e+01  2.46866287e+00 
 6.68343918e+09  6.68343918e+09  0.00000000e+00 -5.11021757e+01  2.45374336e+00 
 6.87859912e+09  6.87859912e+09  0.00000000e+00 -5.11945945e+01  2.43868324e+00 
 7.07945784e+09  7.07945784e+09  0.00000000e+00 -5.12903728e+01  2.42349155e+00 
 7.28618175e+09  7.28618175e+09  0.00000000e+00 -5.13895542e+01  2.40817770e+00 
 7.49894209e+09  7.49894209e+09  0.00000000e+00 -5.14921776e+01  2.39275139e+00 
 7.71791516e+09  7.71791516e+09  0.00000000e+00 -5.15982766e+01  2.37722261e+00 
 7.94328235e+09  7.94328235e+09  0.00000000e+00 -5.17078792e+01  2.36160157e+00 
 8.17523038e+09  8.17523038e+09  0.00000000e+00 -5.18210080e+01  2.34589869e+00 
 8.41395142e+09  8.41395142e+09  0.00000000e+00 -5.19376796e+01  2.33012454e+00 
 8.65964323e+09  8.65964323e+09  0.00000000e+00 -5.20579047e+01  2.31428975e+00 
 8.91250938e+09  8.91250938e+09  0.00000000e+00 -5.21816883e+01  2.29840505e+00 
 9.17275935e+09  9.17275935e+09  0.00000000e+00 -5.23090288e+01  2.28248112e+00 
 9.44060876e+09  9.44060876e+09  0.00000000e+00 -5.24399189e+01  2.26652863e+00 
 9.71627952e+09  9.71627952e+09  0.00000000e+00 -5.25743452e+01  2.25055813e+00 
 1.00000000e+10  1.00000000e+10  0.00000000e+00 -5.27122881e+01  2.23458002e+00 
