 v-sweep         v(in)           v(out)         
 4.50000000e-01  4.50000000e-01 -1.01166910e-01 
 4.55000000e-01  4.55000000e-01 -9.73838263e-02 
 4.60000000e-01  4.60000000e-01 -9.35212851e-02 
 4.65000000e-01  4.65000000e-01 -8.96570531e-02 
 4.70000000e-01  4.70000000e-01 -8.57928134e-02 
 4.75000000e-01  4.75000000e-01 -8.19286012e-02 
 4.80000000e-01  4.80000000e-01 -7.80644172e-02 
 4.85000000e-01  4.85000000e-01 -7.42002610e-02 
 4.90000000e-01  4.90000000e-01 -7.03361325e-02 
 4.95000000e-01  4.95000000e-01 -6.64720314e-02 
 5.00000000e-01  5.00000000e-01 -6.26079575e-02 
 5.05000000e-01  5.05000000e-01 -5.87439106e-02 
 5.10000000e-01  5.10000000e-01 -5.48798905e-02 
 5.15000000e-01  5.15000000e-01 -5.10158969e-02 
 5.20000000e-01  5.20000000e-01 -4.71519296e-02 
 5.25000000e-01  5.25000000e-01 -4.32879885e-02 
 5.30000000e-01  5.30000000e-01 -3.94240734e-02 
 5.35000000e-01  5.35000000e-01 -3.55601839e-02 
 5.40000000e-01  5.40000000e-01 -3.16963200e-02 
 5.45000000e-01  5.45000000e-01 -2.78324815e-02 
 5.50000000e-01  5.50000000e-01 -2.39686680e-02 
 5.55000000e-01  5.55000000e-01 -2.01048795e-02 
 5.60000000e-01  5.60000000e-01 -1.62411158e-02 
 5.65000000e-01  5.65000000e-01 -1.23773767e-02 
 5.70000000e-01  5.70000000e-01 -8.51366189e-03 
 5.75000000e-01  5.75000000e-01 -4.64378580e-03 
 5.80000000e-01  5.80000000e-01 -7.82935975e-04 
 5.85000000e-01  5.85000000e-01  3.07734132e-03 
 5.90000000e-01  5.90000000e-01  6.94183721e-03 
 5.95000000e-01  5.95000000e-01  1.08090206e-02 
 6.00000000e-01  6.00000000e-01  1.46789270e-02 
 6.05000000e-01  6.05000000e-01  1.85515364e-02 
 6.10000000e-01  6.10000000e-01  2.24268291e-02 
 6.15000000e-01  6.15000000e-01  2.63047853e-02 
 6.20000000e-01  6.20000000e-01  3.01853859e-02 
 6.25000000e-01  6.25000000e-01  3.40686117e-02 
 6.30000000e-01  6.30000000e-01  3.79544439e-02 
 6.35000000e-01  6.35000000e-01  4.18428637e-02 
 6.40000000e-01  6.40000000e-01  4.57338528e-02 
 6.45000000e-01  6.45000000e-01  4.96273929e-02 
 6.50000000e-01  6.50000000e-01  5.35234661e-02 
 6.55000000e-01  6.55000000e-01  5.74220546e-02 
 6.60000000e-01  6.60000000e-01  6.13231407e-02 
 6.65000000e-01  6.65000000e-01  6.52267072e-02 
 6.70000000e-01  6.70000000e-01  6.91327368e-02 
 6.75000000e-01  6.75000000e-01  7.30412125e-02 
 6.80000000e-01  6.80000000e-01  7.69521175e-02 
 6.85000000e-01  6.85000000e-01  8.08654354e-02 
 6.90000000e-01  6.90000000e-01  8.47811496e-02 
 6.95000000e-01  6.95000000e-01  8.86992438e-02 
 7.00000000e-01  7.00000000e-01  9.26197022e-02 
 7.05000000e-01  7.05000000e-01  9.65425088e-02 
 7.10000000e-01  7.10000000e-01  1.00467648e-01 
 7.15000000e-01  7.15000000e-01  1.04395104e-01 
 7.20000000e-01  7.20000000e-01  1.08324862e-01 
 7.25000000e-01  7.25000000e-01  1.12256906e-01 
 7.30000000e-01  7.30000000e-01  1.16191222e-01 
 7.35000000e-01  7.35000000e-01  1.20127794e-01 
 7.40000000e-01  7.40000000e-01  1.24066608e-01 
 7.45000000e-01  7.45000000e-01  1.28007650e-01 
 7.50000000e-01  7.50000000e-01  1.31950904e-01 
 7.55000000e-01  7.55000000e-01  1.35896357e-01 
 7.60000000e-01  7.60000000e-01  1.39843996e-01 
 7.65000000e-01  7.65000000e-01  1.43793804e-01 
 7.70000000e-01  7.70000000e-01  1.47745770e-01 
 7.75000000e-01  7.75000000e-01  1.51699879e-01 
 7.80000000e-01  7.80000000e-01  1.55656118e-01 
 7.85000000e-01  7.85000000e-01  1.59614474e-01 
 7.90000000e-01  7.90000000e-01  1.63574933e-01 
 7.95000000e-01  7.95000000e-01  1.67537482e-01 
 8.00000000e-01  8.00000000e-01  1.71502109e-01 
 8.05000000e-01  8.05000000e-01  1.75468800e-01 
 8.10000000e-01  8.10000000e-01  1.79437542e-01 
 8.15000000e-01  8.15000000e-01  1.83408324e-01 
 8.20000000e-01  8.20000000e-01  1.87381133e-01 
 8.25000000e-01  8.25000000e-01  1.91355956e-01 
 8.30000000e-01  8.30000000e-01  1.95332782e-01 
 8.35000000e-01  8.35000000e-01  1.99311598e-01 
 8.40000000e-01  8.40000000e-01  2.03292392e-01 
 8.45000000e-01  8.45000000e-01  2.07275153e-01 
 8.50000000e-01  8.50000000e-01  2.11259869e-01 
 8.55000000e-01  8.55000000e-01  2.15246528e-01 
 8.60000000e-01  8.60000000e-01  2.19235119e-01 
 8.65000000e-01  8.65000000e-01  2.23225630e-01 
 8.70000000e-01  8.70000000e-01  2.27218051e-01 
 8.75000000e-01  8.75000000e-01  2.31212369e-01 
 8.80000000e-01  8.80000000e-01  2.35208574e-01 
 8.85000000e-01  8.85000000e-01  2.39206656e-01 
 8.90000000e-01  8.90000000e-01  2.43206603e-01 
 8.95000000e-01  8.95000000e-01  2.47208404e-01 
 9.00000000e-01  9.00000000e-01  2.51212049e-01 
 9.05000000e-01  9.05000000e-01  2.55217528e-01 
 9.10000000e-01  9.10000000e-01  2.59224829e-01 
 9.15000000e-01  9.15000000e-01  2.63233943e-01 
 9.20000000e-01  9.20000000e-01  2.67244860e-01 
 9.25000000e-01  9.25000000e-01  2.71257569e-01 
 9.30000000e-01  9.30000000e-01  2.75272060e-01 
 9.35000000e-01  9.35000000e-01  2.79288323e-01 
 9.40000000e-01  9.40000000e-01  2.83306349e-01 
 9.45000000e-01  9.45000000e-01  2.87326127e-01 
 9.50000000e-01  9.50000000e-01  2.91347649e-01 
 9.55000000e-01  9.55000000e-01  2.95370904e-01 
 9.60000000e-01  9.60000000e-01  2.99395883e-01 
 9.65000000e-01  9.65000000e-01  3.03422576e-01 
 9.70000000e-01  9.70000000e-01  3.07450975e-01 
 9.75000000e-01  9.75000000e-01  3.11481070e-01 
 9.80000000e-01  9.80000000e-01  3.15512851e-01 
 9.85000000e-01  9.85000000e-01  3.19546310e-01 
 9.90000000e-01  9.90000000e-01  3.23581438e-01 
 9.95000000e-01  9.95000000e-01  3.27618225e-01 
 1.00000000e+00  1.00000000e+00  3.31656664e-01 
 1.00500000e+00  1.00500000e+00  3.35696745e-01 
 1.01000000e+00  1.01000000e+00  3.39738459e-01 
 1.01500000e+00  1.01500000e+00  3.43781798e-01 
 1.02000000e+00  1.02000000e+00  3.47826753e-01 
 1.02500000e+00  1.02500000e+00  3.51873317e-01 
 1.03000000e+00  1.03000000e+00  3.55921479e-01 
 1.03500000e+00  1.03500000e+00  3.59971233e-01 
 1.04000000e+00  1.04000000e+00  3.64022570e-01 
 1.04500000e+00  1.04500000e+00  3.68075482e-01 
 1.05000000e+00  1.05000000e+00  3.72129960e-01 
 1.05500000e+00  1.05500000e+00  3.76185997e-01 
 1.06000000e+00  1.06000000e+00  3.80243585e-01 
 1.06500000e+00  1.06500000e+00  3.84302715e-01 
 1.07000000e+00  1.07000000e+00  3.88363380e-01 
 1.07500000e+00  1.07500000e+00  3.92425573e-01 
 1.08000000e+00  1.08000000e+00  3.96489285e-01 
 1.08500000e+00  1.08500000e+00  4.00554508e-01 
 1.09000000e+00  1.09000000e+00  4.04621236e-01 
 1.09500000e+00  1.09500000e+00  4.08689460e-01 
 1.10000000e+00  1.10000000e+00  4.12759174e-01 
 1.10500000e+00  1.10500000e+00  4.16830370e-01 
 1.11000000e+00  1.11000000e+00  4.20903040e-01 
 1.11500000e+00  1.11500000e+00  4.24977177e-01 
 1.12000000e+00  1.12000000e+00  4.29052775e-01 
 1.12500000e+00  1.12500000e+00  4.33129825e-01 
 1.13000000e+00  1.13000000e+00  4.37208321e-01 
 1.13500000e+00  1.13500000e+00  4.41288256e-01 
 1.14000000e+00  1.14000000e+00  4.45369622e-01 
 1.14500000e+00  1.14500000e+00  4.49452414e-01 
 1.15000000e+00  1.15000000e+00  4.53536623e-01 
 1.15500000e+00  1.15500000e+00  4.57622243e-01 
 1.16000000e+00  1.16000000e+00  4.61709268e-01 
 1.16500000e+00  1.16500000e+00  4.65797691e-01 
 1.17000000e+00  1.17000000e+00  4.69887504e-01 
 1.17500000e+00  1.17500000e+00  4.73978702e-01 
 1.18000000e+00  1.18000000e+00  4.78071278e-01 
 1.18500000e+00  1.18500000e+00  4.82165225e-01 
 1.19000000e+00  1.19000000e+00  4.86260537e-01 
 1.19500000e+00  1.19500000e+00  4.90357207e-01 
 1.20000000e+00  1.20000000e+00  4.94455230e-01 
 1.20500000e+00  1.20500000e+00  4.98554598e-01 
 1.21000000e+00  1.21000000e+00  5.02655306e-01 
 1.21500000e+00  1.21500000e+00  5.06757348e-01 
 1.22000000e+00  1.22000000e+00  5.10860716e-01 
 1.22500000e+00  1.22500000e+00  5.14965406e-01 
 1.23000000e+00  1.23000000e+00  5.19071411e-01 
 1.23500000e+00  1.23500000e+00  5.23178724e-01 
 1.24000000e+00  1.24000000e+00  5.27287341e-01 
 1.24500000e+00  1.24500000e+00  5.31397255e-01 
 1.25000000e+00  1.25000000e+00  5.35508460e-01 
 1.25500000e+00  1.25500000e+00  5.39620950e-01 
 1.26000000e+00  1.26000000e+00  5.43734720e-01 
 1.26500000e+00  1.26500000e+00  5.47849764e-01 
 1.27000000e+00  1.27000000e+00  5.51966076e-01 
 1.27500000e+00  1.27500000e+00  5.56083650e-01 
 1.28000000e+00  1.28000000e+00  5.60202481e-01 
 1.28500000e+00  1.28500000e+00  5.64322563e-01 
 1.29000000e+00  1.29000000e+00  5.68443891e-01 
 1.29500000e+00  1.29500000e+00  5.72566459e-01 
 1.30000000e+00  1.30000000e+00  5.76690261e-01 
 1.30500000e+00  1.30500000e+00  5.80815293e-01 
 1.31000000e+00  1.31000000e+00  5.84941549e-01 
 1.31500000e+00  1.31500000e+00  5.89069023e-01 
 1.32000000e+00  1.32000000e+00  5.93197711e-01 
 1.32500000e+00  1.32500000e+00  5.97327606e-01 
 1.33000000e+00  1.33000000e+00  6.01458704e-01 
 1.33500000e+00  1.33500000e+00  6.05591000e-01 
 1.34000000e+00  1.34000000e+00  6.09724487e-01 
 1.34500000e+00  1.34500000e+00  6.13859162e-01 
 1.35000000e+00  1.35000000e+00  6.17995020e-01 
 1.35500000e+00  1.35500000e+00  6.22132054e-01 
 1.36000000e+00  1.36000000e+00  6.26270260e-01 
 1.36500000e+00  1.36500000e+00  6.30409633e-01 
 1.37000000e+00  1.37000000e+00  6.34550169e-01 
 1.37500000e+00  1.37500000e+00  6.38691861e-01 
 1.38000000e+00  1.38000000e+00  6.42834706e-01 
 1.38500000e+00  1.38500000e+00  6.46978699e-01 
 1.39000000e+00  1.39000000e+00  6.51123834e-01 
 1.39500000e+00  1.39500000e+00  6.55270107e-01 
 1.40000000e+00  1.40000000e+00  6.59417513e-01 
 1.40500000e+00  1.40500000e+00  6.63566047e-01 
 1.41000000e+00  1.41000000e+00  6.67715705e-01 
 1.41500000e+00  1.41500000e+00  6.71866482e-01 
 1.42000000e+00  1.42000000e+00  6.76018374e-01 
 1.42500000e+00  1.42500000e+00  6.80171376e-01 
 1.43000000e+00  1.43000000e+00  6.84325483e-01 
 1.43500000e+00  1.43500000e+00  6.88480690e-01 
 1.44000000e+00  1.44000000e+00  6.92636994e-01 
 1.44500000e+00  1.44500000e+00  6.96794390e-01 
 1.45000000e+00  1.45000000e+00  7.00952873e-01 
 1.45500000e+00  1.45500000e+00  7.05112440e-01 
 1.46000000e+00  1.46000000e+00  7.09273085e-01 
 1.46500000e+00  1.46500000e+00  7.13434804e-01 
 1.47000000e+00  1.47000000e+00  7.17597593e-01 
 1.47500000e+00  1.47500000e+00  7.21761448e-01 
 1.48000000e+00  1.48000000e+00  7.25926364e-01 
 1.48500000e+00  1.48500000e+00  7.30092337e-01 
 1.49000000e+00  1.49000000e+00  7.34259363e-01 
 1.49500000e+00  1.49500000e+00  7.38427438e-01 
 1.50000000e+00  1.50000000e+00  7.42596558e-01 
 1.50500000e+00  1.50500000e+00  7.46766718e-01 
 1.51000000e+00  1.51000000e+00  7.50937915e-01 
 1.51500000e+00  1.51500000e+00  7.55110144e-01 
 1.52000000e+00  1.52000000e+00  7.59283401e-01 
 1.52500000e+00  1.52500000e+00  7.63457683e-01 
 1.53000000e+00  1.53000000e+00  7.67632984e-01 
 1.53500000e+00  1.53500000e+00  7.71809302e-01 
 1.54000000e+00  1.54000000e+00  7.75986633e-01 
 1.54500000e+00  1.54500000e+00  7.80164972e-01 
 1.55000000e+00  1.55000000e+00  7.84344315e-01 
 1.55500000e+00  1.55500000e+00  7.88524659e-01 
 1.56000000e+00  1.56000000e+00  7.92706000e-01 
 1.56500000e+00  1.56500000e+00  7.96888334e-01 
 1.57000000e+00  1.57000000e+00  8.01071658e-01 
 1.57500000e+00  1.57500000e+00  8.05255966e-01 
 1.58000000e+00  1.58000000e+00  8.09441257e-01 
 1.58500000e+00  1.58500000e+00  8.13627525e-01 
 1.59000000e+00  1.59000000e+00  8.17814768e-01 
 1.59500000e+00  1.59500000e+00  8.22002981e-01 
 1.60000000e+00  1.60000000e+00  8.26192161e-01 
 1.60500000e+00  1.60500000e+00  8.30382305e-01 
 1.61000000e+00  1.61000000e+00  8.34573408e-01 
 1.61500000e+00  1.61500000e+00  8.38765468e-01 
 1.62000000e+00  1.62000000e+00  8.42958479e-01 
 1.62500000e+00  1.62500000e+00  8.47152440e-01 
 1.63000000e+00  1.63000000e+00  8.51347347e-01 
 1.63500000e+00  1.63500000e+00  8.55543195e-01 
 1.64000000e+00  1.64000000e+00  8.59739982e-01 
 1.64500000e+00  1.64500000e+00  8.63937703e-01 
 1.65000000e+00  1.65000000e+00  8.68136357e-01 
 1.65500000e+00  1.65500000e+00  8.72335938e-01 
 1.66000000e+00  1.66000000e+00  8.76536445e-01 
 1.66500000e+00  1.66500000e+00  8.80737873e-01 
 1.67000000e+00  1.67000000e+00  8.84940218e-01 
 1.67500000e+00  1.67500000e+00  8.89143479e-01 
 1.68000000e+00  1.68000000e+00  8.93347651e-01 
 1.68500000e+00  1.68500000e+00  8.97552730e-01 
 1.69000000e+00  1.69000000e+00  9.01758715e-01 
 1.69500000e+00  1.69500000e+00  9.05965601e-01 
 1.70000000e+00  1.70000000e+00  9.10173386e-01 
 1.70500000e+00  1.70500000e+00  9.14382066e-01 
 1.71000000e+00  1.71000000e+00  9.18591637e-01 
 1.71500000e+00  1.71500000e+00  9.22802097e-01 
 1.72000000e+00  1.72000000e+00  9.27013443e-01 
 1.72500000e+00  1.72500000e+00  9.31225671e-01 
 1.73000000e+00  1.73000000e+00  9.35438778e-01 
 1.73500000e+00  1.73500000e+00  9.39652762e-01 
 1.74000000e+00  1.74000000e+00  9.43867618e-01 
 1.74500000e+00  1.74500000e+00  9.48083345e-01 
 1.75000000e+00  1.75000000e+00  9.52299938e-01 
 1.75500000e+00  1.75500000e+00  9.56517396e-01 
 1.76000000e+00  1.76000000e+00  9.60735714e-01 
 1.76500000e+00  1.76500000e+00  9.64954890e-01 
 1.77000000e+00  1.77000000e+00  9.69174921e-01 
 1.77500000e+00  1.77500000e+00  9.73395803e-01 
 1.78000000e+00  1.78000000e+00  9.77617535e-01 
 1.78500000e+00  1.78500000e+00  9.81840113e-01 
 1.79000000e+00  1.79000000e+00  9.86063533e-01 
 1.79500000e+00  1.79500000e+00  9.90287794e-01 
 1.80000000e+00  1.80000000e+00  9.94512892e-01 
