 frequency       frequency       frequency       vdb(out)        vp(out)        
 1.00000000e+01  1.00000000e+01  0.00000000e+00 -6.53748488e+01  3.14159265e+00 
 1.02920053e+01  1.02920053e+01  0.00000000e+00 -6.53748488e+01  3.14159265e+00 
 1.05925373e+01  1.05925373e+01  0.00000000e+00 -6.53748488e+01  3.14159265e+00 
 1.09018449e+01  1.09018449e+01  0.00000000e+00 -6.53748488e+01  3.14159265e+00 
 1.12201845e+01  1.12201845e+01  0.00000000e+00 -6.53748488e+01  3.14159265e+00 
 1.15478198e+01  1.15478198e+01  0.00000000e+00 -6.53748488e+01  3.14159265e+00 
 1.18850223e+01  1.18850223e+01  0.00000000e+00 -6.53748488e+01  3.14159265e+00 
 1.22320712e+01  1.22320712e+01  0.00000000e+00 -6.53748488e+01  3.14159265e+00 
 1.25892541e+01  1.25892541e+01  0.00000000e+00 -6.53748488e+01  3.14159265e+00 
 1.29568670e+01  1.29568670e+01  0.00000000e+00 -6.53748488e+01  3.14159265e+00 
 1.33352143e+01  1.33352143e+01  0.00000000e+00 -6.53748488e+01  3.14159265e+00 
 1.37246096e+01  1.37246096e+01  0.00000000e+00 -6.53748488e+01  3.14159265e+00 
 1.41253754e+01  1.41253754e+01  0.00000000e+00 -6.53748488e+01  3.14159265e+00 
 1.45378439e+01  1.45378439e+01  0.00000000e+00 -6.53748488e+01  3.14159265e+00 
 1.49623566e+01  1.49623566e+01  0.00000000e+00 -6.53748488e+01  3.14159265e+00 
 1.53992653e+01  1.53992653e+01  0.00000000e+00 -6.53748488e+01  3.14159265e+00 
 1.58489319e+01  1.58489319e+01  0.00000000e+00 -6.53748488e+01  3.14159265e+00 
 1.63117291e+01  1.63117291e+01  0.00000000e+00 -6.53748488e+01  3.14159265e+00 
 1.67880402e+01  1.67880402e+01  0.00000000e+00 -6.53748488e+01  3.14159265e+00 
 1.72782598e+01  1.72782598e+01  0.00000000e+00 -6.53748488e+01  3.14159265e+00 
 1.77827941e+01  1.77827941e+01  0.00000000e+00 -6.53748488e+01  3.14159265e+00 
 1.83020611e+01  1.83020611e+01  0.00000000e+00 -6.53748488e+01  3.14159265e+00 
 1.88364909e+01  1.88364909e+01  0.00000000e+00 -6.53748488e+01  3.14159265e+00 
 1.93865264e+01  1.93865264e+01  0.00000000e+00 -6.53748488e+01  3.14159265e+00 
 1.99526231e+01  1.99526231e+01  0.00000000e+00 -6.53748488e+01  3.14159265e+00 
 2.05352503e+01  2.05352503e+01  0.00000000e+00 -6.53748488e+01  3.14159265e+00 
 2.11348904e+01  2.11348904e+01  0.00000000e+00 -6.53748488e+01  3.14159265e+00 
 2.17520403e+01  2.17520403e+01  0.00000000e+00 -6.53748488e+01  3.14159265e+00 
 2.23872114e+01  2.23872114e+01  0.00000000e+00 -6.53748488e+01  3.14159265e+00 
 2.30409298e+01  2.30409298e+01  0.00000000e+00 -6.53748488e+01  3.14159265e+00 
 2.37137371e+01  2.37137371e+01  0.00000000e+00 -6.53748488e+01  3.14159265e+00 
 2.44061907e+01  2.44061907e+01  0.00000000e+00 -6.53748488e+01  3.14159265e+00 
 2.51188643e+01  2.51188643e+01  0.00000000e+00 -6.53748488e+01  3.14159265e+00 
 2.58523484e+01  2.58523484e+01  0.00000000e+00 -6.53748488e+01  3.14159265e+00 
 2.66072506e+01  2.66072506e+01  0.00000000e+00 -6.53748488e+01  3.14159265e+00 
 2.73841963e+01  2.73841963e+01  0.00000000e+00 -6.53748488e+01  3.14159265e+00 
 2.81838293e+01  2.81838293e+01  0.00000000e+00 -6.53748488e+01  3.14159265e+00 
 2.90068120e+01  2.90068120e+01  0.00000000e+00 -6.53748488e+01  3.14159265e+00 
 2.98538262e+01  2.98538262e+01  0.00000000e+00 -6.53748488e+01  3.14159265e+00 
 3.07255737e+01  3.07255737e+01  0.00000000e+00 -6.53748488e+01  3.14159265e+00 
 3.16227766e+01  3.16227766e+01  0.00000000e+00 -6.53748488e+01  3.14159265e+00 
 3.25461783e+01  3.25461783e+01  0.00000000e+00 -6.53748488e+01  3.14159265e+00 
 3.34965439e+01  3.34965439e+01  0.00000000e+00 -6.53748488e+01  3.14159265e+00 
 3.44746607e+01  3.44746607e+01  0.00000000e+00 -6.53748488e+01  3.14159265e+00 
 3.54813389e+01  3.54813389e+01  0.00000000e+00 -6.53748488e+01  3.14159265e+00 
 3.65174127e+01  3.65174127e+01  0.00000000e+00 -6.53748488e+01  3.14159265e+00 
 3.75837404e+01  3.75837404e+01  0.00000000e+00 -6.53748488e+01  3.14159265e+00 
 3.86812055e+01  3.86812055e+01  0.00000000e+00 -6.53748488e+01  3.14159265e+00 
 3.98107171e+01  3.98107171e+01  0.00000000e+00 -6.53748488e+01  3.14159265e+00 
 4.09732110e+01  4.09732110e+01  0.00000000e+00 -6.53748488e+01  3.14159265e+00 
 4.21696503e+01  4.21696503e+01  0.00000000e+00 -6.53748488e+01  3.14159265e+00 
 4.34010264e+01  4.34010264e+01  0.00000000e+00 -6.53748488e+01  3.14159265e+00 
 4.46683592e+01  4.46683592e+01  0.00000000e+00 -6.53748488e+01  3.14159265e+00 
 4.59726989e+01  4.59726989e+01  0.00000000e+00 -6.53748488e+01  3.14159265e+00 
 4.73151259e+01  4.73151259e+01  0.00000000e+00 -6.53748488e+01  3.14159265e+00 
 4.86967525e+01  4.86967525e+01  0.00000000e+00 -6.53748488e+01  3.14159265e+00 
 5.01187234e+01  5.01187234e+01  0.00000000e+00 -6.53748488e+01  3.14159265e+00 
 5.15822165e+01  5.15822165e+01  0.00000000e+00 -6.53748488e+01  3.14159265e+00 
 5.30884444e+01  5.30884444e+01  0.00000000e+00 -6.53748488e+01  3.14159265e+00 
 5.46386550e+01  5.46386550e+01  0.00000000e+00 -6.53748488e+01  3.14159265e+00 
 5.62341325e+01  5.62341325e+01  0.00000000e+00 -6.53748488e+01  3.14159265e+00 
 5.78761988e+01  5.78761988e+01  0.00000000e+00 -6.53748488e+01  3.14159265e+00 
 5.95662144e+01  5.95662144e+01  0.00000000e+00 -6.53748488e+01  3.14159265e+00 
 6.13055792e+01  6.13055792e+01  0.00000000e+00 -6.53748488e+01  3.14159265e+00 
 6.30957344e+01  6.30957344e+01  0.00000000e+00 -6.53748488e+01  3.14159265e+00 
 6.49381632e+01  6.49381632e+01  0.00000000e+00 -6.53748488e+01  3.14159265e+00 
 6.68343918e+01  6.68343918e+01  0.00000000e+00 -6.53748488e+01  3.14159265e+00 
 6.87859912e+01  6.87859912e+01  0.00000000e+00 -6.53748488e+01  3.14159265e+00 
 7.07945784e+01  7.07945784e+01  0.00000000e+00 -6.53748488e+01  3.14159265e+00 
 7.28618175e+01  7.28618175e+01  0.00000000e+00 -6.53748488e+01  3.14159265e+00 
 7.49894209e+01  7.49894209e+01  0.00000000e+00 -6.53748488e+01  3.14159265e+00 
 7.71791516e+01  7.71791516e+01  0.00000000e+00 -6.53748488e+01  3.14159265e+00 
 7.94328235e+01  7.94328235e+01  0.00000000e+00 -6.53748488e+01  3.14159265e+00 
 8.17523038e+01  8.17523038e+01  0.00000000e+00 -6.53748488e+01  3.14159265e+00 
 8.41395142e+01  8.41395142e+01  0.00000000e+00 -6.53748488e+01  3.14159265e+00 
 8.65964323e+01  8.65964323e+01  0.00000000e+00 -6.53748488e+01  3.14159265e+00 
 8.91250938e+01  8.91250938e+01  0.00000000e+00 -6.53748488e+01  3.14159265e+00 
 9.17275935e+01  9.17275935e+01  0.00000000e+00 -6.53748488e+01  3.14159265e+00 
 9.44060876e+01  9.44060876e+01  0.00000000e+00 -6.53748488e+01  3.14159265e+00 
 9.71627952e+01  9.71627952e+01  0.00000000e+00 -6.53748488e+01  3.14159265e+00 
 1.00000000e+02  1.00000000e+02  0.00000000e+00 -6.53748488e+01  3.14159265e+00 
 1.02920053e+02  1.02920053e+02  0.00000000e+00 -6.53748488e+01  3.14159265e+00 
 1.05925373e+02  1.05925373e+02  0.00000000e+00 -6.53748488e+01  3.14159265e+00 
 1.09018449e+02  1.09018449e+02  0.00000000e+00 -6.53748488e+01  3.14159265e+00 
 1.12201845e+02  1.12201845e+02  0.00000000e+00 -6.53748488e+01  3.14159265e+00 
 1.15478198e+02  1.15478198e+02  0.00000000e+00 -6.53748488e+01  3.14159265e+00 
 1.18850223e+02  1.18850223e+02  0.00000000e+00 -6.53748488e+01  3.14159265e+00 
 1.22320712e+02  1.22320712e+02  0.00000000e+00 -6.53748488e+01  3.14159265e+00 
 1.25892541e+02  1.25892541e+02  0.00000000e+00 -6.53748488e+01  3.14159265e+00 
 1.29568670e+02  1.29568670e+02  0.00000000e+00 -6.53748488e+01  3.14159265e+00 
 1.33352143e+02  1.33352143e+02  0.00000000e+00 -6.53748488e+01  3.14159265e+00 
 1.37246096e+02  1.37246096e+02  0.00000000e+00 -6.53748488e+01  3.14159265e+00 
 1.41253754e+02  1.41253754e+02  0.00000000e+00 -6.53748488e+01  3.14159265e+00 
 1.45378439e+02  1.45378439e+02  0.00000000e+00 -6.53748488e+01  3.14159265e+00 
 1.49623566e+02  1.49623566e+02  0.00000000e+00 -6.53748488e+01  3.14159265e+00 
 1.53992653e+02  1.53992653e+02  0.00000000e+00 -6.53748488e+01  3.14159265e+00 
 1.58489319e+02  1.58489319e+02  0.00000000e+00 -6.53748488e+01  3.14159265e+00 
 1.63117291e+02  1.63117291e+02  0.00000000e+00 -6.53748488e+01  3.14159265e+00 
 1.67880402e+02  1.67880402e+02  0.00000000e+00 -6.53748488e+01  3.14159265e+00 
 1.72782598e+02  1.72782598e+02  0.00000000e+00 -6.53748488e+01  3.14159265e+00 
 1.77827941e+02  1.77827941e+02  0.00000000e+00 -6.53748488e+01  3.14159265e+00 
 1.83020611e+02  1.83020611e+02  0.00000000e+00 -6.53748488e+01  3.14159265e+00 
 1.88364909e+02  1.88364909e+02  0.00000000e+00 -6.53748488e+01  3.14159265e+00 
 1.93865264e+02  1.93865264e+02  0.00000000e+00 -6.53748488e+01  3.14159265e+00 
 1.99526231e+02  1.99526231e+02  0.00000000e+00 -6.53748488e+01  3.14159265e+00 
 2.05352503e+02  2.05352503e+02  0.00000000e+00 -6.53748488e+01  3.14159265e+00 
 2.11348904e+02  2.11348904e+02  0.00000000e+00 -6.53748488e+01  3.14159265e+00 
 2.17520403e+02  2.17520403e+02  0.00000000e+00 -6.53748488e+01  3.14159265e+00 
 2.23872114e+02  2.23872114e+02  0.00000000e+00 -6.53748488e+01  3.14159265e+00 
 2.30409298e+02  2.30409298e+02  0.00000000e+00 -6.53748488e+01  3.14159265e+00 
 2.37137371e+02  2.37137371e+02  0.00000000e+00 -6.53748488e+01  3.14159265e+00 
 2.44061907e+02  2.44061907e+02  0.00000000e+00 -6.53748488e+01  3.14159265e+00 
 2.51188643e+02  2.51188643e+02  0.00000000e+00 -6.53748488e+01  3.14159265e+00 
 2.58523484e+02  2.58523484e+02  0.00000000e+00 -6.53748488e+01  3.14159265e+00 
 2.66072506e+02  2.66072506e+02  0.00000000e+00 -6.53748488e+01  3.14159265e+00 
 2.73841963e+02  2.73841963e+02  0.00000000e+00 -6.53748488e+01  3.14159265e+00 
 2.81838293e+02  2.81838293e+02  0.00000000e+00 -6.53748488e+01  3.14159265e+00 
 2.90068120e+02  2.90068120e+02  0.00000000e+00 -6.53748488e+01  3.14159265e+00 
 2.98538262e+02  2.98538262e+02  0.00000000e+00 -6.53748488e+01  3.14159265e+00 
 3.07255737e+02  3.07255737e+02  0.00000000e+00 -6.53748488e+01  3.14159265e+00 
 3.16227766e+02  3.16227766e+02  0.00000000e+00 -6.53748488e+01  3.14159265e+00 
 3.25461783e+02  3.25461783e+02  0.00000000e+00 -6.53748488e+01  3.14159265e+00 
 3.34965439e+02  3.34965439e+02  0.00000000e+00 -6.53748488e+01  3.14159265e+00 
 3.44746607e+02  3.44746607e+02  0.00000000e+00 -6.53748488e+01  3.14159265e+00 
 3.54813389e+02  3.54813389e+02  0.00000000e+00 -6.53748488e+01  3.14159265e+00 
 3.65174127e+02  3.65174127e+02  0.00000000e+00 -6.53748488e+01  3.14159264e+00 
 3.75837404e+02  3.75837404e+02  0.00000000e+00 -6.53748488e+01  3.14159264e+00 
 3.86812055e+02  3.86812055e+02  0.00000000e+00 -6.53748488e+01  3.14159264e+00 
 3.98107171e+02  3.98107171e+02  0.00000000e+00 -6.53748488e+01  3.14159264e+00 
 4.09732110e+02  4.09732110e+02  0.00000000e+00 -6.53748488e+01  3.14159264e+00 
 4.21696503e+02  4.21696503e+02  0.00000000e+00 -6.53748488e+01  3.14159264e+00 
 4.34010264e+02  4.34010264e+02  0.00000000e+00 -6.53748488e+01  3.14159264e+00 
 4.46683592e+02  4.46683592e+02  0.00000000e+00 -6.53748488e+01  3.14159264e+00 
 4.59726989e+02  4.59726989e+02  0.00000000e+00 -6.53748488e+01  3.14159264e+00 
 4.73151259e+02  4.73151259e+02  0.00000000e+00 -6.53748488e+01  3.14159264e+00 
 4.86967525e+02  4.86967525e+02  0.00000000e+00 -6.53748488e+01  3.14159264e+00 
 5.01187234e+02  5.01187234e+02  0.00000000e+00 -6.53748488e+01  3.14159264e+00 
 5.15822165e+02  5.15822165e+02  0.00000000e+00 -6.53748488e+01  3.14159264e+00 
 5.30884444e+02  5.30884444e+02  0.00000000e+00 -6.53748488e+01  3.14159264e+00 
 5.46386550e+02  5.46386550e+02  0.00000000e+00 -6.53748488e+01  3.14159264e+00 
 5.62341325e+02  5.62341325e+02  0.00000000e+00 -6.53748488e+01  3.14159264e+00 
 5.78761988e+02  5.78761988e+02  0.00000000e+00 -6.53748488e+01  3.14159264e+00 
 5.95662144e+02  5.95662144e+02  0.00000000e+00 -6.53748488e+01  3.14159264e+00 
 6.13055792e+02  6.13055792e+02  0.00000000e+00 -6.53748488e+01  3.14159264e+00 
 6.30957344e+02  6.30957344e+02  0.00000000e+00 -6.53748488e+01  3.14159264e+00 
 6.49381632e+02  6.49381632e+02  0.00000000e+00 -6.53748488e+01  3.14159264e+00 
 6.68343918e+02  6.68343918e+02  0.00000000e+00 -6.53748488e+01  3.14159264e+00 
 6.87859912e+02  6.87859912e+02  0.00000000e+00 -6.53748488e+01  3.14159264e+00 
 7.07945784e+02  7.07945784e+02  0.00000000e+00 -6.53748488e+01  3.14159264e+00 
 7.28618175e+02  7.28618175e+02  0.00000000e+00 -6.53748488e+01  3.14159264e+00 
 7.49894209e+02  7.49894209e+02  0.00000000e+00 -6.53748488e+01  3.14159264e+00 
 7.71791516e+02  7.71791516e+02  0.00000000e+00 -6.53748488e+01  3.14159264e+00 
 7.94328235e+02  7.94328235e+02  0.00000000e+00 -6.53748488e+01  3.14159263e+00 
 8.17523038e+02  8.17523038e+02  0.00000000e+00 -6.53748488e+01  3.14159263e+00 
 8.41395142e+02  8.41395142e+02  0.00000000e+00 -6.53748488e+01  3.14159263e+00 
 8.65964323e+02  8.65964323e+02  0.00000000e+00 -6.53748488e+01  3.14159263e+00 
 8.91250938e+02  8.91250938e+02  0.00000000e+00 -6.53748488e+01  3.14159263e+00 
 9.17275935e+02  9.17275935e+02  0.00000000e+00 -6.53748488e+01  3.14159263e+00 
 9.44060876e+02  9.44060876e+02  0.00000000e+00 -6.53748488e+01  3.14159263e+00 
 9.71627952e+02  9.71627952e+02  0.00000000e+00 -6.53748488e+01  3.14159263e+00 
 1.00000000e+03  1.00000000e+03  0.00000000e+00 -6.53748488e+01  3.14159263e+00 
 1.02920053e+03  1.02920053e+03  0.00000000e+00 -6.53748488e+01  3.14159263e+00 
 1.05925373e+03  1.05925373e+03  0.00000000e+00 -6.53748488e+01  3.14159263e+00 
 1.09018449e+03  1.09018449e+03  0.00000000e+00 -6.53748488e+01  3.14159263e+00 
 1.12201845e+03  1.12201845e+03  0.00000000e+00 -6.53748488e+01  3.14159263e+00 
 1.15478198e+03  1.15478198e+03  0.00000000e+00 -6.53748488e+01  3.14159263e+00 
 1.18850223e+03  1.18850223e+03  0.00000000e+00 -6.53748488e+01  3.14159263e+00 
 1.22320712e+03  1.22320712e+03  0.00000000e+00 -6.53748488e+01  3.14159262e+00 
 1.25892541e+03  1.25892541e+03  0.00000000e+00 -6.53748488e+01  3.14159262e+00 
 1.29568670e+03  1.29568670e+03  0.00000000e+00 -6.53748488e+01  3.14159262e+00 
 1.33352143e+03  1.33352143e+03  0.00000000e+00 -6.53748488e+01  3.14159262e+00 
 1.37246096e+03  1.37246096e+03  0.00000000e+00 -6.53748488e+01  3.14159262e+00 
 1.41253754e+03  1.41253754e+03  0.00000000e+00 -6.53748488e+01  3.14159262e+00 
 1.45378439e+03  1.45378439e+03  0.00000000e+00 -6.53748488e+01  3.14159262e+00 
 1.49623566e+03  1.49623566e+03  0.00000000e+00 -6.53748488e+01  3.14159262e+00 
 1.53992653e+03  1.53992653e+03  0.00000000e+00 -6.53748488e+01  3.14159262e+00 
 1.58489319e+03  1.58489319e+03  0.00000000e+00 -6.53748488e+01  3.14159262e+00 
 1.63117291e+03  1.63117291e+03  0.00000000e+00 -6.53748488e+01  3.14159261e+00 
 1.67880402e+03  1.67880402e+03  0.00000000e+00 -6.53748488e+01  3.14159261e+00 
 1.72782598e+03  1.72782598e+03  0.00000000e+00 -6.53748488e+01  3.14159261e+00 
 1.77827941e+03  1.77827941e+03  0.00000000e+00 -6.53748488e+01  3.14159261e+00 
 1.83020611e+03  1.83020611e+03  0.00000000e+00 -6.53748488e+01  3.14159261e+00 
 1.88364909e+03  1.88364909e+03  0.00000000e+00 -6.53748488e+01  3.14159261e+00 
 1.93865264e+03  1.93865264e+03  0.00000000e+00 -6.53748488e+01  3.14159261e+00 
 1.99526231e+03  1.99526231e+03  0.00000000e+00 -6.53748488e+01  3.14159261e+00 
 2.05352503e+03  2.05352503e+03  0.00000000e+00 -6.53748488e+01  3.14159260e+00 
 2.11348904e+03  2.11348904e+03  0.00000000e+00 -6.53748488e+01  3.14159260e+00 
 2.17520403e+03  2.17520403e+03  0.00000000e+00 -6.53748488e+01  3.14159260e+00 
 2.23872114e+03  2.23872114e+03  0.00000000e+00 -6.53748488e+01  3.14159260e+00 
 2.30409298e+03  2.30409298e+03  0.00000000e+00 -6.53748488e+01  3.14159260e+00 
 2.37137371e+03  2.37137371e+03  0.00000000e+00 -6.53748488e+01  3.14159260e+00 
 2.44061907e+03  2.44061907e+03  0.00000000e+00 -6.53748488e+01  3.14159260e+00 
 2.51188643e+03  2.51188643e+03  0.00000000e+00 -6.53748488e+01  3.14159259e+00 
 2.58523484e+03  2.58523484e+03  0.00000000e+00 -6.53748488e+01  3.14159259e+00 
 2.66072506e+03  2.66072506e+03  0.00000000e+00 -6.53748488e+01  3.14159259e+00 
 2.73841963e+03  2.73841963e+03  0.00000000e+00 -6.53748488e+01  3.14159259e+00 
 2.81838293e+03  2.81838293e+03  0.00000000e+00 -6.53748488e+01  3.14159259e+00 
 2.90068120e+03  2.90068120e+03  0.00000000e+00 -6.53748488e+01  3.14159258e+00 
 2.98538262e+03  2.98538262e+03  0.00000000e+00 -6.53748488e+01  3.14159258e+00 
 3.07255737e+03  3.07255737e+03  0.00000000e+00 -6.53748488e+01  3.14159258e+00 
 3.16227766e+03  3.16227766e+03  0.00000000e+00 -6.53748488e+01  3.14159258e+00 
 3.25461783e+03  3.25461783e+03  0.00000000e+00 -6.53748488e+01  3.14159258e+00 
 3.34965439e+03  3.34965439e+03  0.00000000e+00 -6.53748488e+01  3.14159257e+00 
 3.44746607e+03  3.44746607e+03  0.00000000e+00 -6.53748488e+01  3.14159257e+00 
 3.54813389e+03  3.54813389e+03  0.00000000e+00 -6.53748488e+01  3.14159257e+00 
 3.65174127e+03  3.65174127e+03  0.00000000e+00 -6.53748488e+01  3.14159257e+00 
 3.75837404e+03  3.75837404e+03  0.00000000e+00 -6.53748488e+01  3.14159256e+00 
 3.86812055e+03  3.86812055e+03  0.00000000e+00 -6.53748488e+01  3.14159256e+00 
 3.98107171e+03  3.98107171e+03  0.00000000e+00 -6.53748488e+01  3.14159256e+00 
 4.09732110e+03  4.09732110e+03  0.00000000e+00 -6.53748488e+01  3.14159256e+00 
 4.21696503e+03  4.21696503e+03  0.00000000e+00 -6.53748488e+01  3.14159255e+00 
 4.34010264e+03  4.34010264e+03  0.00000000e+00 -6.53748488e+01  3.14159255e+00 
 4.46683592e+03  4.46683592e+03  0.00000000e+00 -6.53748488e+01  3.14159255e+00 
 4.59726989e+03  4.59726989e+03  0.00000000e+00 -6.53748488e+01  3.14159254e+00 
 4.73151259e+03  4.73151259e+03  0.00000000e+00 -6.53748488e+01  3.14159254e+00 
 4.86967525e+03  4.86967525e+03  0.00000000e+00 -6.53748488e+01  3.14159254e+00 
 5.01187234e+03  5.01187234e+03  0.00000000e+00 -6.53748488e+01  3.14159253e+00 
 5.15822165e+03  5.15822165e+03  0.00000000e+00 -6.53748488e+01  3.14159253e+00 
 5.30884444e+03  5.30884444e+03  0.00000000e+00 -6.53748488e+01  3.14159253e+00 
 5.46386550e+03  5.46386550e+03  0.00000000e+00 -6.53748488e+01  3.14159252e+00 
 5.62341325e+03  5.62341325e+03  0.00000000e+00 -6.53748488e+01  3.14159252e+00 
 5.78761988e+03  5.78761988e+03  0.00000000e+00 -6.53748488e+01  3.14159251e+00 
 5.95662144e+03  5.95662144e+03  0.00000000e+00 -6.53748488e+01  3.14159251e+00 
 6.13055792e+03  6.13055792e+03  0.00000000e+00 -6.53748488e+01  3.14159251e+00 
 6.30957344e+03  6.30957344e+03  0.00000000e+00 -6.53748488e+01  3.14159250e+00 
 6.49381632e+03  6.49381632e+03  0.00000000e+00 -6.53748488e+01  3.14159250e+00 
 6.68343918e+03  6.68343918e+03  0.00000000e+00 -6.53748488e+01  3.14159249e+00 
 6.87859912e+03  6.87859912e+03  0.00000000e+00 -6.53748488e+01  3.14159249e+00 
 7.07945784e+03  7.07945784e+03  0.00000000e+00 -6.53748488e+01  3.14159248e+00 
 7.28618175e+03  7.28618175e+03  0.00000000e+00 -6.53748488e+01  3.14159248e+00 
 7.49894209e+03  7.49894209e+03  0.00000000e+00 -6.53748488e+01  3.14159247e+00 
 7.71791516e+03  7.71791516e+03  0.00000000e+00 -6.53748488e+01  3.14159247e+00 
 7.94328235e+03  7.94328235e+03  0.00000000e+00 -6.53748488e+01  3.14159246e+00 
 8.17523038e+03  8.17523038e+03  0.00000000e+00 -6.53748488e+01  3.14159246e+00 
 8.41395142e+03  8.41395142e+03  0.00000000e+00 -6.53748488e+01  3.14159245e+00 
 8.65964323e+03  8.65964323e+03  0.00000000e+00 -6.53748488e+01  3.14159245e+00 
 8.91250938e+03  8.91250938e+03  0.00000000e+00 -6.53748488e+01  3.14159244e+00 
 9.17275935e+03  9.17275935e+03  0.00000000e+00 -6.53748488e+01  3.14159243e+00 
 9.44060876e+03  9.44060876e+03  0.00000000e+00 -6.53748488e+01  3.14159243e+00 
 9.71627952e+03  9.71627952e+03  0.00000000e+00 -6.53748488e+01  3.14159242e+00 
 1.00000000e+04  1.00000000e+04  0.00000000e+00 -6.53748488e+01  3.14159241e+00 
 1.02920053e+04  1.02920053e+04  0.00000000e+00 -6.53748488e+01  3.14159241e+00 
 1.05925373e+04  1.05925373e+04  0.00000000e+00 -6.53748488e+01  3.14159240e+00 
 1.09018449e+04  1.09018449e+04  0.00000000e+00 -6.53748488e+01  3.14159239e+00 
 1.12201845e+04  1.12201845e+04  0.00000000e+00 -6.53748488e+01  3.14159238e+00 
 1.15478198e+04  1.15478198e+04  0.00000000e+00 -6.53748488e+01  3.14159238e+00 
 1.18850223e+04  1.18850223e+04  0.00000000e+00 -6.53748488e+01  3.14159237e+00 
 1.22320712e+04  1.22320712e+04  0.00000000e+00 -6.53748488e+01  3.14159236e+00 
 1.25892541e+04  1.25892541e+04  0.00000000e+00 -6.53748488e+01  3.14159235e+00 
 1.29568670e+04  1.29568670e+04  0.00000000e+00 -6.53748488e+01  3.14159234e+00 
 1.33352143e+04  1.33352143e+04  0.00000000e+00 -6.53748488e+01  3.14159233e+00 
 1.37246096e+04  1.37246096e+04  0.00000000e+00 -6.53748488e+01  3.14159232e+00 
 1.41253754e+04  1.41253754e+04  0.00000000e+00 -6.53748488e+01  3.14159231e+00 
 1.45378439e+04  1.45378439e+04  0.00000000e+00 -6.53748488e+01  3.14159230e+00 
 1.49623566e+04  1.49623566e+04  0.00000000e+00 -6.53748488e+01  3.14159229e+00 
 1.53992653e+04  1.53992653e+04  0.00000000e+00 -6.53748488e+01  3.14159228e+00 
 1.58489319e+04  1.58489319e+04  0.00000000e+00 -6.53748488e+01  3.14159227e+00 
 1.63117291e+04  1.63117291e+04  0.00000000e+00 -6.53748488e+01  3.14159226e+00 
 1.67880402e+04  1.67880402e+04  0.00000000e+00 -6.53748488e+01  3.14159225e+00 
 1.72782598e+04  1.72782598e+04  0.00000000e+00 -6.53748488e+01  3.14159224e+00 
 1.77827941e+04  1.77827941e+04  0.00000000e+00 -6.53748488e+01  3.14159223e+00 
 1.83020611e+04  1.83020611e+04  0.00000000e+00 -6.53748488e+01  3.14159221e+00 
 1.88364909e+04  1.88364909e+04  0.00000000e+00 -6.53748488e+01  3.14159220e+00 
 1.93865264e+04  1.93865264e+04  0.00000000e+00 -6.53748488e+01  3.14159219e+00 
 1.99526231e+04  1.99526231e+04  0.00000000e+00 -6.53748488e+01  3.14159217e+00 
 2.05352503e+04  2.05352503e+04  0.00000000e+00 -6.53748488e+01  3.14159216e+00 
 2.11348904e+04  2.11348904e+04  0.00000000e+00 -6.53748488e+01  3.14159215e+00 
 2.17520403e+04  2.17520403e+04  0.00000000e+00 -6.53748488e+01  3.14159213e+00 
 2.23872114e+04  2.23872114e+04  0.00000000e+00 -6.53748488e+01  3.14159212e+00 
 2.30409298e+04  2.30409298e+04  0.00000000e+00 -6.53748488e+01  3.14159210e+00 
 2.37137371e+04  2.37137371e+04  0.00000000e+00 -6.53748488e+01  3.14159208e+00 
 2.44061907e+04  2.44061907e+04  0.00000000e+00 -6.53748488e+01  3.14159207e+00 
 2.51188643e+04  2.51188643e+04  0.00000000e+00 -6.53748488e+01  3.14159205e+00 
 2.58523484e+04  2.58523484e+04  0.00000000e+00 -6.53748488e+01  3.14159203e+00 
 2.66072506e+04  2.66072506e+04  0.00000000e+00 -6.53748488e+01  3.14159202e+00 
 2.73841963e+04  2.73841963e+04  0.00000000e+00 -6.53748488e+01  3.14159200e+00 
 2.81838293e+04  2.81838293e+04  0.00000000e+00 -6.53748488e+01  3.14159198e+00 
 2.90068120e+04  2.90068120e+04  0.00000000e+00 -6.53748488e+01  3.14159196e+00 
 2.98538262e+04  2.98538262e+04  0.00000000e+00 -6.53748488e+01  3.14159194e+00 
 3.07255737e+04  3.07255737e+04  0.00000000e+00 -6.53748488e+01  3.14159192e+00 
 3.16227766e+04  3.16227766e+04  0.00000000e+00 -6.53748488e+01  3.14159189e+00 
 3.25461783e+04  3.25461783e+04  0.00000000e+00 -6.53748488e+01  3.14159187e+00 
 3.34965439e+04  3.34965439e+04  0.00000000e+00 -6.53748488e+01  3.14159185e+00 
 3.44746607e+04  3.44746607e+04  0.00000000e+00 -6.53748488e+01  3.14159183e+00 
 3.54813389e+04  3.54813389e+04  0.00000000e+00 -6.53748488e+01  3.14159180e+00 
 3.65174127e+04  3.65174127e+04  0.00000000e+00 -6.53748488e+01  3.14159178e+00 
 3.75837404e+04  3.75837404e+04  0.00000000e+00 -6.53748488e+01  3.14159175e+00 
 3.86812055e+04  3.86812055e+04  0.00000000e+00 -6.53748488e+01  3.14159173e+00 
 3.98107171e+04  3.98107171e+04  0.00000000e+00 -6.53748488e+01  3.14159170e+00 
 4.09732110e+04  4.09732110e+04  0.00000000e+00 -6.53748488e+01  3.14159167e+00 
 4.21696503e+04  4.21696503e+04  0.00000000e+00 -6.53748488e+01  3.14159164e+00 
 4.34010264e+04  4.34010264e+04  0.00000000e+00 -6.53748488e+01  3.14159161e+00 
 4.46683592e+04  4.46683592e+04  0.00000000e+00 -6.53748488e+01  3.14159158e+00 
 4.59726989e+04  4.59726989e+04  0.00000000e+00 -6.53748488e+01  3.14159155e+00 
 4.73151259e+04  4.73151259e+04  0.00000000e+00 -6.53748488e+01  3.14159152e+00 
 4.86967525e+04  4.86967525e+04  0.00000000e+00 -6.53748488e+01  3.14159148e+00 
 5.01187234e+04  5.01187234e+04  0.00000000e+00 -6.53748488e+01  3.14159145e+00 
 5.15822165e+04  5.15822165e+04  0.00000000e+00 -6.53748488e+01  3.14159142e+00 
 5.30884444e+04  5.30884444e+04  0.00000000e+00 -6.53748488e+01  3.14159138e+00 
 5.46386550e+04  5.46386550e+04  0.00000000e+00 -6.53748488e+01  3.14159134e+00 
 5.62341325e+04  5.62341325e+04  0.00000000e+00 -6.53748488e+01  3.14159130e+00 
 5.78761988e+04  5.78761988e+04  0.00000000e+00 -6.53748488e+01  3.14159126e+00 
 5.95662144e+04  5.95662144e+04  0.00000000e+00 -6.53748488e+01  3.14159122e+00 
 6.13055792e+04  6.13055792e+04  0.00000000e+00 -6.53748488e+01  3.14159118e+00 
 6.30957344e+04  6.30957344e+04  0.00000000e+00 -6.53748488e+01  3.14159114e+00 
 6.49381632e+04  6.49381632e+04  0.00000000e+00 -6.53748488e+01  3.14159110e+00 
 6.68343918e+04  6.68343918e+04  0.00000000e+00 -6.53748488e+01  3.14159105e+00 
 6.87859912e+04  6.87859912e+04  0.00000000e+00 -6.53748488e+01  3.14159100e+00 
 7.07945784e+04  7.07945784e+04  0.00000000e+00 -6.53748488e+01  3.14159095e+00 
 7.28618175e+04  7.28618175e+04  0.00000000e+00 -6.53748488e+01  3.14159091e+00 
 7.49894209e+04  7.49894209e+04  0.00000000e+00 -6.53748488e+01  3.14159085e+00 
 7.71791516e+04  7.71791516e+04  0.00000000e+00 -6.53748488e+01  3.14159080e+00 
 7.94328235e+04  7.94328235e+04  0.00000000e+00 -6.53748488e+01  3.14159075e+00 
 8.17523038e+04  8.17523038e+04  0.00000000e+00 -6.53748488e+01  3.14159069e+00 
 8.41395142e+04  8.41395142e+04  0.00000000e+00 -6.53748488e+01  3.14159063e+00 
 8.65964323e+04  8.65964323e+04  0.00000000e+00 -6.53748488e+01  3.14159058e+00 
 8.91250938e+04  8.91250938e+04  0.00000000e+00 -6.53748488e+01  3.14159051e+00 
 9.17275935e+04  9.17275935e+04  0.00000000e+00 -6.53748488e+01  3.14159045e+00 
 9.44060876e+04  9.44060876e+04  0.00000000e+00 -6.53748488e+01  3.14159039e+00 
 9.71627952e+04  9.71627952e+04  0.00000000e+00 -6.53748488e+01  3.14159032e+00 
 1.00000000e+05  1.00000000e+05  0.00000000e+00 -6.53748488e+01  3.14159025e+00 
 1.02920053e+05  1.02920053e+05  0.00000000e+00 -6.53748488e+01  3.14159018e+00 
 1.05925373e+05  1.05925373e+05  0.00000000e+00 -6.53748488e+01  3.14159011e+00 
 1.09018449e+05  1.09018449e+05  0.00000000e+00 -6.53748488e+01  3.14159004e+00 
 1.12201845e+05  1.12201845e+05  0.00000000e+00 -6.53748488e+01  3.14158996e+00 
 1.15478198e+05  1.15478198e+05  0.00000000e+00 -6.53748488e+01  3.14158988e+00 
 1.18850223e+05  1.18850223e+05  0.00000000e+00 -6.53748488e+01  3.14158980e+00 
 1.22320712e+05  1.22320712e+05  0.00000000e+00 -6.53748488e+01  3.14158972e+00 
 1.25892541e+05  1.25892541e+05  0.00000000e+00 -6.53748488e+01  3.14158963e+00 
 1.29568670e+05  1.29568670e+05  0.00000000e+00 -6.53748488e+01  3.14158954e+00 
 1.33352143e+05  1.33352143e+05  0.00000000e+00 -6.53748488e+01  3.14158945e+00 
 1.37246096e+05  1.37246096e+05  0.00000000e+00 -6.53748488e+01  3.14158936e+00 
 1.41253754e+05  1.41253754e+05  0.00000000e+00 -6.53748488e+01  3.14158926e+00 
 1.45378439e+05  1.45378439e+05  0.00000000e+00 -6.53748488e+01  3.14158916e+00 
 1.49623566e+05  1.49623566e+05  0.00000000e+00 -6.53748488e+01  3.14158906e+00 
 1.53992653e+05  1.53992653e+05  0.00000000e+00 -6.53748488e+01  3.14158896e+00 
 1.58489319e+05  1.58489319e+05  0.00000000e+00 -6.53748488e+01  3.14158885e+00 
 1.63117291e+05  1.63117291e+05  0.00000000e+00 -6.53748488e+01  3.14158874e+00 
 1.67880402e+05  1.67880402e+05  0.00000000e+00 -6.53748488e+01  3.14158862e+00 
 1.72782598e+05  1.72782598e+05  0.00000000e+00 -6.53748488e+01  3.14158851e+00 
 1.77827941e+05  1.77827941e+05  0.00000000e+00 -6.53748488e+01  3.14158839e+00 
 1.83020611e+05  1.83020611e+05  0.00000000e+00 -6.53748488e+01  3.14158826e+00 
 1.88364909e+05  1.88364909e+05  0.00000000e+00 -6.53748488e+01  3.14158813e+00 
 1.93865264e+05  1.93865264e+05  0.00000000e+00 -6.53748488e+01  3.14158800e+00 
 1.99526231e+05  1.99526231e+05  0.00000000e+00 -6.53748488e+01  3.14158787e+00 
 2.05352503e+05  2.05352503e+05  0.00000000e+00 -6.53748488e+01  3.14158773e+00 
 2.11348904e+05  2.11348904e+05  0.00000000e+00 -6.53748488e+01  3.14158758e+00 
 2.17520403e+05  2.17520403e+05  0.00000000e+00 -6.53748488e+01  3.14158743e+00 
 2.23872114e+05  2.23872114e+05  0.00000000e+00 -6.53748488e+01  3.14158728e+00 
 2.30409298e+05  2.30409298e+05  0.00000000e+00 -6.53748488e+01  3.14158712e+00 
 2.37137371e+05  2.37137371e+05  0.00000000e+00 -6.53748488e+01  3.14158696e+00 
 2.44061907e+05  2.44061907e+05  0.00000000e+00 -6.53748488e+01  3.14158680e+00 
 2.51188643e+05  2.51188643e+05  0.00000000e+00 -6.53748488e+01  3.14158663e+00 
 2.58523484e+05  2.58523484e+05  0.00000000e+00 -6.53748488e+01  3.14158645e+00 
 2.66072506e+05  2.66072506e+05  0.00000000e+00 -6.53748488e+01  3.14158627e+00 
 2.73841963e+05  2.73841963e+05  0.00000000e+00 -6.53748488e+01  3.14158608e+00 
 2.81838293e+05  2.81838293e+05  0.00000000e+00 -6.53748488e+01  3.14158589e+00 
 2.90068120e+05  2.90068120e+05  0.00000000e+00 -6.53748488e+01  3.14158569e+00 
 2.98538262e+05  2.98538262e+05  0.00000000e+00 -6.53748488e+01  3.14158549e+00 
 3.07255737e+05  3.07255737e+05  0.00000000e+00 -6.53748488e+01  3.14158528e+00 
 3.16227766e+05  3.16227766e+05  0.00000000e+00 -6.53748488e+01  3.14158506e+00 
 3.25461783e+05  3.25461783e+05  0.00000000e+00 -6.53748488e+01  3.14158484e+00 
 3.34965439e+05  3.34965439e+05  0.00000000e+00 -6.53748488e+01  3.14158461e+00 
 3.44746607e+05  3.44746607e+05  0.00000000e+00 -6.53748488e+01  3.14158438e+00 
 3.54813389e+05  3.54813389e+05  0.00000000e+00 -6.53748488e+01  3.14158414e+00 
 3.65174127e+05  3.65174127e+05  0.00000000e+00 -6.53748488e+01  3.14158389e+00 
 3.75837404e+05  3.75837404e+05  0.00000000e+00 -6.53748488e+01  3.14158363e+00 
 3.86812055e+05  3.86812055e+05  0.00000000e+00 -6.53748488e+01  3.14158337e+00 
 3.98107171e+05  3.98107171e+05  0.00000000e+00 -6.53748488e+01  3.14158310e+00 
 4.09732110e+05  4.09732110e+05  0.00000000e+00 -6.53748488e+01  3.14158282e+00 
 4.21696503e+05  4.21696503e+05  0.00000000e+00 -6.53748488e+01  3.14158253e+00 
 4.34010264e+05  4.34010264e+05  0.00000000e+00 -6.53748488e+01  3.14158224e+00 
 4.46683592e+05  4.46683592e+05  0.00000000e+00 -6.53748488e+01  3.14158193e+00 
 4.59726989e+05  4.59726989e+05  0.00000000e+00 -6.53748488e+01  3.14158162e+00 
 4.73151259e+05  4.73151259e+05  0.00000000e+00 -6.53748488e+01  3.14158130e+00 
 4.86967525e+05  4.86967525e+05  0.00000000e+00 -6.53748488e+01  3.14158097e+00 
 5.01187234e+05  5.01187234e+05  0.00000000e+00 -6.53748488e+01  3.14158063e+00 
 5.15822165e+05  5.15822165e+05  0.00000000e+00 -6.53748488e+01  3.14158027e+00 
 5.30884444e+05  5.30884444e+05  0.00000000e+00 -6.53748488e+01  3.14157991e+00 
 5.46386550e+05  5.46386550e+05  0.00000000e+00 -6.53748488e+01  3.14157954e+00 
 5.62341325e+05  5.62341325e+05  0.00000000e+00 -6.53748488e+01  3.14157916e+00 
 5.78761988e+05  5.78761988e+05  0.00000000e+00 -6.53748488e+01  3.14157876e+00 
 5.95662144e+05  5.95662144e+05  0.00000000e+00 -6.53748488e+01  3.14157836e+00 
 6.13055792e+05  6.13055792e+05  0.00000000e+00 -6.53748488e+01  3.14157794e+00 
 6.30957344e+05  6.30957344e+05  0.00000000e+00 -6.53748488e+01  3.14157751e+00 
 6.49381632e+05  6.49381632e+05  0.00000000e+00 -6.53748488e+01  3.14157707e+00 
 6.68343918e+05  6.68343918e+05  0.00000000e+00 -6.53748488e+01  3.14157661e+00 
 6.87859912e+05  6.87859912e+05  0.00000000e+00 -6.53748488e+01  3.14157615e+00 
 7.07945784e+05  7.07945784e+05  0.00000000e+00 -6.53748488e+01  3.14157566e+00 
 7.28618175e+05  7.28618175e+05  0.00000000e+00 -6.53748488e+01  3.14157517e+00 
 7.49894209e+05  7.49894209e+05  0.00000000e+00 -6.53748488e+01  3.14157466e+00 
 7.71791516e+05  7.71791516e+05  0.00000000e+00 -6.53748488e+01  3.14157413e+00 
 7.94328235e+05  7.94328235e+05  0.00000000e+00 -6.53748488e+01  3.14157359e+00 
 8.17523038e+05  8.17523038e+05  0.00000000e+00 -6.53748488e+01  3.14157303e+00 
 8.41395142e+05  8.41395142e+05  0.00000000e+00 -6.53748488e+01  3.14157246e+00 
 8.65964323e+05  8.65964323e+05  0.00000000e+00 -6.53748488e+01  3.14157187e+00 
 8.91250938e+05  8.91250938e+05  0.00000000e+00 -6.53748488e+01  3.14157127e+00 
 9.17275935e+05  9.17275935e+05  0.00000000e+00 -6.53748488e+01  3.14157064e+00 
 9.44060876e+05  9.44060876e+05  0.00000000e+00 -6.53748488e+01  3.14157000e+00 
 9.71627952e+05  9.71627952e+05  0.00000000e+00 -6.53748488e+01  3.14156934e+00 
 1.00000000e+06  1.00000000e+06  0.00000000e+00 -6.53748488e+01  3.14156866e+00 
 1.02920053e+06  1.02920053e+06  0.00000000e+00 -6.53748488e+01  3.14156795e+00 
 1.05925373e+06  1.05925373e+06  0.00000000e+00 -6.53748488e+01  3.14156723e+00 
 1.09018449e+06  1.09018449e+06  0.00000000e+00 -6.53748488e+01  3.14156649e+00 
 1.12201845e+06  1.12201845e+06  0.00000000e+00 -6.53748488e+01  3.14156573e+00 
 1.15478198e+06  1.15478198e+06  0.00000000e+00 -6.53748488e+01  3.14156494e+00 
 1.18850223e+06  1.18850223e+06  0.00000000e+00 -6.53748488e+01  3.14156413e+00 
 1.22320712e+06  1.22320712e+06  0.00000000e+00 -6.53748488e+01  3.14156330e+00 
 1.25892541e+06  1.25892541e+06  0.00000000e+00 -6.53748488e+01  3.14156244e+00 
 1.29568670e+06  1.29568670e+06  0.00000000e+00 -6.53748488e+01  3.14156156e+00 
 1.33352143e+06  1.33352143e+06  0.00000000e+00 -6.53748488e+01  3.14156065e+00 
 1.37246096e+06  1.37246096e+06  0.00000000e+00 -6.53748488e+01  3.14155972e+00 
 1.41253754e+06  1.41253754e+06  0.00000000e+00 -6.53748488e+01  3.14155876e+00 
 1.45378439e+06  1.45378439e+06  0.00000000e+00 -6.53748488e+01  3.14155777e+00 
 1.49623566e+06  1.49623566e+06  0.00000000e+00 -6.53748488e+01  3.14155675e+00 
 1.53992653e+06  1.53992653e+06  0.00000000e+00 -6.53748488e+01  3.14155570e+00 
 1.58489319e+06  1.58489319e+06  0.00000000e+00 -6.53748488e+01  3.14155462e+00 
 1.63117291e+06  1.63117291e+06  0.00000000e+00 -6.53748488e+01  3.14155351e+00 
 1.67880402e+06  1.67880402e+06  0.00000000e+00 -6.53748488e+01  3.14155237e+00 
 1.72782598e+06  1.72782598e+06  0.00000000e+00 -6.53748488e+01  3.14155119e+00 
 1.77827941e+06  1.77827941e+06  0.00000000e+00 -6.53748488e+01  3.14154998e+00 
 1.83020611e+06  1.83020611e+06  0.00000000e+00 -6.53748488e+01  3.14154873e+00 
 1.88364909e+06  1.88364909e+06  0.00000000e+00 -6.53748488e+01  3.14154745e+00 
 1.93865264e+06  1.93865264e+06  0.00000000e+00 -6.53748488e+01  3.14154613e+00 
 1.99526231e+06  1.99526231e+06  0.00000000e+00 -6.53748488e+01  3.14154477e+00 
 2.05352503e+06  2.05352503e+06  0.00000000e+00 -6.53748488e+01  3.14154337e+00 
 2.11348904e+06  2.11348904e+06  0.00000000e+00 -6.53748488e+01  3.14154193e+00 
 2.17520403e+06  2.17520403e+06  0.00000000e+00 -6.53748488e+01  3.14154045e+00 
 2.23872114e+06  2.23872114e+06  0.00000000e+00 -6.53748488e+01  3.14153893e+00 
 2.30409298e+06  2.30409298e+06  0.00000000e+00 -6.53748488e+01  3.14153736e+00 
 2.37137371e+06  2.37137371e+06  0.00000000e+00 -6.53748488e+01  3.14153574e+00 
 2.44061907e+06  2.44061907e+06  0.00000000e+00 -6.53748488e+01  3.14153408e+00 
 2.51188643e+06  2.51188643e+06  0.00000000e+00 -6.53748488e+01  3.14153237e+00 
 2.58523484e+06  2.58523484e+06  0.00000000e+00 -6.53748488e+01  3.14153061e+00 
 2.66072506e+06  2.66072506e+06  0.00000000e+00 -6.53748488e+01  3.14152880e+00 
 2.73841963e+06  2.73841963e+06  0.00000000e+00 -6.53748488e+01  3.14152694e+00 
 2.81838293e+06  2.81838293e+06  0.00000000e+00 -6.53748488e+01  3.14152502e+00 
 2.90068120e+06  2.90068120e+06  0.00000000e+00 -6.53748488e+01  3.14152304e+00 
 2.98538262e+06  2.98538262e+06  0.00000000e+00 -6.53748488e+01  3.14152101e+00 
 3.07255737e+06  3.07255737e+06  0.00000000e+00 -6.53748488e+01  3.14151892e+00 
 3.16227766e+06  3.16227766e+06  0.00000000e+00 -6.53748488e+01  3.14151676e+00 
 3.25461783e+06  3.25461783e+06  0.00000000e+00 -6.53748488e+01  3.14151455e+00 
 3.34965439e+06  3.34965439e+06  0.00000000e+00 -6.53748488e+01  3.14151227e+00 
 3.44746607e+06  3.44746607e+06  0.00000000e+00 -6.53748488e+01  3.14150992e+00 
 3.54813389e+06  3.54813389e+06  0.00000000e+00 -6.53748488e+01  3.14150750e+00 
 3.65174127e+06  3.65174127e+06  0.00000000e+00 -6.53748488e+01  3.14150502e+00 
 3.75837404e+06  3.75837404e+06  0.00000000e+00 -6.53748488e+01  3.14150246e+00 
 3.86812055e+06  3.86812055e+06  0.00000000e+00 -6.53748488e+01  3.14149983e+00 
 3.98107171e+06  3.98107171e+06  0.00000000e+00 -6.53748488e+01  3.14149711e+00 
 4.09732110e+06  4.09732110e+06  0.00000000e+00 -6.53748488e+01  3.14149432e+00 
 4.21696503e+06  4.21696503e+06  0.00000000e+00 -6.53748488e+01  3.14149145e+00 
 4.34010264e+06  4.34010264e+06  0.00000000e+00 -6.53748488e+01  3.14148850e+00 
 4.46683592e+06  4.46683592e+06  0.00000000e+00 -6.53748488e+01  3.14148546e+00 
 4.59726989e+06  4.59726989e+06  0.00000000e+00 -6.53748488e+01  3.14148233e+00 
 4.73151259e+06  4.73151259e+06  0.00000000e+00 -6.53748488e+01  3.14147911e+00 
 4.86967525e+06  4.86967525e+06  0.00000000e+00 -6.53748488e+01  3.14147579e+00 
 5.01187234e+06  5.01187234e+06  0.00000000e+00 -6.53748488e+01  3.14147238e+00 
 5.15822165e+06  5.15822165e+06  0.00000000e+00 -6.53748488e+01  3.14146886e+00 
 5.30884444e+06  5.30884444e+06  0.00000000e+00 -6.53748489e+01  3.14146525e+00 
 5.46386550e+06  5.46386550e+06  0.00000000e+00 -6.53748489e+01  3.14146153e+00 
 5.62341325e+06  5.62341325e+06  0.00000000e+00 -6.53748489e+01  3.14145770e+00 
 5.78761988e+06  5.78761988e+06  0.00000000e+00 -6.53748489e+01  3.14145376e+00 
 5.95662144e+06  5.95662144e+06  0.00000000e+00 -6.53748489e+01  3.14144970e+00 
 6.13055792e+06  6.13055792e+06  0.00000000e+00 -6.53748489e+01  3.14144553e+00 
 6.30957344e+06  6.30957344e+06  0.00000000e+00 -6.53748489e+01  3.14144123e+00 
 6.49381632e+06  6.49381632e+06  0.00000000e+00 -6.53748489e+01  3.14143681e+00 
 6.68343918e+06  6.68343918e+06  0.00000000e+00 -6.53748489e+01  3.14143226e+00 
 6.87859912e+06  6.87859912e+06  0.00000000e+00 -6.53748489e+01  3.14142758e+00 
 7.07945784e+06  7.07945784e+06  0.00000000e+00 -6.53748489e+01  3.14142276e+00 
 7.28618175e+06  7.28618175e+06  0.00000000e+00 -6.53748489e+01  3.14141780e+00 
 7.49894209e+06  7.49894209e+06  0.00000000e+00 -6.53748489e+01  3.14141269e+00 
 7.71791516e+06  7.71791516e+06  0.00000000e+00 -6.53748489e+01  3.14140744e+00 
 7.94328235e+06  7.94328235e+06  0.00000000e+00 -6.53748489e+01  3.14140203e+00 
 8.17523038e+06  8.17523038e+06  0.00000000e+00 -6.53748489e+01  3.14139646e+00 
 8.41395142e+06  8.41395142e+06  0.00000000e+00 -6.53748489e+01  3.14139073e+00 
 8.65964323e+06  8.65964323e+06  0.00000000e+00 -6.53748489e+01  3.14138484e+00 
 8.91250938e+06  8.91250938e+06  0.00000000e+00 -6.53748489e+01  3.14137877e+00 
 9.17275935e+06  9.17275935e+06  0.00000000e+00 -6.53748489e+01  3.14137252e+00 
 9.44060876e+06  9.44060876e+06  0.00000000e+00 -6.53748489e+01  3.14136609e+00 
 9.71627952e+06  9.71627952e+06  0.00000000e+00 -6.53748489e+01  3.14135948e+00 
 1.00000000e+07  1.00000000e+07  0.00000000e+00 -6.53748489e+01  3.14135267e+00 
 1.02920053e+07  1.02920053e+07  0.00000000e+00 -6.53748490e+01  3.14134566e+00 
 1.05925373e+07  1.05925373e+07  0.00000000e+00 -6.53748490e+01  3.14133845e+00 
 1.09018449e+07  1.09018449e+07  0.00000000e+00 -6.53748490e+01  3.14133103e+00 
 1.12201845e+07  1.12201845e+07  0.00000000e+00 -6.53748490e+01  3.14132339e+00 
 1.15478198e+07  1.15478198e+07  0.00000000e+00 -6.53748490e+01  3.14131552e+00 
 1.18850223e+07  1.18850223e+07  0.00000000e+00 -6.53748490e+01  3.14130743e+00 
 1.22320712e+07  1.22320712e+07  0.00000000e+00 -6.53748490e+01  3.14129910e+00 
 1.25892541e+07  1.25892541e+07  0.00000000e+00 -6.53748490e+01  3.14129053e+00 
 1.29568670e+07  1.29568670e+07  0.00000000e+00 -6.53748490e+01  3.14128171e+00 
 1.33352143e+07  1.33352143e+07  0.00000000e+00 -6.53748490e+01  3.14127263e+00 
 1.37246096e+07  1.37246096e+07  0.00000000e+00 -6.53748491e+01  3.14126329e+00 
 1.41253754e+07  1.41253754e+07  0.00000000e+00 -6.53748491e+01  3.14125367e+00 
 1.45378439e+07  1.45378439e+07  0.00000000e+00 -6.53748491e+01  3.14124377e+00 
 1.49623566e+07  1.49623566e+07  0.00000000e+00 -6.53748491e+01  3.14123358e+00 
 1.53992653e+07  1.53992653e+07  0.00000000e+00 -6.53748491e+01  3.14122310e+00 
 1.58489319e+07  1.58489319e+07  0.00000000e+00 -6.53748491e+01  3.14121231e+00 
 1.63117291e+07  1.63117291e+07  0.00000000e+00 -6.53748492e+01  3.14120120e+00 
 1.67880402e+07  1.67880402e+07  0.00000000e+00 -6.53748492e+01  3.14118977e+00 
 1.72782598e+07  1.72782598e+07  0.00000000e+00 -6.53748492e+01  3.14117800e+00 
 1.77827941e+07  1.77827941e+07  0.00000000e+00 -6.53748492e+01  3.14116590e+00 
 1.83020611e+07  1.83020611e+07  0.00000000e+00 -6.53748492e+01  3.14115343e+00 
 1.88364909e+07  1.88364909e+07  0.00000000e+00 -6.53748493e+01  3.14114061e+00 
 1.93865264e+07  1.93865264e+07  0.00000000e+00 -6.53748493e+01  3.14112741e+00 
 1.99526231e+07  1.99526231e+07  0.00000000e+00 -6.53748493e+01  3.14111382e+00 
 2.05352503e+07  2.05352503e+07  0.00000000e+00 -6.53748494e+01  3.14109984e+00 
 2.11348904e+07  2.11348904e+07  0.00000000e+00 -6.53748494e+01  3.14108545e+00 
 2.17520403e+07  2.17520403e+07  0.00000000e+00 -6.53748494e+01  3.14107064e+00 
 2.23872114e+07  2.23872114e+07  0.00000000e+00 -6.53748495e+01  3.14105540e+00 
 2.30409298e+07  2.30409298e+07  0.00000000e+00 -6.53748495e+01  3.14103971e+00 
 2.37137371e+07  2.37137371e+07  0.00000000e+00 -6.53748495e+01  3.14102356e+00 
 2.44061907e+07  2.44061907e+07  0.00000000e+00 -6.53748496e+01  3.14100695e+00 
 2.51188643e+07  2.51188643e+07  0.00000000e+00 -6.53748496e+01  3.14098984e+00 
 2.58523484e+07  2.58523484e+07  0.00000000e+00 -6.53748497e+01  3.14097224e+00 
 2.66072506e+07  2.66072506e+07  0.00000000e+00 -6.53748497e+01  3.14095412e+00 
 2.73841963e+07  2.73841963e+07  0.00000000e+00 -6.53748498e+01  3.14093548e+00 
 2.81838293e+07  2.81838293e+07  0.00000000e+00 -6.53748498e+01  3.14091629e+00 
 2.90068120e+07  2.90068120e+07  0.00000000e+00 -6.53748499e+01  3.14089654e+00 
 2.98538262e+07  2.98538262e+07  0.00000000e+00 -6.53748500e+01  3.14087621e+00 
 3.07255737e+07  3.07255737e+07  0.00000000e+00 -6.53748500e+01  3.14085529e+00 
 3.16227766e+07  3.16227766e+07  0.00000000e+00 -6.53748501e+01  3.14083376e+00 
 3.25461783e+07  3.25461783e+07  0.00000000e+00 -6.53748502e+01  3.14081160e+00 
 3.34965439e+07  3.34965439e+07  0.00000000e+00 -6.53748503e+01  3.14078879e+00 
 3.44746607e+07  3.44746607e+07  0.00000000e+00 -6.53748503e+01  3.14076532e+00 
 3.54813389e+07  3.54813389e+07  0.00000000e+00 -6.53748504e+01  3.14074116e+00 
 3.65174127e+07  3.65174127e+07  0.00000000e+00 -6.53748505e+01  3.14071630e+00 
 3.75837404e+07  3.75837404e+07  0.00000000e+00 -6.53748506e+01  3.14069071e+00 
 3.86812055e+07  3.86812055e+07  0.00000000e+00 -6.53748507e+01  3.14066437e+00 
 3.98107171e+07  3.98107171e+07  0.00000000e+00 -6.53748508e+01  3.14063726e+00 
 4.09732110e+07  4.09732110e+07  0.00000000e+00 -6.53748510e+01  3.14060936e+00 
 4.21696503e+07  4.21696503e+07  0.00000000e+00 -6.53748511e+01  3.14058065e+00 
 4.34010264e+07  4.34010264e+07  0.00000000e+00 -6.53748512e+01  3.14055110e+00 
 4.46683592e+07  4.46683592e+07  0.00000000e+00 -6.53748514e+01  3.14052069e+00 
 4.59726989e+07  4.59726989e+07  0.00000000e+00 -6.53748515e+01  3.14048938e+00 
 4.73151259e+07  4.73151259e+07  0.00000000e+00 -6.53748517e+01  3.14045717e+00 
 4.86967525e+07  4.86967525e+07  0.00000000e+00 -6.53748519e+01  3.14042401e+00 
 5.01187234e+07  5.01187234e+07  0.00000000e+00 -6.53748520e+01  3.14038989e+00 
 5.15822165e+07  5.15822165e+07  0.00000000e+00 -6.53748522e+01  3.14035477e+00 
 5.30884444e+07  5.30884444e+07  0.00000000e+00 -6.53748524e+01  3.14031862e+00 
 5.46386550e+07  5.46386550e+07  0.00000000e+00 -6.53748526e+01  3.14028142e+00 
 5.62341325e+07  5.62341325e+07  0.00000000e+00 -6.53748529e+01  3.14024313e+00 
 5.78761988e+07  5.78761988e+07  0.00000000e+00 -6.53748531e+01  3.14020372e+00 
 5.95662144e+07  5.95662144e+07  0.00000000e+00 -6.53748534e+01  3.14016316e+00 
 6.13055792e+07  6.13055792e+07  0.00000000e+00 -6.53748536e+01  3.14012142e+00 
 6.30957344e+07  6.30957344e+07  0.00000000e+00 -6.53748539e+01  3.14007846e+00 
 6.49381632e+07  6.49381632e+07  0.00000000e+00 -6.53748542e+01  3.14003424e+00 
 6.68343918e+07  6.68343918e+07  0.00000000e+00 -6.53748545e+01  3.13998874e+00 
 6.87859912e+07  6.87859912e+07  0.00000000e+00 -6.53748549e+01  3.13994190e+00 
 7.07945784e+07  7.07945784e+07  0.00000000e+00 -6.53748552e+01  3.13989370e+00 
 7.28618175e+07  7.28618175e+07  0.00000000e+00 -6.53748556e+01  3.13984409e+00 
 7.49894209e+07  7.49894209e+07  0.00000000e+00 -6.53748560e+01  3.13979303e+00 
 7.71791516e+07  7.71791516e+07  0.00000000e+00 -6.53748564e+01  3.13974048e+00 
 7.94328235e+07  7.94328235e+07  0.00000000e+00 -6.53748569e+01  3.13968640e+00 
 8.17523038e+07  8.17523038e+07  0.00000000e+00 -6.53748574e+01  3.13963073e+00 
 8.41395142e+07  8.41395142e+07  0.00000000e+00 -6.53748579e+01  3.13957344e+00 
 8.65964323e+07  8.65964323e+07  0.00000000e+00 -6.53748584e+01  3.13951448e+00 
 8.91250938e+07  8.91250938e+07  0.00000000e+00 -6.53748590e+01  3.13945380e+00 
 9.17275935e+07  9.17275935e+07  0.00000000e+00 -6.53748596e+01  3.13939134e+00 
 9.44060876e+07  9.44060876e+07  0.00000000e+00 -6.53748602e+01  3.13932706e+00 
 9.71627952e+07  9.71627952e+07  0.00000000e+00 -6.53748609e+01  3.13926091e+00 
 1.00000000e+08  1.00000000e+08  0.00000000e+00 -6.53748616e+01  3.13919282e+00 
 1.02920053e+08  1.02920053e+08  0.00000000e+00 -6.53748624e+01  3.13912274e+00 
 1.05925373e+08  1.05925373e+08  0.00000000e+00 -6.53748632e+01  3.13905062e+00 
 1.09018449e+08  1.09018449e+08  0.00000000e+00 -6.53748640e+01  3.13897639e+00 
 1.12201845e+08  1.12201845e+08  0.00000000e+00 -6.53748649e+01  3.13890000e+00 
 1.15478198e+08  1.15478198e+08  0.00000000e+00 -6.53748659e+01  3.13882137e+00 
 1.18850223e+08  1.18850223e+08  0.00000000e+00 -6.53748669e+01  3.13874045e+00 
 1.22320712e+08  1.22320712e+08  0.00000000e+00 -6.53748680e+01  3.13865716e+00 
 1.25892541e+08  1.25892541e+08  0.00000000e+00 -6.53748691e+01  3.13857144e+00 
 1.29568670e+08  1.29568670e+08  0.00000000e+00 -6.53748703e+01  3.13848322e+00 
 1.33352143e+08  1.33352143e+08  0.00000000e+00 -6.53748716e+01  3.13839243e+00 
 1.37246096e+08  1.37246096e+08  0.00000000e+00 -6.53748729e+01  3.13829898e+00 
 1.41253754e+08  1.41253754e+08  0.00000000e+00 -6.53748744e+01  3.13820280e+00 
 1.45378439e+08  1.45378439e+08  0.00000000e+00 -6.53748759e+01  3.13810382e+00 
 1.49623566e+08  1.49623566e+08  0.00000000e+00 -6.53748775e+01  3.13800194e+00 
 1.53992653e+08  1.53992653e+08  0.00000000e+00 -6.53748792e+01  3.13789709e+00 
 1.58489319e+08  1.58489319e+08  0.00000000e+00 -6.53748810e+01  3.13778918e+00 
 1.63117291e+08  1.63117291e+08  0.00000000e+00 -6.53748829e+01  3.13767812e+00 
 1.67880402e+08  1.67880402e+08  0.00000000e+00 -6.53748849e+01  3.13756381e+00 
 1.72782598e+08  1.72782598e+08  0.00000000e+00 -6.53748871e+01  3.13744617e+00 
 1.77827941e+08  1.77827941e+08  0.00000000e+00 -6.53748893e+01  3.13732509e+00 
 1.83020611e+08  1.83020611e+08  0.00000000e+00 -6.53748917e+01  3.13720047e+00 
 1.88364909e+08  1.88364909e+08  0.00000000e+00 -6.53748943e+01  3.13707222e+00 
 1.93865264e+08  1.93865264e+08  0.00000000e+00 -6.53748970e+01  3.13694022e+00 
 1.99526231e+08  1.99526231e+08  0.00000000e+00 -6.53748998e+01  3.13680437e+00 
 2.05352503e+08  2.05352503e+08  0.00000000e+00 -6.53749028e+01  3.13666455e+00 
 2.11348904e+08  2.11348904e+08  0.00000000e+00 -6.53749060e+01  3.13652065e+00 
 2.17520403e+08  2.17520403e+08  0.00000000e+00 -6.53749094e+01  3.13637254e+00 
 2.23872114e+08  2.23872114e+08  0.00000000e+00 -6.53749130e+01  3.13622011e+00 
 2.30409298e+08  2.30409298e+08  0.00000000e+00 -6.53749168e+01  3.13606323e+00 
 2.37137371e+08  2.37137371e+08  0.00000000e+00 -6.53749208e+01  3.13590177e+00 
 2.44061907e+08  2.44061907e+08  0.00000000e+00 -6.53749251e+01  3.13573560e+00 
 2.51188643e+08  2.51188643e+08  0.00000000e+00 -6.53749296e+01  3.13556457e+00 
 2.58523484e+08  2.58523484e+08  0.00000000e+00 -6.53749344e+01  3.13538855e+00 
 2.66072506e+08  2.66072506e+08  0.00000000e+00 -6.53749395e+01  3.13520739e+00 
 2.73841963e+08  2.73841963e+08  0.00000000e+00 -6.53749449e+01  3.13502094e+00 
 2.81838293e+08  2.81838293e+08  0.00000000e+00 -6.53749506e+01  3.13482904e+00 
 2.90068120e+08  2.90068120e+08  0.00000000e+00 -6.53749566e+01  3.13463154e+00 
 2.98538262e+08  2.98538262e+08  0.00000000e+00 -6.53749630e+01  3.13442828e+00 
 3.07255737e+08  3.07255737e+08  0.00000000e+00 -6.53749697e+01  3.13421908e+00 
 3.16227766e+08  3.16227766e+08  0.00000000e+00 -6.53749769e+01  3.13400377e+00 
 3.25461783e+08  3.25461783e+08  0.00000000e+00 -6.53749845e+01  3.13378218e+00 
 3.34965439e+08  3.34965439e+08  0.00000000e+00 -6.53749925e+01  3.13355411e+00 
 3.44746607e+08  3.44746607e+08  0.00000000e+00 -6.53750010e+01  3.13331938e+00 
 3.54813389e+08  3.54813389e+08  0.00000000e+00 -6.53750101e+01  3.13307781e+00 
 3.65174127e+08  3.65174127e+08  0.00000000e+00 -6.53750196e+01  3.13282917e+00 
 3.75837404e+08  3.75837404e+08  0.00000000e+00 -6.53750297e+01  3.13257328e+00 
 3.86812055e+08  3.86812055e+08  0.00000000e+00 -6.53750405e+01  3.13230992e+00 
 3.98107171e+08  3.98107171e+08  0.00000000e+00 -6.53750518e+01  3.13203886e+00 
 4.09732110e+08  4.09732110e+08  0.00000000e+00 -6.53750638e+01  3.13175990e+00 
 4.21696503e+08  4.21696503e+08  0.00000000e+00 -6.53750766e+01  3.13147278e+00 
 4.34010264e+08  4.34010264e+08  0.00000000e+00 -6.53750901e+01  3.13117729e+00 
 4.46683592e+08  4.46683592e+08  0.00000000e+00 -6.53751044e+01  3.13087316e+00 
 4.59726989e+08  4.59726989e+08  0.00000000e+00 -6.53751195e+01  3.13056016e+00 
 4.73151259e+08  4.73151259e+08  0.00000000e+00 -6.53751356e+01  3.13023802e+00 
 4.86967525e+08  4.86967525e+08  0.00000000e+00 -6.53751525e+01  3.12990647e+00 
 5.01187234e+08  5.01187234e+08  0.00000000e+00 -6.53751705e+01  3.12956524e+00 
 5.15822165e+08  5.15822165e+08  0.00000000e+00 -6.53751896e+01  3.12921405e+00 
 5.30884444e+08  5.30884444e+08  0.00000000e+00 -6.53752098e+01  3.12885261e+00 
 5.46386550e+08  5.46386550e+08  0.00000000e+00 -6.53752312e+01  3.12848061e+00 
 5.62341325e+08  5.62341325e+08  0.00000000e+00 -6.53752538e+01  3.12809775e+00 
 5.78761988e+08  5.78761988e+08  0.00000000e+00 -6.53752778e+01  3.12770371e+00 
 5.95662144e+08  5.95662144e+08  0.00000000e+00 -6.53753033e+01  3.12729817e+00 
 6.13055792e+08  6.13055792e+08  0.00000000e+00 -6.53753302e+01  3.12688079e+00 
 6.30957344e+08  6.30957344e+08  0.00000000e+00 -6.53753587e+01  3.12645123e+00 
 6.49381632e+08  6.49381632e+08  0.00000000e+00 -6.53753889e+01  3.12600912e+00 
 6.68343918e+08  6.68343918e+08  0.00000000e+00 -6.53754209e+01  3.12555411e+00 
 6.87859912e+08  6.87859912e+08  0.00000000e+00 -6.53754548e+01  3.12508581e+00 
 7.07945784e+08  7.07945784e+08  0.00000000e+00 -6.53754907e+01  3.12460385e+00 
 7.28618175e+08  7.28618175e+08  0.00000000e+00 -6.53755288e+01  3.12410781e+00 
 7.49894209e+08  7.49894209e+08  0.00000000e+00 -6.53755690e+01  3.12359729e+00 
 7.71791516e+08  7.71791516e+08  0.00000000e+00 -6.53756117e+01  3.12307187e+00 
 7.94328235e+08  7.94328235e+08  0.00000000e+00 -6.53756569e+01  3.12253111e+00 
 8.17523038e+08  8.17523038e+08  0.00000000e+00 -6.53757048e+01  3.12197457e+00 
 8.41395142e+08  8.41395142e+08  0.00000000e+00 -6.53757555e+01  3.12140178e+00 
 8.65964323e+08  8.65964323e+08  0.00000000e+00 -6.53758092e+01  3.12081227e+00 
 8.91250938e+08  8.91250938e+08  0.00000000e+00 -6.53758661e+01  3.12020555e+00 
 9.17275935e+08  9.17275935e+08  0.00000000e+00 -6.53759264e+01  3.11958112e+00 
 9.44060876e+08  9.44060876e+08  0.00000000e+00 -6.53759902e+01  3.11893847e+00 
 9.71627952e+08  9.71627952e+08  0.00000000e+00 -6.53760578e+01  3.11827706e+00 
 1.00000000e+09  1.00000000e+09  0.00000000e+00 -6.53761295e+01  3.11759635e+00 
 1.02920053e+09  1.02920053e+09  0.00000000e+00 -6.53762053e+01  3.11689577e+00 
 1.05925373e+09  1.05925373e+09  0.00000000e+00 -6.53762857e+01  3.11617475e+00 
 1.09018449e+09  1.09018449e+09  0.00000000e+00 -6.53763708e+01  3.11543268e+00 
 1.12201845e+09  1.12201845e+09  0.00000000e+00 -6.53764610e+01  3.11466896e+00 
 1.15478198e+09  1.15478198e+09  0.00000000e+00 -6.53765565e+01  3.11388295e+00 
 1.18850223e+09  1.18850223e+09  0.00000000e+00 -6.53766577e+01  3.11307400e+00 
 1.22320712e+09  1.22320712e+09  0.00000000e+00 -6.53767648e+01  3.11224145e+00 
 1.25892541e+09  1.25892541e+09  0.00000000e+00 -6.53768783e+01  3.11138461e+00 
 1.29568670e+09  1.29568670e+09  0.00000000e+00 -6.53769985e+01  3.11050277e+00 
 1.33352143e+09  1.33352143e+09  0.00000000e+00 -6.53771259e+01  3.10959520e+00 
 1.37246096e+09  1.37246096e+09  0.00000000e+00 -6.53772607e+01  3.10866116e+00 
 1.41253754e+09  1.41253754e+09  0.00000000e+00 -6.53774036e+01  3.10769987e+00 
 1.45378439e+09  1.45378439e+09  0.00000000e+00 -6.53775549e+01  3.10671053e+00 
 1.49623566e+09  1.49623566e+09  0.00000000e+00 -6.53777152e+01  3.10569234e+00 
 1.53992653e+09  1.53992653e+09  0.00000000e+00 -6.53778850e+01  3.10464445e+00 
 1.58489319e+09  1.58489319e+09  0.00000000e+00 -6.53780648e+01  3.10356600e+00 
 1.63117291e+09  1.63117291e+09  0.00000000e+00 -6.53782553e+01  3.10245611e+00 
 1.67880402e+09  1.67880402e+09  0.00000000e+00 -6.53784570e+01  3.10131384e+00 
 1.72782598e+09  1.72782598e+09  0.00000000e+00 -6.53786707e+01  3.10013827e+00 
 1.77827941e+09  1.77827941e+09  0.00000000e+00 -6.53788970e+01  3.09892843e+00 
 1.83020611e+09  1.83020611e+09  0.00000000e+00 -6.53791368e+01  3.09768332e+00 
 1.88364909e+09  1.88364909e+09  0.00000000e+00 -6.53793907e+01  3.09640191e+00 
 1.93865264e+09  1.93865264e+09  0.00000000e+00 -6.53796596e+01  3.09508315e+00 
 1.99526231e+09  1.99526231e+09  0.00000000e+00 -6.53799445e+01  3.09372596e+00 
 2.05352503e+09  2.05352503e+09  0.00000000e+00 -6.53802462e+01  3.09232923e+00 
 2.11348904e+09  2.11348904e+09  0.00000000e+00 -6.53805657e+01  3.09089179e+00 
 2.17520403e+09  2.17520403e+09  0.00000000e+00 -6.53809042e+01  3.08941248e+00 
 2.23872114e+09  2.23872114e+09  0.00000000e+00 -6.53812626e+01  3.08789009e+00 
 2.30409298e+09  2.30409298e+09  0.00000000e+00 -6.53816423e+01  3.08632335e+00 
 2.37137371e+09  2.37137371e+09  0.00000000e+00 -6.53820445e+01  3.08471099e+00 
 2.44061907e+09  2.44061907e+09  0.00000000e+00 -6.53824704e+01  3.08305168e+00 
 2.51188643e+09  2.51188643e+09  0.00000000e+00 -6.53829214e+01  3.08134407e+00 
 2.58523484e+09  2.58523484e+09  0.00000000e+00 -6.53833992e+01  3.07958677e+00 
 2.66072506e+09  2.66072506e+09  0.00000000e+00 -6.53839052e+01  3.07777833e+00 
 2.73841963e+09  2.73841963e+09  0.00000000e+00 -6.53844411e+01  3.07591727e+00 
 2.81838293e+09  2.81838293e+09  0.00000000e+00 -6.53850086e+01  3.07400209e+00 
 2.90068120e+09  2.90068120e+09  0.00000000e+00 -6.53856097e+01  3.07203121e+00 
 2.98538262e+09  2.98538262e+09  0.00000000e+00 -6.53862463e+01  3.07000303e+00 
 3.07255737e+09  3.07255737e+09  0.00000000e+00 -6.53869205e+01  3.06791590e+00 
 3.16227766e+09  3.16227766e+09  0.00000000e+00 -6.53876345e+01  3.06576813e+00 
 3.25461783e+09  3.25461783e+09  0.00000000e+00 -6.53883907e+01  3.06355797e+00 
 3.34965439e+09  3.34965439e+09  0.00000000e+00 -6.53891914e+01  3.06128362e+00 
 3.44746607e+09  3.44746607e+09  0.00000000e+00 -6.53900395e+01  3.05894325e+00 
 3.54813389e+09  3.54813389e+09  0.00000000e+00 -6.53909375e+01  3.05653496e+00 
 3.65174127e+09  3.65174127e+09  0.00000000e+00 -6.53918885e+01  3.05405681e+00 
 3.75837404e+09  3.75837404e+09  0.00000000e+00 -6.53928956e+01  3.05150680e+00 
 3.86812055e+09  3.86812055e+09  0.00000000e+00 -6.53939620e+01  3.04888287e+00 
 3.98107171e+09  3.98107171e+09  0.00000000e+00 -6.53950913e+01  3.04618291e+00 
 4.09732110e+09  4.09732110e+09  0.00000000e+00 -6.53962871e+01  3.04340477e+00 
 4.21696503e+09  4.21696503e+09  0.00000000e+00 -6.53975533e+01  3.04054621e+00 
 4.34010264e+09  4.34010264e+09  0.00000000e+00 -6.53988941e+01  3.03760494e+00 
 4.46683592e+09  4.46683592e+09  0.00000000e+00 -6.54003137e+01  3.03457863e+00 
 4.59726989e+09  4.59726989e+09  0.00000000e+00 -6.54018168e+01  3.03146486e+00 
 4.73151259e+09  4.73151259e+09  0.00000000e+00 -6.54034083e+01  3.02826117e+00 
 4.86967525e+09  4.86967525e+09  0.00000000e+00 -6.54050933e+01  3.02496501e+00 
 5.01187234e+09  5.01187234e+09  0.00000000e+00 -6.54068773e+01  3.02157377e+00 
 5.15822165e+09  5.15822165e+09  0.00000000e+00 -6.54087660e+01  3.01808480e+00 
 5.30884444e+09  5.30884444e+09  0.00000000e+00 -6.54107655e+01  3.01449536e+00 
 5.46386550e+09  5.46386550e+09  0.00000000e+00 -6.54128823e+01  3.01080262e+00 
 5.62341325e+09  5.62341325e+09  0.00000000e+00 -6.54151230e+01  3.00700371e+00 
 5.78761988e+09  5.78761988e+09  0.00000000e+00 -6.54174950e+01  3.00309569e+00 
 5.95662144e+09  5.95662144e+09  0.00000000e+00 -6.54200058e+01  2.99907552e+00 
 6.13055792e+09  6.13055792e+09  0.00000000e+00 -6.54226634e+01  2.99494010e+00 
 6.30957344e+09  6.30957344e+09  0.00000000e+00 -6.54254763e+01  2.99068626e+00 
 6.49381632e+09  6.49381632e+09  0.00000000e+00 -6.54284535e+01  2.98631075e+00 
 6.68343918e+09  6.68343918e+09  0.00000000e+00 -6.54316043e+01  2.98181024e+00 
 6.87859912e+09  6.87859912e+09  0.00000000e+00 -6.54349387e+01  2.97718133e+00 
 7.07945784e+09  7.07945784e+09  0.00000000e+00 -6.54384672e+01  2.97242052e+00 
 7.28618175e+09  7.28618175e+09  0.00000000e+00 -6.54422009e+01  2.96752427e+00 
 7.49894209e+09  7.49894209e+09  0.00000000e+00 -6.54461516e+01  2.96248893e+00 
 7.71791516e+09  7.71791516e+09  0.00000000e+00 -6.54503315e+01  2.95731078e+00 
 7.94328235e+09  7.94328235e+09  0.00000000e+00 -6.54547537e+01  2.95198602e+00 
 8.17523038e+09  8.17523038e+09  0.00000000e+00 -6.54594318e+01  2.94651077e+00 
 8.41395142e+09  8.41395142e+09  0.00000000e+00 -6.54643804e+01  2.94088108e+00 
 8.65964323e+09  8.65964323e+09  0.00000000e+00 -6.54696145e+01  2.93509292e+00 
 8.91250938e+09  8.91250938e+09  0.00000000e+00 -6.54751503e+01  2.92914217e+00 
 9.17275935e+09  9.17275935e+09  0.00000000e+00 -6.54810046e+01  2.92302464e+00 
 9.44060876e+09  9.44060876e+09  0.00000000e+00 -6.54871951e+01  2.91673608e+00 
 9.71627952e+09  9.71627952e+09  0.00000000e+00 -6.54937406e+01  2.91027214e+00 
 1.00000000e+10  1.00000000e+10  0.00000000e+00 -6.55006605e+01  2.90362843e+00 
