 frequency       frequency       frequency       vdb(out)        vp(out)        
 1.00000000e+01  1.00000000e+01  0.00000000e+00  1.23128851e+02  2.92514921e+00 
 1.02920053e+01  1.02920053e+01  0.00000000e+00  1.23116998e+02  2.91903281e+00 
 1.05925373e+01  1.05925373e+01  0.00000000e+00  1.23104479e+02  2.91275545e+00 
 1.09018449e+01  1.09018449e+01  0.00000000e+00  1.23091257e+02  2.90631390e+00 
 1.12201845e+01  1.12201845e+01  0.00000000e+00  1.23077295e+02  2.89970497e+00 
 1.15478198e+01  1.15478198e+01  0.00000000e+00  1.23062555e+02  2.89292549e+00 
 1.18850223e+01  1.18850223e+01  0.00000000e+00  1.23046996e+02  2.88597234e+00 
 1.22320712e+01  1.22320712e+01  0.00000000e+00  1.23030575e+02  2.87884245e+00 
 1.25892541e+01  1.25892541e+01  0.00000000e+00  1.23013249e+02  2.87153282e+00 
 1.29568670e+01  1.29568670e+01  0.00000000e+00  1.22994971e+02  2.86404051e+00 
 1.33352143e+01  1.33352143e+01  0.00000000e+00  1.22975694e+02  2.85636269e+00 
 1.37246096e+01  1.37246096e+01  0.00000000e+00  1.22955367e+02  2.84849661e+00 
 1.41253754e+01  1.41253754e+01  0.00000000e+00  1.22933940e+02  2.84043967e+00 
 1.45378439e+01  1.45378439e+01  0.00000000e+00  1.22911357e+02  2.83218936e+00 
 1.49623566e+01  1.49623566e+01  0.00000000e+00  1.22887564e+02  2.82374334e+00 
 1.53992653e+01  1.53992653e+01  0.00000000e+00  1.22862502e+02  2.81509945e+00 
 1.58489319e+01  1.58489319e+01  0.00000000e+00  1.22836112e+02  2.80625570e+00 
 1.63117291e+01  1.63117291e+01  0.00000000e+00  1.22808332e+02  2.79721028e+00 
 1.67880402e+01  1.67880402e+01  0.00000000e+00  1.22779098e+02  2.78796163e+00 
 1.72782598e+01  1.72782598e+01  0.00000000e+00  1.22748345e+02  2.77850843e+00 
 1.77827941e+01  1.77827941e+01  0.00000000e+00  1.22716006e+02  2.76884959e+00 
 1.83020611e+01  1.83020611e+01  0.00000000e+00  1.22682012e+02  2.75898433e+00 
 1.88364909e+01  1.88364909e+01  0.00000000e+00  1.22646290e+02  2.74891217e+00 
 1.93865264e+01  1.93865264e+01  0.00000000e+00  1.22608770e+02  2.73863292e+00 
 1.99526231e+01  1.99526231e+01  0.00000000e+00  1.22569378e+02  2.72814678e+00 
 2.05352503e+01  2.05352503e+01  0.00000000e+00  1.22528037e+02  2.71745427e+00 
 2.11348904e+01  2.11348904e+01  0.00000000e+00  1.22484671e+02  2.70655633e+00 
 2.17520403e+01  2.17520403e+01  0.00000000e+00  1.22439203e+02  2.69545428e+00 
 2.23872114e+01  2.23872114e+01  0.00000000e+00  1.22391555e+02  2.68414987e+00 
 2.30409298e+01  2.30409298e+01  0.00000000e+00  1.22341647e+02  2.67264531e+00 
 2.37137371e+01  2.37137371e+01  0.00000000e+00  1.22289400e+02  2.66094324e+00 
 2.44061907e+01  2.44061907e+01  0.00000000e+00  1.22234735e+02  2.64904678e+00 
 2.51188643e+01  2.51188643e+01  0.00000000e+00  1.22177571e+02  2.63695957e+00 
 2.58523484e+01  2.58523484e+01  0.00000000e+00  1.22117829e+02  2.62468570e+00 
 2.66072506e+01  2.66072506e+01  0.00000000e+00  1.22055431e+02  2.61222981e+00 
 2.73841963e+01  2.73841963e+01  0.00000000e+00  1.21990299e+02  2.59959704e+00 
 2.81838293e+01  2.81838293e+01  0.00000000e+00  1.21922357e+02  2.58679306e+00 
 2.90068120e+01  2.90068120e+01  0.00000000e+00  1.21851529e+02  2.57382404e+00 
 2.98538262e+01  2.98538262e+01  0.00000000e+00  1.21777744e+02  2.56069671e+00 
 3.07255737e+01  3.07255737e+01  0.00000000e+00  1.21700930e+02  2.54741827e+00 
 3.16227766e+01  3.16227766e+01  0.00000000e+00  1.21621020e+02  2.53399646e+00 
 3.25461783e+01  3.25461783e+01  0.00000000e+00  1.21537948e+02  2.52043950e+00 
 3.34965439e+01  3.34965439e+01  0.00000000e+00  1.21451654e+02  2.50675610e+00 
 3.44746607e+01  3.44746607e+01  0.00000000e+00  1.21362078e+02  2.49295540e+00 
 3.54813389e+01  3.54813389e+01  0.00000000e+00  1.21269167e+02  2.47904702e+00 
 3.65174127e+01  3.65174127e+01  0.00000000e+00  1.21172872e+02  2.46504094e+00 
 3.75837404e+01  3.75837404e+01  0.00000000e+00  1.21073148e+02  2.45094753e+00 
 3.86812055e+01  3.86812055e+01  0.00000000e+00  1.20969953e+02  2.43677753e+00 
 3.98107171e+01  3.98107171e+01  0.00000000e+00  1.20863254e+02  2.42254193e+00 
 4.09732110e+01  4.09732110e+01  0.00000000e+00  1.20753021e+02  2.40825204e+00 
 4.21696503e+01  4.21696503e+01  0.00000000e+00  1.20639229e+02  2.39391934e+00 
 4.34010264e+01  4.34010264e+01  0.00000000e+00  1.20521860e+02  2.37955553e+00 
 4.46683592e+01  4.46683592e+01  0.00000000e+00  1.20400902e+02  2.36517239e+00 
 4.59726989e+01  4.59726989e+01  0.00000000e+00  1.20276347e+02  2.35078182e+00 
 4.73151259e+01  4.73151259e+01  0.00000000e+00  1.20148196e+02  2.33639574e+00 
 4.86967525e+01  4.86967525e+01  0.00000000e+00  1.20016453e+02  2.32202603e+00 
 5.01187234e+01  5.01187234e+01  0.00000000e+00  1.19881130e+02  2.30768453e+00 
 5.15822165e+01  5.15822165e+01  0.00000000e+00  1.19742243e+02  2.29338295e+00 
 5.30884444e+01  5.30884444e+01  0.00000000e+00  1.19599815e+02  2.27913284e+00 
 5.46386550e+01  5.46386550e+01  0.00000000e+00  1.19453875e+02  2.26494555e+00 
 5.62341325e+01  5.62341325e+01  0.00000000e+00  1.19304456e+02  2.25083216e+00 
 5.78761988e+01  5.78761988e+01  0.00000000e+00  1.19151597e+02  2.23680346e+00 
 5.95662144e+01  5.95662144e+01  0.00000000e+00  1.18995341e+02  2.22286992e+00 
 6.13055792e+01  6.13055792e+01  0.00000000e+00  1.18835738e+02  2.20904163e+00 
 6.30957344e+01  6.30957344e+01  0.00000000e+00  1.18672841e+02  2.19532830e+00 
 6.49381632e+01  6.49381632e+01  0.00000000e+00  1.18506705e+02  2.18173918e+00 
 6.68343918e+01  6.68343918e+01  0.00000000e+00  1.18337393e+02  2.16828310e+00 
 6.87859912e+01  6.87859912e+01  0.00000000e+00  1.18164968e+02  2.15496840e+00 
 7.07945784e+01  7.07945784e+01  0.00000000e+00  1.17989497e+02  2.14180294e+00 
 7.28618175e+01  7.28618175e+01  0.00000000e+00  1.17811050e+02  2.12879405e+00 
 7.49894209e+01  7.49894209e+01  0.00000000e+00  1.17629701e+02  2.11594858e+00 
 7.71791516e+01  7.71791516e+01  0.00000000e+00  1.17445522e+02  2.10327284e+00 
 7.94328235e+01  7.94328235e+01  0.00000000e+00  1.17258590e+02  2.09077263e+00 
 8.17523038e+01  8.17523038e+01  0.00000000e+00  1.17068982e+02  2.07845321e+00 
 8.41395142e+01  8.41395142e+01  0.00000000e+00  1.16876778e+02  2.06631935e+00 
 8.65964323e+01  8.65964323e+01  0.00000000e+00  1.16682055e+02  2.05437527e+00 
 8.91250938e+01  8.91250938e+01  0.00000000e+00  1.16484894e+02  2.04262473e+00 
 9.17275935e+01  9.17275935e+01  0.00000000e+00  1.16285374e+02  2.03107097e+00 
 9.44060876e+01  9.44060876e+01  0.00000000e+00  1.16083575e+02  2.01971675e+00 
 9.71627952e+01  9.71627952e+01  0.00000000e+00  1.15879575e+02  2.00856438e+00 
 1.00000000e+02  1.00000000e+02  0.00000000e+00  1.15673454e+02  1.99761573e+00 
 1.02920053e+02  1.02920053e+02  0.00000000e+00  1.15465290e+02  1.98687222e+00 
 1.05925373e+02  1.05925373e+02  0.00000000e+00  1.15255158e+02  1.97633488e+00 
 1.09018449e+02  1.09018449e+02  0.00000000e+00  1.15043135e+02  1.96600435e+00 
 1.12201845e+02  1.12201845e+02  0.00000000e+00  1.14829295e+02  1.95588087e+00 
 1.15478198e+02  1.15478198e+02  0.00000000e+00  1.14613711e+02  1.94596438e+00 
 1.18850223e+02  1.18850223e+02  0.00000000e+00  1.14396454e+02  1.93625447e+00 
 1.22320712e+02  1.22320712e+02  0.00000000e+00  1.14177593e+02  1.92675040e+00 
 1.25892541e+02  1.25892541e+02  0.00000000e+00  1.13957197e+02  1.91745119e+00 
 1.29568670e+02  1.29568670e+02  0.00000000e+00  1.13735331e+02  1.90835555e+00 
 1.33352143e+02  1.33352143e+02  0.00000000e+00  1.13512060e+02  1.89946199e+00 
 1.37246096e+02  1.37246096e+02  0.00000000e+00  1.13287445e+02  1.89076876e+00 
 1.41253754e+02  1.41253754e+02  0.00000000e+00  1.13061547e+02  1.88227392e+00 
 1.45378439e+02  1.45378439e+02  0.00000000e+00  1.12834425e+02  1.87397533e+00 
 1.49623566e+02  1.49623566e+02  0.00000000e+00  1.12606134e+02  1.86587070e+00 
 1.53992653e+02  1.53992653e+02  0.00000000e+00  1.12376728e+02  1.85795757e+00 
 1.58489319e+02  1.58489319e+02  0.00000000e+00  1.12146261e+02  1.85023336e+00 
 1.63117291e+02  1.63117291e+02  0.00000000e+00  1.11914781e+02  1.84269535e+00 
 1.67880402e+02  1.67880402e+02  0.00000000e+00  1.11682339e+02  1.83534073e+00 
 1.72782598e+02  1.72782598e+02  0.00000000e+00  1.11448980e+02  1.82816658e+00 
 1.77827941e+02  1.77827941e+02  0.00000000e+00  1.11214748e+02  1.82116993e+00 
 1.83020611e+02  1.83020611e+02  0.00000000e+00  1.10979688e+02  1.81434771e+00 
 1.88364909e+02  1.88364909e+02  0.00000000e+00  1.10743839e+02  1.80769681e+00 
 1.93865264e+02  1.93865264e+02  0.00000000e+00  1.10507240e+02  1.80121409e+00 
 1.99526231e+02  1.99526231e+02  0.00000000e+00  1.10269930e+02  1.79489635e+00 
 2.05352503e+02  2.05352503e+02  0.00000000e+00  1.10031945e+02  1.78874037e+00 
 2.11348904e+02  2.11348904e+02  0.00000000e+00  1.09793318e+02  1.78274293e+00 
 2.17520403e+02  2.17520403e+02  0.00000000e+00  1.09554082e+02  1.77690077e+00 
 2.23872114e+02  2.23872114e+02  0.00000000e+00  1.09314268e+02  1.77121067e+00 
 2.30409298e+02  2.30409298e+02  0.00000000e+00  1.09073907e+02  1.76566937e+00 
 2.37137371e+02  2.37137371e+02  0.00000000e+00  1.08833026e+02  1.76027365e+00 
 2.44061907e+02  2.44061907e+02  0.00000000e+00  1.08591653e+02  1.75502030e+00 
 2.51188643e+02  2.51188643e+02  0.00000000e+00  1.08349813e+02  1.74990612e+00 
 2.58523484e+02  2.58523484e+02  0.00000000e+00  1.08107530e+02  1.74492796e+00 
 2.66072506e+02  2.66072506e+02  0.00000000e+00  1.07864829e+02  1.74008266e+00 
 2.73841963e+02  2.73841963e+02  0.00000000e+00  1.07621730e+02  1.73536714e+00 
 2.81838293e+02  2.81838293e+02  0.00000000e+00  1.07378255e+02  1.73077831e+00 
 2.90068120e+02  2.90068120e+02  0.00000000e+00  1.07134425e+02  1.72631317e+00 
 2.98538262e+02  2.98538262e+02  0.00000000e+00  1.06890257e+02  1.72196870e+00 
 3.07255737e+02  3.07255737e+02  0.00000000e+00  1.06645770e+02  1.71774199e+00 
 3.16227766e+02  3.16227766e+02  0.00000000e+00  1.06400982e+02  1.71363012e+00 
 3.25461783e+02  3.25461783e+02  0.00000000e+00  1.06155907e+02  1.70963024e+00 
 3.34965439e+02  3.34965439e+02  0.00000000e+00  1.05910562e+02  1.70573957e+00 
 3.44746607e+02  3.44746607e+02  0.00000000e+00  1.05664962e+02  1.70195534e+00 
 3.54813389e+02  3.54813389e+02  0.00000000e+00  1.05419119e+02  1.69827485e+00 
 3.65174127e+02  3.65174127e+02  0.00000000e+00  1.05173047e+02  1.69469545e+00 
 3.75837404e+02  3.75837404e+02  0.00000000e+00  1.04926759e+02  1.69121455e+00 
 3.86812055e+02  3.86812055e+02  0.00000000e+00  1.04680266e+02  1.68782960e+00 
 3.98107171e+02  3.98107171e+02  0.00000000e+00  1.04433580e+02  1.68453810e+00 
 4.09732110e+02  4.09732110e+02  0.00000000e+00  1.04186711e+02  1.68133761e+00 
 4.21696503e+02  4.21696503e+02  0.00000000e+00  1.03939668e+02  1.67822575e+00 
 4.34010264e+02  4.34010264e+02  0.00000000e+00  1.03692462e+02  1.67520018e+00 
 4.46683592e+02  4.46683592e+02  0.00000000e+00  1.03445101e+02  1.67225861e+00 
 4.59726989e+02  4.59726989e+02  0.00000000e+00  1.03197594e+02  1.66939881e+00 
 4.73151259e+02  4.73151259e+02  0.00000000e+00  1.02949949e+02  1.66661859e+00 
 4.86967525e+02  4.86967525e+02  0.00000000e+00  1.02702174e+02  1.66391584e+00 
 5.01187234e+02  5.01187234e+02  0.00000000e+00  1.02454275e+02  1.66128845e+00 
 5.15822165e+02  5.15822165e+02  0.00000000e+00  1.02206259e+02  1.65873441e+00 
 5.30884444e+02  5.30884444e+02  0.00000000e+00  1.01958134e+02  1.65625173e+00 
 5.46386550e+02  5.46386550e+02  0.00000000e+00  1.01709904e+02  1.65383848e+00 
 5.62341325e+02  5.62341325e+02  0.00000000e+00  1.01461575e+02  1.65149277e+00 
 5.78761988e+02  5.78761988e+02  0.00000000e+00  1.01213154e+02  1.64921275e+00 
 5.95662144e+02  5.95662144e+02  0.00000000e+00  1.00964645e+02  1.64699665e+00 
 6.13055792e+02  6.13055792e+02  0.00000000e+00  1.00716054e+02  1.64484269e+00 
 6.30957344e+02  6.30957344e+02  0.00000000e+00  1.00467383e+02  1.64274920e+00 
 6.49381632e+02  6.49381632e+02  0.00000000e+00  1.00218639e+02  1.64071449e+00 
 6.68343918e+02  6.68343918e+02  0.00000000e+00  9.99698250e+01  1.63873695e+00 
 6.87859912e+02  6.87859912e+02  0.00000000e+00  9.97209448e+01  1.63681502e+00 
 7.07945784e+02  7.07945784e+02  0.00000000e+00  9.94720022e+01  1.63494714e+00 
 7.28618175e+02  7.28618175e+02  0.00000000e+00  9.92230007e+01  1.63313183e+00 
 7.49894209e+02  7.49894209e+02  0.00000000e+00  9.89739436e+01  1.63136763e+00 
 7.71791516e+02  7.71791516e+02  0.00000000e+00  9.87248339e+01  1.62965312e+00 
 7.94328235e+02  7.94328235e+02  0.00000000e+00  9.84756746e+01  1.62798692e+00 
 8.17523038e+02  8.17523038e+02  0.00000000e+00  9.82264684e+01  1.62636770e+00 
 8.41395142e+02  8.41395142e+02  0.00000000e+00  9.79772180e+01  1.62479413e+00 
 8.65964323e+02  8.65964323e+02  0.00000000e+00  9.77279257e+01  1.62326495e+00 
 8.91250938e+02  8.91250938e+02  0.00000000e+00  9.74785939e+01  1.62177893e+00 
 9.17275935e+02  9.17275935e+02  0.00000000e+00  9.72292249e+01  1.62033484e+00 
 9.44060876e+02  9.44060876e+02  0.00000000e+00  9.69798206e+01  1.61893154e+00 
 9.71627952e+02  9.71627952e+02  0.00000000e+00  9.67303831e+01  1.61756786e+00 
 1.00000000e+03  1.00000000e+03  0.00000000e+00  9.64809142e+01  1.61624271e+00 
 1.02920053e+03  1.02920053e+03  0.00000000e+00  9.62314157e+01  1.61495500e+00 
 1.05925373e+03  1.05925373e+03  0.00000000e+00  9.59818891e+01  1.61370369e+00 
 1.09018449e+03  1.09018449e+03  0.00000000e+00  9.57323361e+01  1.61248775e+00 
 1.12201845e+03  1.12201845e+03  0.00000000e+00  9.54827582e+01  1.61130619e+00 
 1.15478198e+03  1.15478198e+03  0.00000000e+00  9.52331567e+01  1.61015805e+00 
 1.18850223e+03  1.18850223e+03  0.00000000e+00  9.49835329e+01  1.60904238e+00 
 1.22320712e+03  1.22320712e+03  0.00000000e+00  9.47338881e+01  1.60795827e+00 
 1.25892541e+03  1.25892541e+03  0.00000000e+00  9.44842235e+01  1.60690484e+00 
 1.29568670e+03  1.29568670e+03  0.00000000e+00  9.42345401e+01  1.60588122e+00 
 1.33352143e+03  1.33352143e+03  0.00000000e+00  9.39848390e+01  1.60488657e+00 
 1.37246096e+03  1.37246096e+03  0.00000000e+00  9.37351213e+01  1.60392008e+00 
 1.41253754e+03  1.41253754e+03  0.00000000e+00  9.34853877e+01  1.60298095e+00 
 1.45378439e+03  1.45378439e+03  0.00000000e+00  9.32356393e+01  1.60206841e+00 
 1.49623566e+03  1.49623566e+03  0.00000000e+00  9.29858768e+01  1.60118171e+00 
 1.53992653e+03  1.53992653e+03  0.00000000e+00  9.27361010e+01  1.60032012e+00 
 1.58489319e+03  1.58489319e+03  0.00000000e+00  9.24863127e+01  1.59948294e+00 
 1.63117291e+03  1.63117291e+03  0.00000000e+00  9.22365126e+01  1.59866947e+00 
 1.67880402e+03  1.67880402e+03  0.00000000e+00  9.19867013e+01  1.59787904e+00 
 1.72782598e+03  1.72782598e+03  0.00000000e+00  9.17368795e+01  1.59711101e+00 
 1.77827941e+03  1.77827941e+03  0.00000000e+00  9.14870476e+01  1.59636473e+00 
 1.83020611e+03  1.83020611e+03  0.00000000e+00  9.12372064e+01  1.59563961e+00 
 1.88364909e+03  1.88364909e+03  0.00000000e+00  9.09873564e+01  1.59493503e+00 
 1.93865264e+03  1.93865264e+03  0.00000000e+00  9.07374979e+01  1.59425042e+00 
 1.99526231e+03  1.99526231e+03  0.00000000e+00  9.04876315e+01  1.59358521e+00 
 2.05352503e+03  2.05352503e+03  0.00000000e+00  9.02377576e+01  1.59293886e+00 
 2.11348904e+03  2.11348904e+03  0.00000000e+00  8.99878767e+01  1.59231083e+00 
 2.17520403e+03  2.17520403e+03  0.00000000e+00  8.97379892e+01  1.59170060e+00 
 2.23872114e+03  2.23872114e+03  0.00000000e+00  8.94880953e+01  1.59110766e+00 
 2.30409298e+03  2.30409298e+03  0.00000000e+00  8.92381955e+01  1.59053154e+00 
 2.37137371e+03  2.37137371e+03  0.00000000e+00  8.89882901e+01  1.58997175e+00 
 2.44061907e+03  2.44061907e+03  0.00000000e+00  8.87383795e+01  1.58942783e+00 
 2.51188643e+03  2.51188643e+03  0.00000000e+00  8.84884638e+01  1.58889933e+00 
 2.58523484e+03  2.58523484e+03  0.00000000e+00  8.82385434e+01  1.58838582e+00 
 2.66072506e+03  2.66072506e+03  0.00000000e+00  8.79886186e+01  1.58788687e+00 
 2.73841963e+03  2.73841963e+03  0.00000000e+00  8.77386895e+01  1.58740206e+00 
 2.81838293e+03  2.81838293e+03  0.00000000e+00  8.74887565e+01  1.58693101e+00 
 2.90068120e+03  2.90068120e+03  0.00000000e+00  8.72388197e+01  1.58647331e+00 
 2.98538262e+03  2.98538262e+03  0.00000000e+00  8.69888794e+01  1.58602859e+00 
 3.07255737e+03  3.07255737e+03  0.00000000e+00  8.67389358e+01  1.58559648e+00 
 3.16227766e+03  3.16227766e+03  0.00000000e+00  8.64889890e+01  1.58517663e+00 
 3.25461783e+03  3.25461783e+03  0.00000000e+00  8.62390392e+01  1.58476868e+00 
 3.34965439e+03  3.34965439e+03  0.00000000e+00  8.59890867e+01  1.58437231e+00 
 3.44746607e+03  3.44746607e+03  0.00000000e+00  8.57391314e+01  1.58398717e+00 
 3.54813389e+03  3.54813389e+03  0.00000000e+00  8.54891737e+01  1.58361296e+00 
 3.65174127e+03  3.65174127e+03  0.00000000e+00  8.52392136e+01  1.58324936e+00 
 3.75837404e+03  3.75837404e+03  0.00000000e+00  8.49892513e+01  1.58289608e+00 
 3.86812055e+03  3.86812055e+03  0.00000000e+00  8.47392869e+01  1.58255282e+00 
 3.98107171e+03  3.98107171e+03  0.00000000e+00  8.44893204e+01  1.58221929e+00 
 4.09732110e+03  4.09732110e+03  0.00000000e+00  8.42393521e+01  1.58189522e+00 
 4.21696503e+03  4.21696503e+03  0.00000000e+00  8.39893821e+01  1.58158035e+00 
 4.34010264e+03  4.34010264e+03  0.00000000e+00  8.37394103e+01  1.58127440e+00 
 4.46683592e+03  4.46683592e+03  0.00000000e+00  8.34894370e+01  1.58097714e+00 
 4.59726989e+03  4.59726989e+03  0.00000000e+00  8.32394622e+01  1.58068830e+00 
 4.73151259e+03  4.73151259e+03  0.00000000e+00  8.29894859e+01  1.58040767e+00 
 4.86967525e+03  4.86967525e+03  0.00000000e+00  8.27395084e+01  1.58013499e+00 
 5.01187234e+03  5.01187234e+03  0.00000000e+00  8.24895296e+01  1.57987004e+00 
 5.15822165e+03  5.15822165e+03  0.00000000e+00  8.22395496e+01  1.57961261e+00 
 5.30884444e+03  5.30884444e+03  0.00000000e+00  8.19895684e+01  1.57936249e+00 
 5.46386550e+03  5.46386550e+03  0.00000000e+00  8.17395863e+01  1.57911946e+00 
 5.62341325e+03  5.62341325e+03  0.00000000e+00  8.14896031e+01  1.57888332e+00 
 5.78761988e+03  5.78761988e+03  0.00000000e+00  8.12396190e+01  1.57865389e+00 
 5.95662144e+03  5.95662144e+03  0.00000000e+00  8.09896340e+01  1.57843096e+00 
 6.13055792e+03  6.13055792e+03  0.00000000e+00  8.07396481e+01  1.57821435e+00 
 6.30957344e+03  6.30957344e+03  0.00000000e+00  8.04896615e+01  1.57800389e+00 
 6.49381632e+03  6.49381632e+03  0.00000000e+00  8.02396741e+01  1.57779941e+00 
 6.68343918e+03  6.68343918e+03  0.00000000e+00  7.99896861e+01  1.57760072e+00 
 6.87859912e+03  6.87859912e+03  0.00000000e+00  7.97396973e+01  1.57740767e+00 
 7.07945784e+03  7.07945784e+03  0.00000000e+00  7.94897079e+01  1.57722009e+00 
 7.28618175e+03  7.28618175e+03  0.00000000e+00  7.92397179e+01  1.57703784e+00 
 7.49894209e+03  7.49894209e+03  0.00000000e+00  7.89897274e+01  1.57686076e+00 
 7.71791516e+03  7.71791516e+03  0.00000000e+00  7.87397363e+01  1.57668870e+00 
 7.94328235e+03  7.94328235e+03  0.00000000e+00  7.84897448e+01  1.57652152e+00 
 8.17523038e+03  8.17523038e+03  0.00000000e+00  7.82397527e+01  1.57635909e+00 
 8.41395142e+03  8.41395142e+03  0.00000000e+00  7.79897603e+01  1.57620126e+00 
 8.65964323e+03  8.65964323e+03  0.00000000e+00  7.77397674e+01  1.57604791e+00 
 8.91250938e+03  8.91250938e+03  0.00000000e+00  7.74897741e+01  1.57589891e+00 
 9.17275935e+03  9.17275935e+03  0.00000000e+00  7.72397804e+01  1.57575414e+00 
 9.44060876e+03  9.44060876e+03  0.00000000e+00  7.69897864e+01  1.57561348e+00 
 9.71627952e+03  9.71627952e+03  0.00000000e+00  7.67397920e+01  1.57547680e+00 
 1.00000000e+04  1.00000000e+04  0.00000000e+00  7.64897973e+01  1.57534401e+00 
 1.02920053e+04  1.02920053e+04  0.00000000e+00  7.62398023e+01  1.57521498e+00 
 1.05925373e+04  1.05925373e+04  0.00000000e+00  7.59898071e+01  1.57508961e+00 
 1.09018449e+04  1.09018449e+04  0.00000000e+00  7.57398116e+01  1.57496780e+00 
 1.12201845e+04  1.12201845e+04  0.00000000e+00  7.54898158e+01  1.57484944e+00 
 1.15478198e+04  1.15478198e+04  0.00000000e+00  7.52398198e+01  1.57473444e+00 
 1.18850223e+04  1.18850223e+04  0.00000000e+00  7.49898235e+01  1.57462271e+00 
 1.22320712e+04  1.22320712e+04  0.00000000e+00  7.47398271e+01  1.57451414e+00 
 1.25892541e+04  1.25892541e+04  0.00000000e+00  7.44898305e+01  1.57440866e+00 
 1.29568670e+04  1.29568670e+04  0.00000000e+00  7.42398336e+01  1.57430617e+00 
 1.33352143e+04  1.33352143e+04  0.00000000e+00  7.39898366e+01  1.57420658e+00 
 1.37246096e+04  1.37246096e+04  0.00000000e+00  7.37398394e+01  1.57410982e+00 
 1.41253754e+04  1.41253754e+04  0.00000000e+00  7.34898421e+01  1.57401581e+00 
 1.45378439e+04  1.45378439e+04  0.00000000e+00  7.32398446e+01  1.57392446e+00 
 1.49623566e+04  1.49623566e+04  0.00000000e+00  7.29898470e+01  1.57383570e+00 
 1.53992653e+04  1.53992653e+04  0.00000000e+00  7.27398493e+01  1.57374946e+00 
 1.58489319e+04  1.58489319e+04  0.00000000e+00  7.24898514e+01  1.57366567e+00 
 1.63117291e+04  1.63117291e+04  0.00000000e+00  7.22398534e+01  1.57358426e+00 
 1.67880402e+04  1.67880402e+04  0.00000000e+00  7.19898553e+01  1.57350515e+00 
 1.72782598e+04  1.72782598e+04  0.00000000e+00  7.17398570e+01  1.57342829e+00 
 1.77827941e+04  1.77827941e+04  0.00000000e+00  7.14898587e+01  1.57335361e+00 
 1.83020611e+04  1.83020611e+04  0.00000000e+00  7.12398603e+01  1.57328105e+00 
 1.88364909e+04  1.88364909e+04  0.00000000e+00  7.09898618e+01  1.57321055e+00 
 1.93865264e+04  1.93865264e+04  0.00000000e+00  7.07398632e+01  1.57314205e+00 
 1.99526231e+04  1.99526231e+04  0.00000000e+00  7.04898646e+01  1.57307549e+00 
 2.05352503e+04  2.05352503e+04  0.00000000e+00  7.02398658e+01  1.57301082e+00 
 2.11348904e+04  2.11348904e+04  0.00000000e+00  6.99898670e+01  1.57294798e+00 
 2.17520403e+04  2.17520403e+04  0.00000000e+00  6.97398681e+01  1.57288693e+00 
 2.23872114e+04  2.23872114e+04  0.00000000e+00  6.94898692e+01  1.57282760e+00 
 2.30409298e+04  2.30409298e+04  0.00000000e+00  6.92398702e+01  1.57276997e+00 
 2.37137371e+04  2.37137371e+04  0.00000000e+00  6.89898712e+01  1.57271396e+00 
 2.44061907e+04  2.44061907e+04  0.00000000e+00  6.87398721e+01  1.57265955e+00 
 2.51188643e+04  2.51188643e+04  0.00000000e+00  6.84898729e+01  1.57260667e+00 
 2.58523484e+04  2.58523484e+04  0.00000000e+00  6.82398737e+01  1.57255530e+00 
 2.66072506e+04  2.66072506e+04  0.00000000e+00  6.79898744e+01  1.57250539e+00 
 2.73841963e+04  2.73841963e+04  0.00000000e+00  6.77398752e+01  1.57245689e+00 
 2.81838293e+04  2.81838293e+04  0.00000000e+00  6.74898758e+01  1.57240977e+00 
 2.90068120e+04  2.90068120e+04  0.00000000e+00  6.72398765e+01  1.57236398e+00 
 2.98538262e+04  2.98538262e+04  0.00000000e+00  6.69898771e+01  1.57231949e+00 
 3.07255737e+04  3.07255737e+04  0.00000000e+00  6.67398776e+01  1.57227627e+00 
 3.16227766e+04  3.16227766e+04  0.00000000e+00  6.64898782e+01  1.57223427e+00 
 3.25461783e+04  3.25461783e+04  0.00000000e+00  6.62398787e+01  1.57219346e+00 
 3.34965439e+04  3.34965439e+04  0.00000000e+00  6.59898791e+01  1.57215381e+00 
 3.44746607e+04  3.44746607e+04  0.00000000e+00  6.57398796e+01  1.57211528e+00 
 3.54813389e+04  3.54813389e+04  0.00000000e+00  6.54898800e+01  1.57207785e+00 
 3.65174127e+04  3.65174127e+04  0.00000000e+00  6.52398804e+01  1.57204148e+00 
 3.75837404e+04  3.75837404e+04  0.00000000e+00  6.49898808e+01  1.57200614e+00 
 3.86812055e+04  3.86812055e+04  0.00000000e+00  6.47398811e+01  1.57197180e+00 
 3.98107171e+04  3.98107171e+04  0.00000000e+00  6.44898815e+01  1.57193844e+00 
 4.09732110e+04  4.09732110e+04  0.00000000e+00  6.42398818e+01  1.57190602e+00 
 4.21696503e+04  4.21696503e+04  0.00000000e+00  6.39898821e+01  1.57187452e+00 
 4.34010264e+04  4.34010264e+04  0.00000000e+00  6.37398824e+01  1.57184391e+00 
 4.46683592e+04  4.46683592e+04  0.00000000e+00  6.34898826e+01  1.57181418e+00 
 4.59726989e+04  4.59726989e+04  0.00000000e+00  6.32398829e+01  1.57178528e+00 
 4.73151259e+04  4.73151259e+04  0.00000000e+00  6.29898831e+01  1.57175721e+00 
 4.86967525e+04  4.86967525e+04  0.00000000e+00  6.27398833e+01  1.57172993e+00 
 5.01187234e+04  5.01187234e+04  0.00000000e+00  6.24898836e+01  1.57170343e+00 
 5.15822165e+04  5.15822165e+04  0.00000000e+00  6.22398838e+01  1.57167767e+00 
 5.30884444e+04  5.30884444e+04  0.00000000e+00  6.19898839e+01  1.57165265e+00 
 5.46386550e+04  5.46386550e+04  0.00000000e+00  6.17398841e+01  1.57162833e+00 
 5.62341325e+04  5.62341325e+04  0.00000000e+00  6.14898843e+01  1.57160471e+00 
 5.78761988e+04  5.78761988e+04  0.00000000e+00  6.12398845e+01  1.57158176e+00 
 5.95662144e+04  5.95662144e+04  0.00000000e+00  6.09898846e+01  1.57155945e+00 
 6.13055792e+04  6.13055792e+04  0.00000000e+00  6.07398847e+01  1.57153778e+00 
 6.30957344e+04  6.30957344e+04  0.00000000e+00  6.04898849e+01  1.57151672e+00 
 6.49381632e+04  6.49381632e+04  0.00000000e+00  6.02398850e+01  1.57149626e+00 
 6.68343918e+04  6.68343918e+04  0.00000000e+00  5.99898851e+01  1.57147638e+00 
 6.87859912e+04  6.87859912e+04  0.00000000e+00  5.97398852e+01  1.57145706e+00 
 7.07945784e+04  7.07945784e+04  0.00000000e+00  5.94898853e+01  1.57143829e+00 
 7.28618175e+04  7.28618175e+04  0.00000000e+00  5.92398854e+01  1.57142005e+00 
 7.49894209e+04  7.49894209e+04  0.00000000e+00  5.89898855e+01  1.57140233e+00 
 7.71791516e+04  7.71791516e+04  0.00000000e+00  5.87398856e+01  1.57138511e+00 
 7.94328235e+04  7.94328235e+04  0.00000000e+00  5.84898857e+01  1.57136838e+00 
 8.17523038e+04  8.17523038e+04  0.00000000e+00  5.82398858e+01  1.57135212e+00 
 8.41395142e+04  8.41395142e+04  0.00000000e+00  5.79898859e+01  1.57133633e+00 
 8.65964323e+04  8.65964323e+04  0.00000000e+00  5.77398859e+01  1.57132098e+00 
 8.91250938e+04  8.91250938e+04  0.00000000e+00  5.74898860e+01  1.57130606e+00 
 9.17275935e+04  9.17275935e+04  0.00000000e+00  5.72398861e+01  1.57129157e+00 
 9.44060876e+04  9.44060876e+04  0.00000000e+00  5.69898861e+01  1.57127749e+00 
 9.71627952e+04  9.71627952e+04  0.00000000e+00  5.67398862e+01  1.57126380e+00 
 1.00000000e+05  1.00000000e+05  0.00000000e+00  5.64898862e+01  1.57125050e+00 
 1.02920053e+05  1.02920053e+05  0.00000000e+00  5.62398863e+01  1.57123758e+00 
 1.05925373e+05  1.05925373e+05  0.00000000e+00  5.59898863e+01  1.57122503e+00 
 1.09018449e+05  1.09018449e+05  0.00000000e+00  5.57398864e+01  1.57121283e+00 
 1.12201845e+05  1.12201845e+05  0.00000000e+00  5.54898864e+01  1.57120097e+00 
 1.15478198e+05  1.15478198e+05  0.00000000e+00  5.52398865e+01  1.57118946e+00 
 1.18850223e+05  1.18850223e+05  0.00000000e+00  5.49898865e+01  1.57117826e+00 
 1.22320712e+05  1.22320712e+05  0.00000000e+00  5.47398865e+01  1.57116738e+00 
 1.25892541e+05  1.25892541e+05  0.00000000e+00  5.44898866e+01  1.57115681e+00 
 1.29568670e+05  1.29568670e+05  0.00000000e+00  5.42398866e+01  1.57114654e+00 
 1.33352143e+05  1.33352143e+05  0.00000000e+00  5.39898866e+01  1.57113656e+00 
 1.37246096e+05  1.37246096e+05  0.00000000e+00  5.37398867e+01  1.57112686e+00 
 1.41253754e+05  1.41253754e+05  0.00000000e+00  5.34898867e+01  1.57111744e+00 
 1.45378439e+05  1.45378439e+05  0.00000000e+00  5.32398867e+01  1.57110828e+00 
 1.49623566e+05  1.49623566e+05  0.00000000e+00  5.29898867e+01  1.57109938e+00 
 1.53992653e+05  1.53992653e+05  0.00000000e+00  5.27398868e+01  1.57109073e+00 
 1.58489319e+05  1.58489319e+05  0.00000000e+00  5.24898868e+01  1.57108232e+00 
 1.63117291e+05  1.63117291e+05  0.00000000e+00  5.22398868e+01  1.57107415e+00 
 1.67880402e+05  1.67880402e+05  0.00000000e+00  5.19898868e+01  1.57106621e+00 
 1.72782598e+05  1.72782598e+05  0.00000000e+00  5.17398868e+01  1.57105850e+00 
 1.77827941e+05  1.77827941e+05  0.00000000e+00  5.14898868e+01  1.57105100e+00 
 1.83020611e+05  1.83020611e+05  0.00000000e+00  5.12398869e+01  1.57104371e+00 
 1.88364909e+05  1.88364909e+05  0.00000000e+00  5.09898869e+01  1.57103663e+00 
 1.93865264e+05  1.93865264e+05  0.00000000e+00  5.07398869e+01  1.57102975e+00 
 1.99526231e+05  1.99526231e+05  0.00000000e+00  5.04898869e+01  1.57102306e+00 
 2.05352503e+05  2.05352503e+05  0.00000000e+00  5.02398869e+01  1.57101656e+00 
 2.11348904e+05  2.11348904e+05  0.00000000e+00  4.99898869e+01  1.57101024e+00 
 2.17520403e+05  2.17520403e+05  0.00000000e+00  4.97398869e+01  1.57100410e+00 
 2.23872114e+05  2.23872114e+05  0.00000000e+00  4.94898870e+01  1.57099813e+00 
 2.30409298e+05  2.30409298e+05  0.00000000e+00  4.92398870e+01  1.57099232e+00 
 2.37137371e+05  2.37137371e+05  0.00000000e+00  4.89898870e+01  1.57098668e+00 
 2.44061907e+05  2.44061907e+05  0.00000000e+00  4.87398870e+01  1.57098120e+00 
 2.51188643e+05  2.51188643e+05  0.00000000e+00  4.84898870e+01  1.57097587e+00 
 2.58523484e+05  2.58523484e+05  0.00000000e+00  4.82398870e+01  1.57097069e+00 
 2.66072506e+05  2.66072506e+05  0.00000000e+00  4.79898870e+01  1.57096565e+00 
 2.73841963e+05  2.73841963e+05  0.00000000e+00  4.77398870e+01  1.57096076e+00 
 2.81838293e+05  2.81838293e+05  0.00000000e+00  4.74898870e+01  1.57095600e+00 
 2.90068120e+05  2.90068120e+05  0.00000000e+00  4.72398870e+01  1.57095137e+00 
 2.98538262e+05  2.98538262e+05  0.00000000e+00  4.69898870e+01  1.57094687e+00 
 3.07255737e+05  3.07255737e+05  0.00000000e+00  4.67398870e+01  1.57094250e+00 
 3.16227766e+05  3.16227766e+05  0.00000000e+00  4.64898870e+01  1.57093824e+00 
 3.25461783e+05  3.25461783e+05  0.00000000e+00  4.62398870e+01  1.57093411e+00 
 3.34965439e+05  3.34965439e+05  0.00000000e+00  4.59898871e+01  1.57093009e+00 
 3.44746607e+05  3.44746607e+05  0.00000000e+00  4.57398871e+01  1.57092618e+00 
 3.54813389e+05  3.54813389e+05  0.00000000e+00  4.54898871e+01  1.57092237e+00 
 3.65174127e+05  3.65174127e+05  0.00000000e+00  4.52398871e+01  1.57091867e+00 
 3.75837404e+05  3.75837404e+05  0.00000000e+00  4.49898871e+01  1.57091508e+00 
 3.86812055e+05  3.86812055e+05  0.00000000e+00  4.47398871e+01  1.57091158e+00 
 3.98107171e+05  3.98107171e+05  0.00000000e+00  4.44898871e+01  1.57090817e+00 
 4.09732110e+05  4.09732110e+05  0.00000000e+00  4.42398871e+01  1.57090486e+00 
 4.21696503e+05  4.21696503e+05  0.00000000e+00  4.39898871e+01  1.57090164e+00 
 4.34010264e+05  4.34010264e+05  0.00000000e+00  4.37398871e+01  1.57089851e+00 
 4.46683592e+05  4.46683592e+05  0.00000000e+00  4.34898871e+01  1.57089546e+00 
 4.59726989e+05  4.59726989e+05  0.00000000e+00  4.32398871e+01  1.57089249e+00 
 4.73151259e+05  4.73151259e+05  0.00000000e+00  4.29898871e+01  1.57088961e+00 
 4.86967525e+05  4.86967525e+05  0.00000000e+00  4.27398871e+01  1.57088680e+00 
 5.01187234e+05  5.01187234e+05  0.00000000e+00  4.24898871e+01  1.57088406e+00 
 5.15822165e+05  5.15822165e+05  0.00000000e+00  4.22398871e+01  1.57088140e+00 
 5.30884444e+05  5.30884444e+05  0.00000000e+00  4.19898871e+01  1.57087881e+00 
 5.46386550e+05  5.46386550e+05  0.00000000e+00  4.17398871e+01  1.57087628e+00 
 5.62341325e+05  5.62341325e+05  0.00000000e+00  4.14898871e+01  1.57087383e+00 
 5.78761988e+05  5.78761988e+05  0.00000000e+00  4.12398871e+01  1.57087143e+00 
 5.95662144e+05  5.95662144e+05  0.00000000e+00  4.09898871e+01  1.57086910e+00 
 6.13055792e+05  6.13055792e+05  0.00000000e+00  4.07398871e+01  1.57086683e+00 
 6.30957344e+05  6.30957344e+05  0.00000000e+00  4.04898871e+01  1.57086462e+00 
 6.49381632e+05  6.49381632e+05  0.00000000e+00  4.02398871e+01  1.57086247e+00 
 6.68343918e+05  6.68343918e+05  0.00000000e+00  3.99898871e+01  1.57086037e+00 
 6.87859912e+05  6.87859912e+05  0.00000000e+00  3.97398871e+01  1.57085832e+00 
 7.07945784e+05  7.07945784e+05  0.00000000e+00  3.94898871e+01  1.57085632e+00 
 7.28618175e+05  7.28618175e+05  0.00000000e+00  3.92398871e+01  1.57085437e+00 
 7.49894209e+05  7.49894209e+05  0.00000000e+00  3.89898871e+01  1.57085248e+00 
 7.71791516e+05  7.71791516e+05  0.00000000e+00  3.87398871e+01  1.57085062e+00 
 7.94328235e+05  7.94328235e+05  0.00000000e+00  3.84898871e+01  1.57084882e+00 
 8.17523038e+05  8.17523038e+05  0.00000000e+00  3.82398871e+01  1.57084705e+00 
 8.41395142e+05  8.41395142e+05  0.00000000e+00  3.79898871e+01  1.57084533e+00 
 8.65964323e+05  8.65964323e+05  0.00000000e+00  3.77398871e+01  1.57084365e+00 
 8.91250938e+05  8.91250938e+05  0.00000000e+00  3.74898871e+01  1.57084201e+00 
 9.17275935e+05  9.17275935e+05  0.00000000e+00  3.72398871e+01  1.57084041e+00 
 9.44060876e+05  9.44060876e+05  0.00000000e+00  3.69898871e+01  1.57083884e+00 
 9.71627952e+05  9.71627952e+05  0.00000000e+00  3.67398871e+01  1.57083731e+00 
 1.00000000e+06  1.00000000e+06  0.00000000e+00  3.64898871e+01  1.57083581e+00 
 1.02920053e+06  1.02920053e+06  0.00000000e+00  3.62398871e+01  1.57083434e+00 
 1.05925373e+06  1.05925373e+06  0.00000000e+00  3.59898871e+01  1.57083291e+00 
 1.09018449e+06  1.09018449e+06  0.00000000e+00  3.57398871e+01  1.57083151e+00 
 1.12201845e+06  1.12201845e+06  0.00000000e+00  3.54898871e+01  1.57083013e+00 
 1.15478198e+06  1.15478198e+06  0.00000000e+00  3.52398871e+01  1.57082879e+00 
 1.18850223e+06  1.18850223e+06  0.00000000e+00  3.49898871e+01  1.57082747e+00 
 1.22320712e+06  1.22320712e+06  0.00000000e+00  3.47398871e+01  1.57082617e+00 
 1.25892541e+06  1.25892541e+06  0.00000000e+00  3.44898871e+01  1.57082490e+00 
 1.29568670e+06  1.29568670e+06  0.00000000e+00  3.42398871e+01  1.57082366e+00 
 1.33352143e+06  1.33352143e+06  0.00000000e+00  3.39898871e+01  1.57082244e+00 
 1.37246096e+06  1.37246096e+06  0.00000000e+00  3.37398871e+01  1.57082123e+00 
 1.41253754e+06  1.41253754e+06  0.00000000e+00  3.34898871e+01  1.57082005e+00 
 1.45378439e+06  1.45378439e+06  0.00000000e+00  3.32398871e+01  1.57081889e+00 
 1.49623566e+06  1.49623566e+06  0.00000000e+00  3.29898871e+01  1.57081775e+00 
 1.53992653e+06  1.53992653e+06  0.00000000e+00  3.27398871e+01  1.57081663e+00 
 1.58489319e+06  1.58489319e+06  0.00000000e+00  3.24898871e+01  1.57081552e+00 
 1.63117291e+06  1.63117291e+06  0.00000000e+00  3.22398871e+01  1.57081443e+00 
 1.67880402e+06  1.67880402e+06  0.00000000e+00  3.19898871e+01  1.57081335e+00 
 1.72782598e+06  1.72782598e+06  0.00000000e+00  3.17398871e+01  1.57081229e+00 
 1.77827941e+06  1.77827941e+06  0.00000000e+00  3.14898871e+01  1.57081124e+00 
 1.83020611e+06  1.83020611e+06  0.00000000e+00  3.12398871e+01  1.57081020e+00 
 1.88364909e+06  1.88364909e+06  0.00000000e+00  3.09898871e+01  1.57080918e+00 
 1.93865264e+06  1.93865264e+06  0.00000000e+00  3.07398871e+01  1.57080816e+00 
 1.99526231e+06  1.99526231e+06  0.00000000e+00  3.04898871e+01  1.57080716e+00 
 2.05352503e+06  2.05352503e+06  0.00000000e+00  3.02398871e+01  1.57080616e+00 
 2.11348904e+06  2.11348904e+06  0.00000000e+00  2.99898871e+01  1.57080517e+00 
 2.17520403e+06  2.17520403e+06  0.00000000e+00  2.97398871e+01  1.57080419e+00 
 2.23872114e+06  2.23872114e+06  0.00000000e+00  2.94898871e+01  1.57080322e+00 
 2.30409298e+06  2.30409298e+06  0.00000000e+00  2.92398871e+01  1.57080225e+00 
 2.37137371e+06  2.37137371e+06  0.00000000e+00  2.89898871e+01  1.57080129e+00 
 2.44061907e+06  2.44061907e+06  0.00000000e+00  2.87398871e+01  1.57080033e+00 
 2.51188643e+06  2.51188643e+06  0.00000000e+00  2.84898871e+01  1.57079937e+00 
 2.58523484e+06  2.58523484e+06  0.00000000e+00  2.82398871e+01  1.57079842e+00 
 2.66072506e+06  2.66072506e+06  0.00000000e+00  2.79898871e+01  1.57079747e+00 
 2.73841963e+06  2.73841963e+06  0.00000000e+00  2.77398871e+01  1.57079652e+00 
 2.81838293e+06  2.81838293e+06  0.00000000e+00  2.74898871e+01  1.57079557e+00 
 2.90068120e+06  2.90068120e+06  0.00000000e+00  2.72398871e+01  1.57079461e+00 
 2.98538262e+06  2.98538262e+06  0.00000000e+00  2.69898871e+01  1.57079366e+00 
 3.07255737e+06  3.07255737e+06  0.00000000e+00  2.67398871e+01  1.57079271e+00 
 3.16227766e+06  3.16227766e+06  0.00000000e+00  2.64898871e+01  1.57079175e+00 
 3.25461783e+06  3.25461783e+06  0.00000000e+00  2.62398871e+01  1.57079079e+00 
 3.34965439e+06  3.34965439e+06  0.00000000e+00  2.59898871e+01  1.57078982e+00 
 3.44746607e+06  3.44746607e+06  0.00000000e+00  2.57398871e+01  1.57078885e+00 
 3.54813389e+06  3.54813389e+06  0.00000000e+00  2.54898871e+01  1.57078787e+00 
 3.65174127e+06  3.65174127e+06  0.00000000e+00  2.52398871e+01  1.57078689e+00 
 3.75837404e+06  3.75837404e+06  0.00000000e+00  2.49898871e+01  1.57078589e+00 
 3.86812055e+06  3.86812055e+06  0.00000000e+00  2.47398871e+01  1.57078489e+00 
 3.98107171e+06  3.98107171e+06  0.00000000e+00  2.44898871e+01  1.57078388e+00 
 4.09732110e+06  4.09732110e+06  0.00000000e+00  2.42398871e+01  1.57078286e+00 
 4.21696503e+06  4.21696503e+06  0.00000000e+00  2.39898871e+01  1.57078183e+00 
 4.34010264e+06  4.34010264e+06  0.00000000e+00  2.37398871e+01  1.57078078e+00 
 4.46683592e+06  4.46683592e+06  0.00000000e+00  2.34898871e+01  1.57077973e+00 
 4.59726989e+06  4.59726989e+06  0.00000000e+00  2.32398871e+01  1.57077866e+00 
 4.73151259e+06  4.73151259e+06  0.00000000e+00  2.29898871e+01  1.57077757e+00 
 4.86967525e+06  4.86967525e+06  0.00000000e+00  2.27398871e+01  1.57077647e+00 
 5.01187234e+06  5.01187234e+06  0.00000000e+00  2.24898871e+01  1.57077535e+00 
 5.15822165e+06  5.15822165e+06  0.00000000e+00  2.22398871e+01  1.57077422e+00 
 5.30884444e+06  5.30884444e+06  0.00000000e+00  2.19898871e+01  1.57077306e+00 
 5.46386550e+06  5.46386550e+06  0.00000000e+00  2.17398871e+01  1.57077189e+00 
 5.62341325e+06  5.62341325e+06  0.00000000e+00  2.14898871e+01  1.57077070e+00 
 5.78761988e+06  5.78761988e+06  0.00000000e+00  2.12398871e+01  1.57076949e+00 
 5.95662144e+06  5.95662144e+06  0.00000000e+00  2.09898871e+01  1.57076825e+00 
 6.13055792e+06  6.13055792e+06  0.00000000e+00  2.07398871e+01  1.57076699e+00 
 6.30957344e+06  6.30957344e+06  0.00000000e+00  2.04898871e+01  1.57076571e+00 
 6.49381632e+06  6.49381632e+06  0.00000000e+00  2.02398871e+01  1.57076440e+00 
 6.68343918e+06  6.68343918e+06  0.00000000e+00  1.99898871e+01  1.57076306e+00 
 6.87859912e+06  6.87859912e+06  0.00000000e+00  1.97398871e+01  1.57076170e+00 
 7.07945784e+06  7.07945784e+06  0.00000000e+00  1.94898871e+01  1.57076031e+00 
 7.28618175e+06  7.28618175e+06  0.00000000e+00  1.92398871e+01  1.57075888e+00 
 7.49894209e+06  7.49894209e+06  0.00000000e+00  1.89898871e+01  1.57075743e+00 
 7.71791516e+06  7.71791516e+06  0.00000000e+00  1.87398871e+01  1.57075595e+00 
 7.94328235e+06  7.94328235e+06  0.00000000e+00  1.84898871e+01  1.57075443e+00 
 8.17523038e+06  8.17523038e+06  0.00000000e+00  1.82398871e+01  1.57075288e+00 
 8.41395142e+06  8.41395142e+06  0.00000000e+00  1.79898871e+01  1.57075129e+00 
 8.65964323e+06  8.65964323e+06  0.00000000e+00  1.77398871e+01  1.57074966e+00 
 8.91250938e+06  8.91250938e+06  0.00000000e+00  1.74898871e+01  1.57074799e+00 
 9.17275935e+06  9.17275935e+06  0.00000000e+00  1.72398871e+01  1.57074629e+00 
 9.44060876e+06  9.44060876e+06  0.00000000e+00  1.69898871e+01  1.57074454e+00 
 9.71627952e+06  9.71627952e+06  0.00000000e+00  1.67398871e+01  1.57074275e+00 
 1.00000000e+07  1.00000000e+07  0.00000000e+00  1.64898871e+01  1.57074092e+00 
 1.02920053e+07  1.02920053e+07  0.00000000e+00  1.62398871e+01  1.57073904e+00 
 1.05925373e+07  1.05925373e+07  0.00000000e+00  1.59898872e+01  1.57073711e+00 
 1.09018449e+07  1.09018449e+07  0.00000000e+00  1.57398872e+01  1.57073514e+00 
 1.12201845e+07  1.12201845e+07  0.00000000e+00  1.54898872e+01  1.57073311e+00 
 1.15478198e+07  1.15478198e+07  0.00000000e+00  1.52398872e+01  1.57073103e+00 
 1.18850223e+07  1.18850223e+07  0.00000000e+00  1.49898872e+01  1.57072890e+00 
 1.22320712e+07  1.22320712e+07  0.00000000e+00  1.47398872e+01  1.57072671e+00 
 1.25892541e+07  1.25892541e+07  0.00000000e+00  1.44898872e+01  1.57072446e+00 
 1.29568670e+07  1.29568670e+07  0.00000000e+00  1.42398872e+01  1.57072215e+00 
 1.33352143e+07  1.33352143e+07  0.00000000e+00  1.39898872e+01  1.57071979e+00 
 1.37246096e+07  1.37246096e+07  0.00000000e+00  1.37398872e+01  1.57071736e+00 
 1.41253754e+07  1.41253754e+07  0.00000000e+00  1.34898872e+01  1.57071486e+00 
 1.45378439e+07  1.45378439e+07  0.00000000e+00  1.32398872e+01  1.57071229e+00 
 1.49623566e+07  1.49623566e+07  0.00000000e+00  1.29898872e+01  1.57070966e+00 
 1.53992653e+07  1.53992653e+07  0.00000000e+00  1.27398872e+01  1.57070695e+00 
 1.58489319e+07  1.58489319e+07  0.00000000e+00  1.24898872e+01  1.57070417e+00 
 1.63117291e+07  1.63117291e+07  0.00000000e+00  1.22398872e+01  1.57070132e+00 
 1.67880402e+07  1.67880402e+07  0.00000000e+00  1.19898872e+01  1.57069838e+00 
 1.72782598e+07  1.72782598e+07  0.00000000e+00  1.17398872e+01  1.57069537e+00 
 1.77827941e+07  1.77827941e+07  0.00000000e+00  1.14898872e+01  1.57069227e+00 
 1.83020611e+07  1.83020611e+07  0.00000000e+00  1.12398872e+01  1.57068908e+00 
 1.88364909e+07  1.88364909e+07  0.00000000e+00  1.09898872e+01  1.57068581e+00 
 1.93865264e+07  1.93865264e+07  0.00000000e+00  1.07398872e+01  1.57068244e+00 
 1.99526231e+07  1.99526231e+07  0.00000000e+00  1.04898872e+01  1.57067898e+00 
 2.05352503e+07  2.05352503e+07  0.00000000e+00  1.02398872e+01  1.57067542e+00 
 2.11348904e+07  2.11348904e+07  0.00000000e+00  9.98988720e+00  1.57067177e+00 
 2.17520403e+07  2.17520403e+07  0.00000000e+00  9.73988721e+00  1.57066800e+00 
 2.23872114e+07  2.23872114e+07  0.00000000e+00  9.48988721e+00  1.57066414e+00 
 2.30409298e+07  2.30409298e+07  0.00000000e+00  9.23988722e+00  1.57066016e+00 
 2.37137371e+07  2.37137371e+07  0.00000000e+00  8.98988722e+00  1.57065607e+00 
 2.44061907e+07  2.44061907e+07  0.00000000e+00  8.73988723e+00  1.57065186e+00 
 2.51188643e+07  2.51188643e+07  0.00000000e+00  8.48988723e+00  1.57064754e+00 
 2.58523484e+07  2.58523484e+07  0.00000000e+00  8.23988724e+00  1.57064309e+00 
 2.66072506e+07  2.66072506e+07  0.00000000e+00  7.98988724e+00  1.57063851e+00 
 2.73841963e+07  2.73841963e+07  0.00000000e+00  7.73988725e+00  1.57063381e+00 
 2.81838293e+07  2.81838293e+07  0.00000000e+00  7.48988726e+00  1.57062897e+00 
 2.90068120e+07  2.90068120e+07  0.00000000e+00  7.23988726e+00  1.57062399e+00 
 2.98538262e+07  2.98538262e+07  0.00000000e+00  6.98988727e+00  1.57061886e+00 
 3.07255737e+07  3.07255737e+07  0.00000000e+00  6.73988728e+00  1.57061359e+00 
 3.16227766e+07  3.16227766e+07  0.00000000e+00  6.48988729e+00  1.57060817e+00 
 3.25461783e+07  3.25461783e+07  0.00000000e+00  6.23988730e+00  1.57060260e+00 
 3.34965439e+07  3.34965439e+07  0.00000000e+00  5.98988731e+00  1.57059686e+00 
 3.44746607e+07  3.44746607e+07  0.00000000e+00  5.73988732e+00  1.57059095e+00 
 3.54813389e+07  3.54813389e+07  0.00000000e+00  5.48988733e+00  1.57058488e+00 
 3.65174127e+07  3.65174127e+07  0.00000000e+00  5.23988734e+00  1.57057863e+00 
 3.75837404e+07  3.75837404e+07  0.00000000e+00  4.98988735e+00  1.57057221e+00 
 3.86812055e+07  3.86812055e+07  0.00000000e+00  4.73988737e+00  1.57056559e+00 
 3.98107171e+07  3.98107171e+07  0.00000000e+00  4.48988738e+00  1.57055879e+00 
 4.09732110e+07  4.09732110e+07  0.00000000e+00  4.23988739e+00  1.57055178e+00 
 4.21696503e+07  4.21696503e+07  0.00000000e+00  3.98988741e+00  1.57054458e+00 
 4.34010264e+07  4.34010264e+07  0.00000000e+00  3.73988743e+00  1.57053717e+00 
 4.46683592e+07  4.46683592e+07  0.00000000e+00  3.48988744e+00  1.57052954e+00 
 4.59726989e+07  4.59726989e+07  0.00000000e+00  3.23988746e+00  1.57052169e+00 
 4.73151259e+07  4.73151259e+07  0.00000000e+00  2.98988748e+00  1.57051361e+00 
 4.86967525e+07  4.86967525e+07  0.00000000e+00  2.73988750e+00  1.57050530e+00 
 5.01187234e+07  5.01187234e+07  0.00000000e+00  2.48988752e+00  1.57049675e+00 
 5.15822165e+07  5.15822165e+07  0.00000000e+00  2.23988755e+00  1.57048795e+00 
 5.30884444e+07  5.30884444e+07  0.00000000e+00  1.98988757e+00  1.57047889e+00 
 5.46386550e+07  5.46386550e+07  0.00000000e+00  1.73988760e+00  1.57046958e+00 
 5.62341325e+07  5.62341325e+07  0.00000000e+00  1.48988763e+00  1.57045999e+00 
 5.78761988e+07  5.78761988e+07  0.00000000e+00  1.23988766e+00  1.57045012e+00 
 5.95662144e+07  5.95662144e+07  0.00000000e+00  9.89887686e-01  1.57043996e+00 
 6.13055792e+07  6.13055792e+07  0.00000000e+00  7.39887719e-01  1.57042951e+00 
 6.30957344e+07  6.30957344e+07  0.00000000e+00  4.89887754e-01  1.57041876e+00 
 6.49381632e+07  6.49381632e+07  0.00000000e+00  2.39887791e-01  1.57040769e+00 
 6.68343918e+07  6.68343918e+07  0.00000000e+00 -1.01121703e-02  1.57039631e+00 
 6.87859912e+07  6.87859912e+07  0.00000000e+00 -2.60112129e-01  1.57038459e+00 
 7.07945784e+07  7.07945784e+07  0.00000000e+00 -5.10112085e-01  1.57037252e+00 
 7.28618175e+07  7.28618175e+07  0.00000000e+00 -7.60112039e-01  1.57036011e+00 
 7.49894209e+07  7.49894209e+07  0.00000000e+00 -1.01011199e+00  1.57034734e+00 
 7.71791516e+07  7.71791516e+07  0.00000000e+00 -1.26011194e+00  1.57033419e+00 
 7.94328235e+07  7.94328235e+07  0.00000000e+00 -1.51011188e+00  1.57032066e+00 
 8.17523038e+07  8.17523038e+07  0.00000000e+00 -1.76011182e+00  1.57030674e+00 
 8.41395142e+07  8.41395142e+07  0.00000000e+00 -2.01011176e+00  1.57029241e+00 
 8.65964323e+07  8.65964323e+07  0.00000000e+00 -2.26011170e+00  1.57027767e+00 
 8.91250938e+07  8.91250938e+07  0.00000000e+00 -2.51011163e+00  1.57026249e+00 
 9.17275935e+07  9.17275935e+07  0.00000000e+00 -2.76011155e+00  1.57024687e+00 
 9.44060876e+07  9.44060876e+07  0.00000000e+00 -3.01011148e+00  1.57023080e+00 
 9.71627952e+07  9.71627952e+07  0.00000000e+00 -3.26011139e+00  1.57021426e+00 
 1.00000000e+08  1.00000000e+08  0.00000000e+00 -3.51011131e+00  1.57019724e+00 
 1.02920053e+08  1.02920053e+08  0.00000000e+00 -3.76011122e+00  1.57017972e+00 
 1.05925373e+08  1.05925373e+08  0.00000000e+00 -4.01011112e+00  1.57016169e+00 
 1.09018449e+08  1.09018449e+08  0.00000000e+00 -4.26011101e+00  1.57014313e+00 
 1.12201845e+08  1.12201845e+08  0.00000000e+00 -4.51011090e+00  1.57012403e+00 
 1.15478198e+08  1.15478198e+08  0.00000000e+00 -4.76011079e+00  1.57010438e+00 
 1.18850223e+08  1.18850223e+08  0.00000000e+00 -5.01011066e+00  1.57008415e+00 
 1.22320712e+08  1.22320712e+08  0.00000000e+00 -5.26011053e+00  1.57006333e+00 
 1.25892541e+08  1.25892541e+08  0.00000000e+00 -5.51011040e+00  1.57004191e+00 
 1.29568670e+08  1.29568670e+08  0.00000000e+00 -5.76011025e+00  1.57001986e+00 
 1.33352143e+08  1.33352143e+08  0.00000000e+00 -6.01011009e+00  1.56999716e+00 
 1.37246096e+08  1.37246096e+08  0.00000000e+00 -6.26010993e+00  1.56997381e+00 
 1.41253754e+08  1.41253754e+08  0.00000000e+00 -6.51010976e+00  1.56994977e+00 
 1.45378439e+08  1.45378439e+08  0.00000000e+00 -6.76010957e+00  1.56992503e+00 
 1.49623566e+08  1.49623566e+08  0.00000000e+00 -7.01010938e+00  1.56989957e+00 
 1.53992653e+08  1.53992653e+08  0.00000000e+00 -7.26010917e+00  1.56987337e+00 
 1.58489319e+08  1.58489319e+08  0.00000000e+00 -7.51010895e+00  1.56984640e+00 
 1.63117291e+08  1.63117291e+08  0.00000000e+00 -7.76010872e+00  1.56981864e+00 
 1.67880402e+08  1.67880402e+08  0.00000000e+00 -8.01010847e+00  1.56979008e+00 
 1.72782598e+08  1.72782598e+08  0.00000000e+00 -8.26010821e+00  1.56976068e+00 
 1.77827941e+08  1.77827941e+08  0.00000000e+00 -8.51010794e+00  1.56973042e+00 
 1.83020611e+08  1.83020611e+08  0.00000000e+00 -8.76010764e+00  1.56969929e+00 
 1.88364909e+08  1.88364909e+08  0.00000000e+00 -9.01010733e+00  1.56966724e+00 
 1.93865264e+08  1.93865264e+08  0.00000000e+00 -9.26010701e+00  1.56963425e+00 
 1.99526231e+08  1.99526231e+08  0.00000000e+00 -9.51010666e+00  1.56960031e+00 
 2.05352503e+08  2.05352503e+08  0.00000000e+00 -9.76010629e+00  1.56956537e+00 
 2.11348904e+08  2.11348904e+08  0.00000000e+00 -1.00101059e+01  1.56952941e+00 
 2.17520403e+08  2.17520403e+08  0.00000000e+00 -1.02601055e+01  1.56949240e+00 
 2.23872114e+08  2.23872114e+08  0.00000000e+00 -1.05101051e+01  1.56945432e+00 
 2.30409298e+08  2.30409298e+08  0.00000000e+00 -1.07601046e+01  1.56941512e+00 
 2.37137371e+08  2.37137371e+08  0.00000000e+00 -1.10101041e+01  1.56937477e+00 
 2.44061907e+08  2.44061907e+08  0.00000000e+00 -1.12601036e+01  1.56933325e+00 
 2.51188643e+08  2.51188643e+08  0.00000000e+00 -1.15101030e+01  1.56929052e+00 
 2.58523484e+08  2.58523484e+08  0.00000000e+00 -1.17601024e+01  1.56924654e+00 
 2.66072506e+08  2.66072506e+08  0.00000000e+00 -1.20101018e+01  1.56920128e+00 
 2.73841963e+08  2.73841963e+08  0.00000000e+00 -1.22601012e+01  1.56915469e+00 
 2.81838293e+08  2.81838293e+08  0.00000000e+00 -1.25101005e+01  1.56910674e+00 
 2.90068120e+08  2.90068120e+08  0.00000000e+00 -1.27600997e+01  1.56905740e+00 
 2.98538262e+08  2.98538262e+08  0.00000000e+00 -1.30100990e+01  1.56900661e+00 
 3.07255737e+08  3.07255737e+08  0.00000000e+00 -1.32600981e+01  1.56895434e+00 
 3.16227766e+08  3.16227766e+08  0.00000000e+00 -1.35100973e+01  1.56890055e+00 
 3.25461783e+08  3.25461783e+08  0.00000000e+00 -1.37600964e+01  1.56884518e+00 
 3.34965439e+08  3.34965439e+08  0.00000000e+00 -1.40100954e+01  1.56878820e+00 
 3.44746607e+08  3.44746607e+08  0.00000000e+00 -1.42600943e+01  1.56872955e+00 
 3.54813389e+08  3.54813389e+08  0.00000000e+00 -1.45100932e+01  1.56866919e+00 
 3.65174127e+08  3.65174127e+08  0.00000000e+00 -1.47600921e+01  1.56860707e+00 
 3.75837404e+08  3.75837404e+08  0.00000000e+00 -1.50100908e+01  1.56854314e+00 
 3.86812055e+08  3.86812055e+08  0.00000000e+00 -1.52600895e+01  1.56847734e+00 
 3.98107171e+08  3.98107171e+08  0.00000000e+00 -1.55100882e+01  1.56840961e+00 
 4.09732110e+08  4.09732110e+08  0.00000000e+00 -1.57600867e+01  1.56833992e+00 
 4.21696503e+08  4.21696503e+08  0.00000000e+00 -1.60100851e+01  1.56826818e+00 
 4.34010264e+08  4.34010264e+08  0.00000000e+00 -1.62600835e+01  1.56819435e+00 
 4.46683592e+08  4.46683592e+08  0.00000000e+00 -1.65100818e+01  1.56811837e+00 
 4.59726989e+08  4.59726989e+08  0.00000000e+00 -1.67600799e+01  1.56804016e+00 
 4.73151259e+08  4.73151259e+08  0.00000000e+00 -1.70100780e+01  1.56795968e+00 
 4.86967525e+08  4.86967525e+08  0.00000000e+00 -1.72600759e+01  1.56787684e+00 
 5.01187234e+08  5.01187234e+08  0.00000000e+00 -1.75100737e+01  1.56779158e+00 
 5.15822165e+08  5.15822165e+08  0.00000000e+00 -1.77600714e+01  1.56770384e+00 
 5.30884444e+08  5.30884444e+08  0.00000000e+00 -1.80100689e+01  1.56761353e+00 
 5.46386550e+08  5.46386550e+08  0.00000000e+00 -1.82600663e+01  1.56752059e+00 
 5.62341325e+08  5.62341325e+08  0.00000000e+00 -1.85100636e+01  1.56742493e+00 
 5.78761988e+08  5.78761988e+08  0.00000000e+00 -1.87600606e+01  1.56732648e+00 
 5.95662144e+08  5.95662144e+08  0.00000000e+00 -1.90100575e+01  1.56722516e+00 
 6.13055792e+08  6.13055792e+08  0.00000000e+00 -1.92600543e+01  1.56712087e+00 
 6.30957344e+08  6.30957344e+08  0.00000000e+00 -1.95100508e+01  1.56701354e+00 
 6.49381632e+08  6.49381632e+08  0.00000000e+00 -1.97600471e+01  1.56690308e+00 
 6.68343918e+08  6.68343918e+08  0.00000000e+00 -2.00100432e+01  1.56678939e+00 
 6.87859912e+08  6.87859912e+08  0.00000000e+00 -2.02600391e+01  1.56667239e+00 
 7.07945784e+08  7.07945784e+08  0.00000000e+00 -2.05100347e+01  1.56655196e+00 
 7.28618175e+08  7.28618175e+08  0.00000000e+00 -2.07600301e+01  1.56642802e+00 
 7.49894209e+08  7.49894209e+08  0.00000000e+00 -2.10100252e+01  1.56630047e+00 
 7.71791516e+08  7.71791516e+08  0.00000000e+00 -2.12600200e+01  1.56616918e+00 
 7.94328235e+08  7.94328235e+08  0.00000000e+00 -2.15100145e+01  1.56603407e+00 
 8.17523038e+08  8.17523038e+08  0.00000000e+00 -2.17600087e+01  1.56589500e+00 
 8.41395142e+08  8.41395142e+08  0.00000000e+00 -2.20100025e+01  1.56575188e+00 
 8.65964323e+08  8.65964323e+08  0.00000000e+00 -2.22599959e+01  1.56560458e+00 
 8.91250938e+08  8.91250938e+08  0.00000000e+00 -2.25099890e+01  1.56545298e+00 
 9.17275935e+08  9.17275935e+08  0.00000000e+00 -2.27599817e+01  1.56529695e+00 
 9.44060876e+08  9.44060876e+08  0.00000000e+00 -2.30099739e+01  1.56513637e+00 
 9.71627952e+08  9.71627952e+08  0.00000000e+00 -2.32599657e+01  1.56497109e+00 
 1.00000000e+09  1.00000000e+09  0.00000000e+00 -2.35099569e+01  1.56480100e+00 
 1.02920053e+09  1.02920053e+09  0.00000000e+00 -2.37599477e+01  1.56462593e+00 
 1.05925373e+09  1.05925373e+09  0.00000000e+00 -2.40099379e+01  1.56444575e+00 
 1.09018449e+09  1.09018449e+09  0.00000000e+00 -2.42599276e+01  1.56426032e+00 
 1.12201845e+09  1.12201845e+09  0.00000000e+00 -2.45099166e+01  1.56406947e+00 
 1.15478198e+09  1.15478198e+09  0.00000000e+00 -2.47599049e+01  1.56387304e+00 
 1.18850223e+09  1.18850223e+09  0.00000000e+00 -2.50098926e+01  1.56367088e+00 
 1.22320712e+09  1.22320712e+09  0.00000000e+00 -2.52598796e+01  1.56346282e+00 
 1.25892541e+09  1.25892541e+09  0.00000000e+00 -2.55098657e+01  1.56324868e+00 
 1.29568670e+09  1.29568670e+09  0.00000000e+00 -2.57598511e+01  1.56302830e+00 
 1.33352143e+09  1.33352143e+09  0.00000000e+00 -2.60098356e+01  1.56280147e+00 
 1.37246096e+09  1.37246096e+09  0.00000000e+00 -2.62598192e+01  1.56256803e+00 
 1.41253754e+09  1.41253754e+09  0.00000000e+00 -2.65098018e+01  1.56232777e+00 
 1.45378439e+09  1.45378439e+09  0.00000000e+00 -2.67597833e+01  1.56208049e+00 
 1.49623566e+09  1.49623566e+09  0.00000000e+00 -2.70097638e+01  1.56182599e+00 
 1.53992653e+09  1.53992653e+09  0.00000000e+00 -2.72597431e+01  1.56156407e+00 
 1.58489319e+09  1.58489319e+09  0.00000000e+00 -2.75097212e+01  1.56129450e+00 
 1.63117291e+09  1.63117291e+09  0.00000000e+00 -2.77596980e+01  1.56101705e+00 
 1.67880402e+09  1.67880402e+09  0.00000000e+00 -2.80096734e+01  1.56073151e+00 
 1.72782598e+09  1.72782598e+09  0.00000000e+00 -2.82596474e+01  1.56043763e+00 
 1.77827941e+09  1.77827941e+09  0.00000000e+00 -2.85096198e+01  1.56013517e+00 
 1.83020611e+09  1.83020611e+09  0.00000000e+00 -2.87595906e+01  1.55982389e+00 
 1.88364909e+09  1.88364909e+09  0.00000000e+00 -2.90095597e+01  1.55950351e+00 
 1.93865264e+09  1.93865264e+09  0.00000000e+00 -2.92595269e+01  1.55917378e+00 
 1.99526231e+09  1.99526231e+09  0.00000000e+00 -2.95094922e+01  1.55883443e+00 
 2.05352503e+09  2.05352503e+09  0.00000000e+00 -2.97594554e+01  1.55848517e+00 
 2.11348904e+09  2.11348904e+09  0.00000000e+00 -3.00094164e+01  1.55812571e+00 
 2.17520403e+09  2.17520403e+09  0.00000000e+00 -3.02593752e+01  1.55775576e+00 
 2.23872114e+09  2.23872114e+09  0.00000000e+00 -3.05093315e+01  1.55737502e+00 
 2.30409298e+09  2.30409298e+09  0.00000000e+00 -3.07592852e+01  1.55698315e+00 
 2.37137371e+09  2.37137371e+09  0.00000000e+00 -3.10092361e+01  1.55657985e+00 
 2.44061907e+09  2.44061907e+09  0.00000000e+00 -3.12591842e+01  1.55616478e+00 
 2.51188643e+09  2.51188643e+09  0.00000000e+00 -3.15091292e+01  1.55573760e+00 
 2.58523484e+09  2.58523484e+09  0.00000000e+00 -3.17590709e+01  1.55529794e+00 
 2.66072506e+09  2.66072506e+09  0.00000000e+00 -3.20090091e+01  1.55484546e+00 
 2.73841963e+09  2.73841963e+09  0.00000000e+00 -3.22589438e+01  1.55437976e+00 
 2.81838293e+09  2.81838293e+09  0.00000000e+00 -3.25088745e+01  1.55390048e+00 
 2.90068120e+09  2.90068120e+09  0.00000000e+00 -3.27588011e+01  1.55340721e+00 
 2.98538262e+09  2.98538262e+09  0.00000000e+00 -3.30087234e+01  1.55289954e+00 
 3.07255737e+09  3.07255737e+09  0.00000000e+00 -3.32586411e+01  1.55237706e+00 
 3.16227766e+09  3.16227766e+09  0.00000000e+00 -3.35085539e+01  1.55183934e+00 
 3.25461783e+09  3.25461783e+09  0.00000000e+00 -3.37584615e+01  1.55128592e+00 
 3.34965439e+09  3.34965439e+09  0.00000000e+00 -3.40083637e+01  1.55071636e+00 
 3.44746607e+09  3.44746607e+09  0.00000000e+00 -3.42582601e+01  1.55013017e+00 
 3.54813389e+09  3.54813389e+09  0.00000000e+00 -3.45081503e+01  1.54952689e+00 
 3.65174127e+09  3.65174127e+09  0.00000000e+00 -3.47580341e+01  1.54890600e+00 
 3.75837404e+09  3.75837404e+09  0.00000000e+00 -3.50079109e+01  1.54826701e+00 
 3.86812055e+09  3.86812055e+09  0.00000000e+00 -3.52577805e+01  1.54760937e+00 
 3.98107171e+09  3.98107171e+09  0.00000000e+00 -3.55076423e+01  1.54693255e+00 
 4.09732110e+09  4.09732110e+09  0.00000000e+00 -3.57574960e+01  1.54623599e+00 
 4.21696503e+09  4.21696503e+09  0.00000000e+00 -3.60073410e+01  1.54551912e+00 
 4.34010264e+09  4.34010264e+09  0.00000000e+00 -3.62571768e+01  1.54478134e+00 
 4.46683592e+09  4.46683592e+09  0.00000000e+00 -3.65070029e+01  1.54402204e+00 
 4.59726989e+09  4.59726989e+09  0.00000000e+00 -3.67568187e+01  1.54324061e+00 
 4.73151259e+09  4.73151259e+09  0.00000000e+00 -3.70066235e+01  1.54243639e+00 
 4.86967525e+09  4.86967525e+09  0.00000000e+00 -3.72564169e+01  1.54160873e+00 
 5.01187234e+09  5.01187234e+09  0.00000000e+00 -3.75061980e+01  1.54075694e+00 
 5.15822165e+09  5.15822165e+09  0.00000000e+00 -3.77559661e+01  1.53988032e+00 
 5.30884444e+09  5.30884444e+09  0.00000000e+00 -3.80057205e+01  1.53897816e+00 
 5.46386550e+09  5.46386550e+09  0.00000000e+00 -3.82554604e+01  1.53804970e+00 
 5.62341325e+09  5.62341325e+09  0.00000000e+00 -3.85051849e+01  1.53709420e+00 
 5.78761988e+09  5.78761988e+09  0.00000000e+00 -3.87548931e+01  1.53611085e+00 
 5.95662144e+09  5.95662144e+09  0.00000000e+00 -3.90045840e+01  1.53509886e+00 
 6.13055792e+09  6.13055792e+09  0.00000000e+00 -3.92542566e+01  1.53405740e+00 
 6.30957344e+09  6.30957344e+09  0.00000000e+00 -3.95039098e+01  1.53298561e+00 
 6.49381632e+09  6.49381632e+09  0.00000000e+00 -3.97535425e+01  1.53188261e+00 
 6.68343918e+09  6.68343918e+09  0.00000000e+00 -4.00031535e+01  1.53074751e+00 
 6.87859912e+09  6.87859912e+09  0.00000000e+00 -4.02527415e+01  1.52957936e+00 
 7.07945784e+09  7.07945784e+09  0.00000000e+00 -4.05023051e+01  1.52837723e+00 
 7.28618175e+09  7.28618175e+09  0.00000000e+00 -4.07518429e+01  1.52714011e+00 
 7.49894209e+09  7.49894209e+09  0.00000000e+00 -4.10013534e+01  1.52586702e+00 
 7.71791516e+09  7.71791516e+09  0.00000000e+00 -4.12508349e+01  1.52455690e+00 
 7.94328235e+09  7.94328235e+09  0.00000000e+00 -4.15002858e+01  1.52320869e+00 
 8.17523038e+09  8.17523038e+09  0.00000000e+00 -4.17497042e+01  1.52182129e+00 
 8.41395142e+09  8.41395142e+09  0.00000000e+00 -4.19990882e+01  1.52039357e+00 
 8.65964323e+09  8.65964323e+09  0.00000000e+00 -4.22484359e+01  1.51892438e+00 
 8.91250938e+09  8.91250938e+09  0.00000000e+00 -4.24977450e+01  1.51741252e+00 
 9.17275935e+09  9.17275935e+09  0.00000000e+00 -4.27470132e+01  1.51585677e+00 
 9.44060876e+09  9.44060876e+09  0.00000000e+00 -4.29962382e+01  1.51425587e+00 
 9.71627952e+09  9.71627952e+09  0.00000000e+00 -4.32454175e+01  1.51260852e+00 
 1.00000000e+10  1.00000000e+10  0.00000000e+00 -4.34945483e+01  1.51091340e+00 
