 frequency       frequency       frequency       vdb(out)        vp(out)        
 1.00000000e+01  1.00000000e+01  0.00000000e+00 -6.18897272e+01  9.39072753e-11 
 1.02920053e+01  1.02920053e+01  0.00000000e+00 -6.18897272e+01  9.66494172e-11 
 1.05925373e+01  1.05925373e+01  0.00000000e+00 -6.18897272e+01  9.94716311e-11 
 1.09018449e+01  1.09018449e+01  0.00000000e+00 -6.18897272e+01  1.02376255e-10 
 1.12201845e+01  1.12201845e+01  0.00000000e+00 -6.18897272e+01  1.05365696e-10 
 1.15478198e+01  1.15478198e+01  0.00000000e+00 -6.18897272e+01  1.08442430e-10 
 1.18850223e+01  1.18850223e+01  0.00000000e+00 -6.18897272e+01  1.11609006e-10 
 1.22320712e+01  1.22320712e+01  0.00000000e+00 -6.18897272e+01  1.14868048e-10 
 1.25892541e+01  1.25892541e+01  0.00000000e+00 -6.18897272e+01  1.18222255e-10 
 1.29568670e+01  1.29568670e+01  0.00000000e+00 -6.18897272e+01  1.21674407e-10 
 1.33352143e+01  1.33352143e+01  0.00000000e+00 -6.18897272e+01  1.25227364e-10 
 1.37246096e+01  1.37246096e+01  0.00000000e+00 -6.18897272e+01  1.28884069e-10 
 1.41253754e+01  1.41253754e+01  0.00000000e+00 -6.18897272e+01  1.32647552e-10 
 1.45378439e+01  1.45378439e+01  0.00000000e+00 -6.18897272e+01  1.36520930e-10 
 1.49623566e+01  1.49623566e+01  0.00000000e+00 -6.18897272e+01  1.40507414e-10 
 1.53992653e+01  1.53992653e+01  0.00000000e+00 -6.18897272e+01  1.44610304e-10 
 1.58489319e+01  1.58489319e+01  0.00000000e+00 -6.18897272e+01  1.48833001e-10 
 1.63117291e+01  1.63117291e+01  0.00000000e+00 -6.18897272e+01  1.53179003e-10 
 1.67880402e+01  1.67880402e+01  0.00000000e+00 -6.18897272e+01  1.57651911e-10 
 1.72782598e+01  1.72782598e+01  0.00000000e+00 -6.18897272e+01  1.62255430e-10 
 1.77827941e+01  1.77827941e+01  0.00000000e+00 -6.18897272e+01  1.66993374e-10 
 1.83020611e+01  1.83020611e+01  0.00000000e+00 -6.18897272e+01  1.71869669e-10 
 1.88364909e+01  1.88364909e+01  0.00000000e+00 -6.18897272e+01  1.76888354e-10 
 1.93865264e+01  1.93865264e+01  0.00000000e+00 -6.18897272e+01  1.82053587e-10 
 1.99526231e+01  1.99526231e+01  0.00000000e+00 -6.18897272e+01  1.87369647e-10 
 2.05352503e+01  2.05352503e+01  0.00000000e+00 -6.18897272e+01  1.92840940e-10 
 2.11348904e+01  2.11348904e+01  0.00000000e+00 -6.18897272e+01  1.98471997e-10 
 2.17520403e+01  2.17520403e+01  0.00000000e+00 -6.18897272e+01  2.04267484e-10 
 2.23872114e+01  2.23872114e+01  0.00000000e+00 -6.18897272e+01  2.10232202e-10 
 2.30409298e+01  2.30409298e+01  0.00000000e+00 -6.18897272e+01  2.16371093e-10 
 2.37137371e+01  2.37137371e+01  0.00000000e+00 -6.18897272e+01  2.22689243e-10 
 2.44061907e+01  2.44061907e+01  0.00000000e+00 -6.18897272e+01  2.29191887e-10 
 2.51188643e+01  2.51188643e+01  0.00000000e+00 -6.18897272e+01  2.35884411e-10 
 2.58523484e+01  2.58523484e+01  0.00000000e+00 -6.18897272e+01  2.42772360e-10 
 2.66072506e+01  2.66072506e+01  0.00000000e+00 -6.18897272e+01  2.49861441e-10 
 2.73841963e+01  2.73841963e+01  0.00000000e+00 -6.18897272e+01  2.57157526e-10 
 2.81838293e+01  2.81838293e+01  0.00000000e+00 -6.18897272e+01  2.64666662e-10 
 2.90068120e+01  2.90068120e+01  0.00000000e+00 -6.18897272e+01  2.72395068e-10 
 2.98538262e+01  2.98538262e+01  0.00000000e+00 -6.18897272e+01  2.80349147e-10 
 3.07255737e+01  3.07255737e+01  0.00000000e+00 -6.18897272e+01  2.88535490e-10 
 3.16227766e+01  3.16227766e+01  0.00000000e+00 -6.18897272e+01  2.96960879e-10 
 3.25461783e+01  3.25461783e+01  0.00000000e+00 -6.18897272e+01  3.05632293e-10 
 3.34965439e+01  3.34965439e+01  0.00000000e+00 -6.18897272e+01  3.14556917e-10 
 3.44746607e+01  3.44746607e+01  0.00000000e+00 -6.18897272e+01  3.23742145e-10 
 3.54813389e+01  3.54813389e+01  0.00000000e+00 -6.18897272e+01  3.33195586e-10 
 3.65174127e+01  3.65174127e+01  0.00000000e+00 -6.18897272e+01  3.42925073e-10 
 3.75837404e+01  3.75837404e+01  0.00000000e+00 -6.18897272e+01  3.52938666e-10 
 3.86812055e+01  3.86812055e+01  0.00000000e+00 -6.18897272e+01  3.63244661e-10 
 3.98107171e+01  3.98107171e+01  0.00000000e+00 -6.18897272e+01  3.73851596e-10 
 4.09732110e+01  4.09732110e+01  0.00000000e+00 -6.18897272e+01  3.84768260e-10 
 4.21696503e+01  4.21696503e+01  0.00000000e+00 -6.18897272e+01  3.96003696e-10 
 4.34010264e+01  4.34010264e+01  0.00000000e+00 -6.18897272e+01  4.07567213e-10 
 4.46683592e+01  4.46683592e+01  0.00000000e+00 -6.18897272e+01  4.19468390e-10 
 4.59726989e+01  4.59726989e+01  0.00000000e+00 -6.18897272e+01  4.31717089e-10 
 4.73151259e+01  4.73151259e+01  0.00000000e+00 -6.18897272e+01  4.44323455e-10 
 4.86967525e+01  4.86967525e+01  0.00000000e+00 -6.18897272e+01  4.57297934e-10 
 5.01187234e+01  5.01187234e+01  0.00000000e+00 -6.18897272e+01  4.70651275e-10 
 5.15822165e+01  5.15822165e+01  0.00000000e+00 -6.18897272e+01  4.84394540e-10 
 5.30884444e+01  5.30884444e+01  0.00000000e+00 -6.18897272e+01  4.98539116e-10 
 5.46386550e+01  5.46386550e+01  0.00000000e+00 -6.18897272e+01  5.13096721e-10 
 5.62341325e+01  5.62341325e+01  0.00000000e+00 -6.18897272e+01  5.28079416e-10 
 5.78761988e+01  5.78761988e+01  0.00000000e+00 -6.18897272e+01  5.43499613e-10 
 5.95662144e+01  5.95662144e+01  0.00000000e+00 -6.18897272e+01  5.59370089e-10 
 6.13055792e+01  6.13055792e+01  0.00000000e+00 -6.18897272e+01  5.75703990e-10 
 6.30957344e+01  6.30957344e+01  0.00000000e+00 -6.18897272e+01  5.92514850e-10 
 6.49381632e+01  6.49381632e+01  0.00000000e+00 -6.18897272e+01  6.09816596e-10 
 6.68343918e+01  6.68343918e+01  0.00000000e+00 -6.18897272e+01  6.27623562e-10 
 6.87859912e+01  6.87859912e+01  0.00000000e+00 -6.18897272e+01  6.45950501e-10 
 7.07945784e+01  7.07945784e+01  0.00000000e+00 -6.18897272e+01  6.64812596e-10 
 7.28618175e+01  7.28618175e+01  0.00000000e+00 -6.18897272e+01  6.84225475e-10 
 7.49894209e+01  7.49894209e+01  0.00000000e+00 -6.18897272e+01  7.04205219e-10 
 7.71791516e+01  7.71791516e+01  0.00000000e+00 -6.18897272e+01  7.24768383e-10 
 7.94328235e+01  7.94328235e+01  0.00000000e+00 -6.18897272e+01  7.45932002e-10 
 8.17523038e+01  8.17523038e+01  0.00000000e+00 -6.18897272e+01  7.67713610e-10 
 8.41395142e+01  8.41395142e+01  0.00000000e+00 -6.18897272e+01  7.90131252e-10 
 8.65964323e+01  8.65964323e+01  0.00000000e+00 -6.18897272e+01  8.13203501e-10 
 8.91250938e+01  8.91250938e+01  0.00000000e+00 -6.18897272e+01  8.36949472e-10 
 9.17275935e+01  9.17275935e+01  0.00000000e+00 -6.18897272e+01  8.61388838e-10 
 9.44060876e+01  9.44060876e+01  0.00000000e+00 -6.18897272e+01  8.86541846e-10 
 9.71627952e+01  9.71627952e+01  0.00000000e+00 -6.18897272e+01  9.12429335e-10 
 1.00000000e+02  1.00000000e+02  0.00000000e+00 -6.18897272e+01  9.39072753e-10 
 1.02920053e+02  1.02920053e+02  0.00000000e+00 -6.18897272e+01  9.66494172e-10 
 1.05925373e+02  1.05925373e+02  0.00000000e+00 -6.18897272e+01  9.94716311e-10 
 1.09018449e+02  1.09018449e+02  0.00000000e+00 -6.18897272e+01  1.02376255e-09 
 1.12201845e+02  1.12201845e+02  0.00000000e+00 -6.18897272e+01  1.05365696e-09 
 1.15478198e+02  1.15478198e+02  0.00000000e+00 -6.18897272e+01  1.08442430e-09 
 1.18850223e+02  1.18850223e+02  0.00000000e+00 -6.18897272e+01  1.11609006e-09 
 1.22320712e+02  1.22320712e+02  0.00000000e+00 -6.18897272e+01  1.14868048e-09 
 1.25892541e+02  1.25892541e+02  0.00000000e+00 -6.18897272e+01  1.18222255e-09 
 1.29568670e+02  1.29568670e+02  0.00000000e+00 -6.18897272e+01  1.21674407e-09 
 1.33352143e+02  1.33352143e+02  0.00000000e+00 -6.18897272e+01  1.25227364e-09 
 1.37246096e+02  1.37246096e+02  0.00000000e+00 -6.18897272e+01  1.28884069e-09 
 1.41253754e+02  1.41253754e+02  0.00000000e+00 -6.18897272e+01  1.32647552e-09 
 1.45378439e+02  1.45378439e+02  0.00000000e+00 -6.18897272e+01  1.36520930e-09 
 1.49623566e+02  1.49623566e+02  0.00000000e+00 -6.18897272e+01  1.40507414e-09 
 1.53992653e+02  1.53992653e+02  0.00000000e+00 -6.18897272e+01  1.44610304e-09 
 1.58489319e+02  1.58489319e+02  0.00000000e+00 -6.18897272e+01  1.48833001e-09 
 1.63117291e+02  1.63117291e+02  0.00000000e+00 -6.18897272e+01  1.53179003e-09 
 1.67880402e+02  1.67880402e+02  0.00000000e+00 -6.18897272e+01  1.57651911e-09 
 1.72782598e+02  1.72782598e+02  0.00000000e+00 -6.18897272e+01  1.62255430e-09 
 1.77827941e+02  1.77827941e+02  0.00000000e+00 -6.18897272e+01  1.66993374e-09 
 1.83020611e+02  1.83020611e+02  0.00000000e+00 -6.18897272e+01  1.71869669e-09 
 1.88364909e+02  1.88364909e+02  0.00000000e+00 -6.18897272e+01  1.76888354e-09 
 1.93865264e+02  1.93865264e+02  0.00000000e+00 -6.18897272e+01  1.82053587e-09 
 1.99526231e+02  1.99526231e+02  0.00000000e+00 -6.18897272e+01  1.87369647e-09 
 2.05352503e+02  2.05352503e+02  0.00000000e+00 -6.18897272e+01  1.92840940e-09 
 2.11348904e+02  2.11348904e+02  0.00000000e+00 -6.18897272e+01  1.98471997e-09 
 2.17520403e+02  2.17520403e+02  0.00000000e+00 -6.18897272e+01  2.04267484e-09 
 2.23872114e+02  2.23872114e+02  0.00000000e+00 -6.18897272e+01  2.10232202e-09 
 2.30409298e+02  2.30409298e+02  0.00000000e+00 -6.18897272e+01  2.16371093e-09 
 2.37137371e+02  2.37137371e+02  0.00000000e+00 -6.18897272e+01  2.22689243e-09 
 2.44061907e+02  2.44061907e+02  0.00000000e+00 -6.18897272e+01  2.29191887e-09 
 2.51188643e+02  2.51188643e+02  0.00000000e+00 -6.18897272e+01  2.35884411e-09 
 2.58523484e+02  2.58523484e+02  0.00000000e+00 -6.18897272e+01  2.42772360e-09 
 2.66072506e+02  2.66072506e+02  0.00000000e+00 -6.18897272e+01  2.49861441e-09 
 2.73841963e+02  2.73841963e+02  0.00000000e+00 -6.18897272e+01  2.57157526e-09 
 2.81838293e+02  2.81838293e+02  0.00000000e+00 -6.18897272e+01  2.64666662e-09 
 2.90068120e+02  2.90068120e+02  0.00000000e+00 -6.18897272e+01  2.72395068e-09 
 2.98538262e+02  2.98538262e+02  0.00000000e+00 -6.18897272e+01  2.80349147e-09 
 3.07255737e+02  3.07255737e+02  0.00000000e+00 -6.18897272e+01  2.88535490e-09 
 3.16227766e+02  3.16227766e+02  0.00000000e+00 -6.18897272e+01  2.96960879e-09 
 3.25461783e+02  3.25461783e+02  0.00000000e+00 -6.18897272e+01  3.05632293e-09 
 3.34965439e+02  3.34965439e+02  0.00000000e+00 -6.18897272e+01  3.14556917e-09 
 3.44746607e+02  3.44746607e+02  0.00000000e+00 -6.18897272e+01  3.23742145e-09 
 3.54813389e+02  3.54813389e+02  0.00000000e+00 -6.18897272e+01  3.33195586e-09 
 3.65174127e+02  3.65174127e+02  0.00000000e+00 -6.18897272e+01  3.42925073e-09 
 3.75837404e+02  3.75837404e+02  0.00000000e+00 -6.18897272e+01  3.52938666e-09 
 3.86812055e+02  3.86812055e+02  0.00000000e+00 -6.18897272e+01  3.63244661e-09 
 3.98107171e+02  3.98107171e+02  0.00000000e+00 -6.18897272e+01  3.73851596e-09 
 4.09732110e+02  4.09732110e+02  0.00000000e+00 -6.18897272e+01  3.84768260e-09 
 4.21696503e+02  4.21696503e+02  0.00000000e+00 -6.18897272e+01  3.96003696e-09 
 4.34010264e+02  4.34010264e+02  0.00000000e+00 -6.18897272e+01  4.07567213e-09 
 4.46683592e+02  4.46683592e+02  0.00000000e+00 -6.18897272e+01  4.19468390e-09 
 4.59726989e+02  4.59726989e+02  0.00000000e+00 -6.18897272e+01  4.31717089e-09 
 4.73151259e+02  4.73151259e+02  0.00000000e+00 -6.18897272e+01  4.44323455e-09 
 4.86967525e+02  4.86967525e+02  0.00000000e+00 -6.18897272e+01  4.57297934e-09 
 5.01187234e+02  5.01187234e+02  0.00000000e+00 -6.18897272e+01  4.70651275e-09 
 5.15822165e+02  5.15822165e+02  0.00000000e+00 -6.18897272e+01  4.84394540e-09 
 5.30884444e+02  5.30884444e+02  0.00000000e+00 -6.18897272e+01  4.98539116e-09 
 5.46386550e+02  5.46386550e+02  0.00000000e+00 -6.18897272e+01  5.13096721e-09 
 5.62341325e+02  5.62341325e+02  0.00000000e+00 -6.18897272e+01  5.28079416e-09 
 5.78761988e+02  5.78761988e+02  0.00000000e+00 -6.18897272e+01  5.43499613e-09 
 5.95662144e+02  5.95662144e+02  0.00000000e+00 -6.18897272e+01  5.59370089e-09 
 6.13055792e+02  6.13055792e+02  0.00000000e+00 -6.18897272e+01  5.75703990e-09 
 6.30957344e+02  6.30957344e+02  0.00000000e+00 -6.18897272e+01  5.92514850e-09 
 6.49381632e+02  6.49381632e+02  0.00000000e+00 -6.18897272e+01  6.09816596e-09 
 6.68343918e+02  6.68343918e+02  0.00000000e+00 -6.18897272e+01  6.27623562e-09 
 6.87859912e+02  6.87859912e+02  0.00000000e+00 -6.18897272e+01  6.45950501e-09 
 7.07945784e+02  7.07945784e+02  0.00000000e+00 -6.18897272e+01  6.64812596e-09 
 7.28618175e+02  7.28618175e+02  0.00000000e+00 -6.18897272e+01  6.84225475e-09 
 7.49894209e+02  7.49894209e+02  0.00000000e+00 -6.18897272e+01  7.04205219e-09 
 7.71791516e+02  7.71791516e+02  0.00000000e+00 -6.18897272e+01  7.24768383e-09 
 7.94328235e+02  7.94328235e+02  0.00000000e+00 -6.18897272e+01  7.45932002e-09 
 8.17523038e+02  8.17523038e+02  0.00000000e+00 -6.18897272e+01  7.67713610e-09 
 8.41395142e+02  8.41395142e+02  0.00000000e+00 -6.18897272e+01  7.90131252e-09 
 8.65964323e+02  8.65964323e+02  0.00000000e+00 -6.18897272e+01  8.13203501e-09 
 8.91250938e+02  8.91250938e+02  0.00000000e+00 -6.18897272e+01  8.36949472e-09 
 9.17275935e+02  9.17275935e+02  0.00000000e+00 -6.18897272e+01  8.61388838e-09 
 9.44060876e+02  9.44060876e+02  0.00000000e+00 -6.18897272e+01  8.86541846e-09 
 9.71627952e+02  9.71627952e+02  0.00000000e+00 -6.18897272e+01  9.12429335e-09 
 1.00000000e+03  1.00000000e+03  0.00000000e+00 -6.18897272e+01  9.39072753e-09 
 1.02920053e+03  1.02920053e+03  0.00000000e+00 -6.18897272e+01  9.66494172e-09 
 1.05925373e+03  1.05925373e+03  0.00000000e+00 -6.18897272e+01  9.94716311e-09 
 1.09018449e+03  1.09018449e+03  0.00000000e+00 -6.18897272e+01  1.02376255e-08 
 1.12201845e+03  1.12201845e+03  0.00000000e+00 -6.18897272e+01  1.05365696e-08 
 1.15478198e+03  1.15478198e+03  0.00000000e+00 -6.18897272e+01  1.08442430e-08 
 1.18850223e+03  1.18850223e+03  0.00000000e+00 -6.18897272e+01  1.11609006e-08 
 1.22320712e+03  1.22320712e+03  0.00000000e+00 -6.18897272e+01  1.14868048e-08 
 1.25892541e+03  1.25892541e+03  0.00000000e+00 -6.18897272e+01  1.18222255e-08 
 1.29568670e+03  1.29568670e+03  0.00000000e+00 -6.18897272e+01  1.21674407e-08 
 1.33352143e+03  1.33352143e+03  0.00000000e+00 -6.18897272e+01  1.25227364e-08 
 1.37246096e+03  1.37246096e+03  0.00000000e+00 -6.18897272e+01  1.28884069e-08 
 1.41253754e+03  1.41253754e+03  0.00000000e+00 -6.18897272e+01  1.32647552e-08 
 1.45378439e+03  1.45378439e+03  0.00000000e+00 -6.18897272e+01  1.36520930e-08 
 1.49623566e+03  1.49623566e+03  0.00000000e+00 -6.18897272e+01  1.40507414e-08 
 1.53992653e+03  1.53992653e+03  0.00000000e+00 -6.18897272e+01  1.44610304e-08 
 1.58489319e+03  1.58489319e+03  0.00000000e+00 -6.18897272e+01  1.48833001e-08 
 1.63117291e+03  1.63117291e+03  0.00000000e+00 -6.18897272e+01  1.53179003e-08 
 1.67880402e+03  1.67880402e+03  0.00000000e+00 -6.18897272e+01  1.57651911e-08 
 1.72782598e+03  1.72782598e+03  0.00000000e+00 -6.18897272e+01  1.62255430e-08 
 1.77827941e+03  1.77827941e+03  0.00000000e+00 -6.18897272e+01  1.66993374e-08 
 1.83020611e+03  1.83020611e+03  0.00000000e+00 -6.18897272e+01  1.71869669e-08 
 1.88364909e+03  1.88364909e+03  0.00000000e+00 -6.18897272e+01  1.76888354e-08 
 1.93865264e+03  1.93865264e+03  0.00000000e+00 -6.18897272e+01  1.82053587e-08 
 1.99526231e+03  1.99526231e+03  0.00000000e+00 -6.18897272e+01  1.87369647e-08 
 2.05352503e+03  2.05352503e+03  0.00000000e+00 -6.18897272e+01  1.92840940e-08 
 2.11348904e+03  2.11348904e+03  0.00000000e+00 -6.18897272e+01  1.98471997e-08 
 2.17520403e+03  2.17520403e+03  0.00000000e+00 -6.18897272e+01  2.04267484e-08 
 2.23872114e+03  2.23872114e+03  0.00000000e+00 -6.18897272e+01  2.10232202e-08 
 2.30409298e+03  2.30409298e+03  0.00000000e+00 -6.18897272e+01  2.16371093e-08 
 2.37137371e+03  2.37137371e+03  0.00000000e+00 -6.18897272e+01  2.22689243e-08 
 2.44061907e+03  2.44061907e+03  0.00000000e+00 -6.18897272e+01  2.29191887e-08 
 2.51188643e+03  2.51188643e+03  0.00000000e+00 -6.18897272e+01  2.35884411e-08 
 2.58523484e+03  2.58523484e+03  0.00000000e+00 -6.18897272e+01  2.42772360e-08 
 2.66072506e+03  2.66072506e+03  0.00000000e+00 -6.18897272e+01  2.49861441e-08 
 2.73841963e+03  2.73841963e+03  0.00000000e+00 -6.18897272e+01  2.57157526e-08 
 2.81838293e+03  2.81838293e+03  0.00000000e+00 -6.18897272e+01  2.64666662e-08 
 2.90068120e+03  2.90068120e+03  0.00000000e+00 -6.18897272e+01  2.72395068e-08 
 2.98538262e+03  2.98538262e+03  0.00000000e+00 -6.18897272e+01  2.80349147e-08 
 3.07255737e+03  3.07255737e+03  0.00000000e+00 -6.18897272e+01  2.88535490e-08 
 3.16227766e+03  3.16227766e+03  0.00000000e+00 -6.18897272e+01  2.96960879e-08 
 3.25461783e+03  3.25461783e+03  0.00000000e+00 -6.18897272e+01  3.05632293e-08 
 3.34965439e+03  3.34965439e+03  0.00000000e+00 -6.18897272e+01  3.14556917e-08 
 3.44746607e+03  3.44746607e+03  0.00000000e+00 -6.18897272e+01  3.23742145e-08 
 3.54813389e+03  3.54813389e+03  0.00000000e+00 -6.18897272e+01  3.33195586e-08 
 3.65174127e+03  3.65174127e+03  0.00000000e+00 -6.18897272e+01  3.42925073e-08 
 3.75837404e+03  3.75837404e+03  0.00000000e+00 -6.18897272e+01  3.52938666e-08 
 3.86812055e+03  3.86812055e+03  0.00000000e+00 -6.18897272e+01  3.63244661e-08 
 3.98107171e+03  3.98107171e+03  0.00000000e+00 -6.18897272e+01  3.73851596e-08 
 4.09732110e+03  4.09732110e+03  0.00000000e+00 -6.18897272e+01  3.84768260e-08 
 4.21696503e+03  4.21696503e+03  0.00000000e+00 -6.18897272e+01  3.96003696e-08 
 4.34010264e+03  4.34010264e+03  0.00000000e+00 -6.18897272e+01  4.07567213e-08 
 4.46683592e+03  4.46683592e+03  0.00000000e+00 -6.18897272e+01  4.19468390e-08 
 4.59726989e+03  4.59726989e+03  0.00000000e+00 -6.18897272e+01  4.31717089e-08 
 4.73151259e+03  4.73151259e+03  0.00000000e+00 -6.18897272e+01  4.44323455e-08 
 4.86967525e+03  4.86967525e+03  0.00000000e+00 -6.18897272e+01  4.57297934e-08 
 5.01187234e+03  5.01187234e+03  0.00000000e+00 -6.18897272e+01  4.70651275e-08 
 5.15822165e+03  5.15822165e+03  0.00000000e+00 -6.18897272e+01  4.84394540e-08 
 5.30884444e+03  5.30884444e+03  0.00000000e+00 -6.18897272e+01  4.98539116e-08 
 5.46386550e+03  5.46386550e+03  0.00000000e+00 -6.18897272e+01  5.13096721e-08 
 5.62341325e+03  5.62341325e+03  0.00000000e+00 -6.18897272e+01  5.28079416e-08 
 5.78761988e+03  5.78761988e+03  0.00000000e+00 -6.18897272e+01  5.43499613e-08 
 5.95662144e+03  5.95662144e+03  0.00000000e+00 -6.18897272e+01  5.59370089e-08 
 6.13055792e+03  6.13055792e+03  0.00000000e+00 -6.18897272e+01  5.75703990e-08 
 6.30957344e+03  6.30957344e+03  0.00000000e+00 -6.18897272e+01  5.92514850e-08 
 6.49381632e+03  6.49381632e+03  0.00000000e+00 -6.18897272e+01  6.09816596e-08 
 6.68343918e+03  6.68343918e+03  0.00000000e+00 -6.18897272e+01  6.27623562e-08 
 6.87859912e+03  6.87859912e+03  0.00000000e+00 -6.18897272e+01  6.45950501e-08 
 7.07945784e+03  7.07945784e+03  0.00000000e+00 -6.18897272e+01  6.64812596e-08 
 7.28618175e+03  7.28618175e+03  0.00000000e+00 -6.18897272e+01  6.84225475e-08 
 7.49894209e+03  7.49894209e+03  0.00000000e+00 -6.18897272e+01  7.04205219e-08 
 7.71791516e+03  7.71791516e+03  0.00000000e+00 -6.18897272e+01  7.24768383e-08 
 7.94328235e+03  7.94328235e+03  0.00000000e+00 -6.18897272e+01  7.45932002e-08 
 8.17523038e+03  8.17523038e+03  0.00000000e+00 -6.18897272e+01  7.67713610e-08 
 8.41395142e+03  8.41395142e+03  0.00000000e+00 -6.18897272e+01  7.90131252e-08 
 8.65964323e+03  8.65964323e+03  0.00000000e+00 -6.18897272e+01  8.13203501e-08 
 8.91250938e+03  8.91250938e+03  0.00000000e+00 -6.18897272e+01  8.36949472e-08 
 9.17275935e+03  9.17275935e+03  0.00000000e+00 -6.18897272e+01  8.61388838e-08 
 9.44060876e+03  9.44060876e+03  0.00000000e+00 -6.18897272e+01  8.86541846e-08 
 9.71627952e+03  9.71627952e+03  0.00000000e+00 -6.18897272e+01  9.12429335e-08 
 1.00000000e+04  1.00000000e+04  0.00000000e+00 -6.18897272e+01  9.39072753e-08 
 1.02920053e+04  1.02920053e+04  0.00000000e+00 -6.18897272e+01  9.66494172e-08 
 1.05925373e+04  1.05925373e+04  0.00000000e+00 -6.18897272e+01  9.94716311e-08 
 1.09018449e+04  1.09018449e+04  0.00000000e+00 -6.18897272e+01  1.02376255e-07 
 1.12201845e+04  1.12201845e+04  0.00000000e+00 -6.18897272e+01  1.05365696e-07 
 1.15478198e+04  1.15478198e+04  0.00000000e+00 -6.18897272e+01  1.08442430e-07 
 1.18850223e+04  1.18850223e+04  0.00000000e+00 -6.18897272e+01  1.11609006e-07 
 1.22320712e+04  1.22320712e+04  0.00000000e+00 -6.18897272e+01  1.14868048e-07 
 1.25892541e+04  1.25892541e+04  0.00000000e+00 -6.18897272e+01  1.18222255e-07 
 1.29568670e+04  1.29568670e+04  0.00000000e+00 -6.18897272e+01  1.21674407e-07 
 1.33352143e+04  1.33352143e+04  0.00000000e+00 -6.18897272e+01  1.25227364e-07 
 1.37246096e+04  1.37246096e+04  0.00000000e+00 -6.18897272e+01  1.28884069e-07 
 1.41253754e+04  1.41253754e+04  0.00000000e+00 -6.18897272e+01  1.32647552e-07 
 1.45378439e+04  1.45378439e+04  0.00000000e+00 -6.18897272e+01  1.36520930e-07 
 1.49623566e+04  1.49623566e+04  0.00000000e+00 -6.18897272e+01  1.40507414e-07 
 1.53992653e+04  1.53992653e+04  0.00000000e+00 -6.18897272e+01  1.44610304e-07 
 1.58489319e+04  1.58489319e+04  0.00000000e+00 -6.18897272e+01  1.48833001e-07 
 1.63117291e+04  1.63117291e+04  0.00000000e+00 -6.18897272e+01  1.53179003e-07 
 1.67880402e+04  1.67880402e+04  0.00000000e+00 -6.18897272e+01  1.57651911e-07 
 1.72782598e+04  1.72782598e+04  0.00000000e+00 -6.18897272e+01  1.62255430e-07 
 1.77827941e+04  1.77827941e+04  0.00000000e+00 -6.18897272e+01  1.66993374e-07 
 1.83020611e+04  1.83020611e+04  0.00000000e+00 -6.18897272e+01  1.71869669e-07 
 1.88364909e+04  1.88364909e+04  0.00000000e+00 -6.18897272e+01  1.76888354e-07 
 1.93865264e+04  1.93865264e+04  0.00000000e+00 -6.18897272e+01  1.82053587e-07 
 1.99526231e+04  1.99526231e+04  0.00000000e+00 -6.18897272e+01  1.87369647e-07 
 2.05352503e+04  2.05352503e+04  0.00000000e+00 -6.18897272e+01  1.92840940e-07 
 2.11348904e+04  2.11348904e+04  0.00000000e+00 -6.18897272e+01  1.98471997e-07 
 2.17520403e+04  2.17520403e+04  0.00000000e+00 -6.18897272e+01  2.04267484e-07 
 2.23872114e+04  2.23872114e+04  0.00000000e+00 -6.18897272e+01  2.10232202e-07 
 2.30409298e+04  2.30409298e+04  0.00000000e+00 -6.18897272e+01  2.16371093e-07 
 2.37137371e+04  2.37137371e+04  0.00000000e+00 -6.18897272e+01  2.22689243e-07 
 2.44061907e+04  2.44061907e+04  0.00000000e+00 -6.18897272e+01  2.29191887e-07 
 2.51188643e+04  2.51188643e+04  0.00000000e+00 -6.18897272e+01  2.35884411e-07 
 2.58523484e+04  2.58523484e+04  0.00000000e+00 -6.18897272e+01  2.42772360e-07 
 2.66072506e+04  2.66072506e+04  0.00000000e+00 -6.18897272e+01  2.49861441e-07 
 2.73841963e+04  2.73841963e+04  0.00000000e+00 -6.18897272e+01  2.57157526e-07 
 2.81838293e+04  2.81838293e+04  0.00000000e+00 -6.18897272e+01  2.64666662e-07 
 2.90068120e+04  2.90068120e+04  0.00000000e+00 -6.18897272e+01  2.72395068e-07 
 2.98538262e+04  2.98538262e+04  0.00000000e+00 -6.18897272e+01  2.80349147e-07 
 3.07255737e+04  3.07255737e+04  0.00000000e+00 -6.18897272e+01  2.88535490e-07 
 3.16227766e+04  3.16227766e+04  0.00000000e+00 -6.18897272e+01  2.96960879e-07 
 3.25461783e+04  3.25461783e+04  0.00000000e+00 -6.18897272e+01  3.05632293e-07 
 3.34965439e+04  3.34965439e+04  0.00000000e+00 -6.18897272e+01  3.14556917e-07 
 3.44746607e+04  3.44746607e+04  0.00000000e+00 -6.18897272e+01  3.23742145e-07 
 3.54813389e+04  3.54813389e+04  0.00000000e+00 -6.18897272e+01  3.33195586e-07 
 3.65174127e+04  3.65174127e+04  0.00000000e+00 -6.18897272e+01  3.42925073e-07 
 3.75837404e+04  3.75837404e+04  0.00000000e+00 -6.18897272e+01  3.52938666e-07 
 3.86812055e+04  3.86812055e+04  0.00000000e+00 -6.18897272e+01  3.63244661e-07 
 3.98107171e+04  3.98107171e+04  0.00000000e+00 -6.18897272e+01  3.73851596e-07 
 4.09732110e+04  4.09732110e+04  0.00000000e+00 -6.18897272e+01  3.84768260e-07 
 4.21696503e+04  4.21696503e+04  0.00000000e+00 -6.18897272e+01  3.96003696e-07 
 4.34010264e+04  4.34010264e+04  0.00000000e+00 -6.18897272e+01  4.07567213e-07 
 4.46683592e+04  4.46683592e+04  0.00000000e+00 -6.18897272e+01  4.19468390e-07 
 4.59726989e+04  4.59726989e+04  0.00000000e+00 -6.18897272e+01  4.31717089e-07 
 4.73151259e+04  4.73151259e+04  0.00000000e+00 -6.18897272e+01  4.44323455e-07 
 4.86967525e+04  4.86967525e+04  0.00000000e+00 -6.18897272e+01  4.57297934e-07 
 5.01187234e+04  5.01187234e+04  0.00000000e+00 -6.18897272e+01  4.70651275e-07 
 5.15822165e+04  5.15822165e+04  0.00000000e+00 -6.18897272e+01  4.84394540e-07 
 5.30884444e+04  5.30884444e+04  0.00000000e+00 -6.18897272e+01  4.98539116e-07 
 5.46386550e+04  5.46386550e+04  0.00000000e+00 -6.18897272e+01  5.13096721e-07 
 5.62341325e+04  5.62341325e+04  0.00000000e+00 -6.18897272e+01  5.28079416e-07 
 5.78761988e+04  5.78761988e+04  0.00000000e+00 -6.18897272e+01  5.43499613e-07 
 5.95662144e+04  5.95662144e+04  0.00000000e+00 -6.18897272e+01  5.59370089e-07 
 6.13055792e+04  6.13055792e+04  0.00000000e+00 -6.18897272e+01  5.75703990e-07 
 6.30957344e+04  6.30957344e+04  0.00000000e+00 -6.18897272e+01  5.92514850e-07 
 6.49381632e+04  6.49381632e+04  0.00000000e+00 -6.18897272e+01  6.09816596e-07 
 6.68343918e+04  6.68343918e+04  0.00000000e+00 -6.18897272e+01  6.27623562e-07 
 6.87859912e+04  6.87859912e+04  0.00000000e+00 -6.18897272e+01  6.45950501e-07 
 7.07945784e+04  7.07945784e+04  0.00000000e+00 -6.18897272e+01  6.64812596e-07 
 7.28618175e+04  7.28618175e+04  0.00000000e+00 -6.18897272e+01  6.84225475e-07 
 7.49894209e+04  7.49894209e+04  0.00000000e+00 -6.18897272e+01  7.04205219e-07 
 7.71791516e+04  7.71791516e+04  0.00000000e+00 -6.18897272e+01  7.24768383e-07 
 7.94328235e+04  7.94328235e+04  0.00000000e+00 -6.18897272e+01  7.45932002e-07 
 8.17523038e+04  8.17523038e+04  0.00000000e+00 -6.18897272e+01  7.67713610e-07 
 8.41395142e+04  8.41395142e+04  0.00000000e+00 -6.18897272e+01  7.90131252e-07 
 8.65964323e+04  8.65964323e+04  0.00000000e+00 -6.18897272e+01  8.13203501e-07 
 8.91250938e+04  8.91250938e+04  0.00000000e+00 -6.18897272e+01  8.36949472e-07 
 9.17275935e+04  9.17275935e+04  0.00000000e+00 -6.18897272e+01  8.61388837e-07 
 9.44060876e+04  9.44060876e+04  0.00000000e+00 -6.18897272e+01  8.86541846e-07 
 9.71627952e+04  9.71627952e+04  0.00000000e+00 -6.18897272e+01  9.12429335e-07 
 1.00000000e+05  1.00000000e+05  0.00000000e+00 -6.18897272e+01  9.39072753e-07 
 1.02920053e+05  1.02920053e+05  0.00000000e+00 -6.18897272e+01  9.66494172e-07 
 1.05925373e+05  1.05925373e+05  0.00000000e+00 -6.18897272e+01  9.94716311e-07 
 1.09018449e+05  1.09018449e+05  0.00000000e+00 -6.18897272e+01  1.02376255e-06 
 1.12201845e+05  1.12201845e+05  0.00000000e+00 -6.18897272e+01  1.05365696e-06 
 1.15478198e+05  1.15478198e+05  0.00000000e+00 -6.18897272e+01  1.08442430e-06 
 1.18850223e+05  1.18850223e+05  0.00000000e+00 -6.18897272e+01  1.11609006e-06 
 1.22320712e+05  1.22320712e+05  0.00000000e+00 -6.18897272e+01  1.14868048e-06 
 1.25892541e+05  1.25892541e+05  0.00000000e+00 -6.18897272e+01  1.18222255e-06 
 1.29568670e+05  1.29568670e+05  0.00000000e+00 -6.18897272e+01  1.21674407e-06 
 1.33352143e+05  1.33352143e+05  0.00000000e+00 -6.18897272e+01  1.25227364e-06 
 1.37246096e+05  1.37246096e+05  0.00000000e+00 -6.18897272e+01  1.28884069e-06 
 1.41253754e+05  1.41253754e+05  0.00000000e+00 -6.18897272e+01  1.32647552e-06 
 1.45378439e+05  1.45378439e+05  0.00000000e+00 -6.18897272e+01  1.36520930e-06 
 1.49623566e+05  1.49623566e+05  0.00000000e+00 -6.18897272e+01  1.40507414e-06 
 1.53992653e+05  1.53992653e+05  0.00000000e+00 -6.18897272e+01  1.44610304e-06 
 1.58489319e+05  1.58489319e+05  0.00000000e+00 -6.18897272e+01  1.48833001e-06 
 1.63117291e+05  1.63117291e+05  0.00000000e+00 -6.18897272e+01  1.53179003e-06 
 1.67880402e+05  1.67880402e+05  0.00000000e+00 -6.18897272e+01  1.57651911e-06 
 1.72782598e+05  1.72782598e+05  0.00000000e+00 -6.18897272e+01  1.62255430e-06 
 1.77827941e+05  1.77827941e+05  0.00000000e+00 -6.18897272e+01  1.66993374e-06 
 1.83020611e+05  1.83020611e+05  0.00000000e+00 -6.18897272e+01  1.71869669e-06 
 1.88364909e+05  1.88364909e+05  0.00000000e+00 -6.18897272e+01  1.76888354e-06 
 1.93865264e+05  1.93865264e+05  0.00000000e+00 -6.18897272e+01  1.82053587e-06 
 1.99526231e+05  1.99526231e+05  0.00000000e+00 -6.18897272e+01  1.87369647e-06 
 2.05352503e+05  2.05352503e+05  0.00000000e+00 -6.18897272e+01  1.92840940e-06 
 2.11348904e+05  2.11348904e+05  0.00000000e+00 -6.18897272e+01  1.98471997e-06 
 2.17520403e+05  2.17520403e+05  0.00000000e+00 -6.18897272e+01  2.04267484e-06 
 2.23872114e+05  2.23872114e+05  0.00000000e+00 -6.18897272e+01  2.10232202e-06 
 2.30409298e+05  2.30409298e+05  0.00000000e+00 -6.18897272e+01  2.16371093e-06 
 2.37137371e+05  2.37137371e+05  0.00000000e+00 -6.18897272e+01  2.22689243e-06 
 2.44061907e+05  2.44061907e+05  0.00000000e+00 -6.18897272e+01  2.29191887e-06 
 2.51188643e+05  2.51188643e+05  0.00000000e+00 -6.18897272e+01  2.35884411e-06 
 2.58523484e+05  2.58523484e+05  0.00000000e+00 -6.18897272e+01  2.42772360e-06 
 2.66072506e+05  2.66072506e+05  0.00000000e+00 -6.18897272e+01  2.49861441e-06 
 2.73841963e+05  2.73841963e+05  0.00000000e+00 -6.18897272e+01  2.57157526e-06 
 2.81838293e+05  2.81838293e+05  0.00000000e+00 -6.18897272e+01  2.64666662e-06 
 2.90068120e+05  2.90068120e+05  0.00000000e+00 -6.18897272e+01  2.72395068e-06 
 2.98538262e+05  2.98538262e+05  0.00000000e+00 -6.18897272e+01  2.80349147e-06 
 3.07255737e+05  3.07255737e+05  0.00000000e+00 -6.18897272e+01  2.88535490e-06 
 3.16227766e+05  3.16227766e+05  0.00000000e+00 -6.18897272e+01  2.96960879e-06 
 3.25461783e+05  3.25461783e+05  0.00000000e+00 -6.18897272e+01  3.05632293e-06 
 3.34965439e+05  3.34965439e+05  0.00000000e+00 -6.18897272e+01  3.14556917e-06 
 3.44746607e+05  3.44746607e+05  0.00000000e+00 -6.18897272e+01  3.23742145e-06 
 3.54813389e+05  3.54813389e+05  0.00000000e+00 -6.18897272e+01  3.33195586e-06 
 3.65174127e+05  3.65174127e+05  0.00000000e+00 -6.18897272e+01  3.42925073e-06 
 3.75837404e+05  3.75837404e+05  0.00000000e+00 -6.18897272e+01  3.52938666e-06 
 3.86812055e+05  3.86812055e+05  0.00000000e+00 -6.18897272e+01  3.63244661e-06 
 3.98107171e+05  3.98107171e+05  0.00000000e+00 -6.18897272e+01  3.73851596e-06 
 4.09732110e+05  4.09732110e+05  0.00000000e+00 -6.18897272e+01  3.84768260e-06 
 4.21696503e+05  4.21696503e+05  0.00000000e+00 -6.18897272e+01  3.96003696e-06 
 4.34010264e+05  4.34010264e+05  0.00000000e+00 -6.18897272e+01  4.07567213e-06 
 4.46683592e+05  4.46683592e+05  0.00000000e+00 -6.18897272e+01  4.19468390e-06 
 4.59726989e+05  4.59726989e+05  0.00000000e+00 -6.18897272e+01  4.31717088e-06 
 4.73151259e+05  4.73151259e+05  0.00000000e+00 -6.18897272e+01  4.44323455e-06 
 4.86967525e+05  4.86967525e+05  0.00000000e+00 -6.18897272e+01  4.57297934e-06 
 5.01187234e+05  5.01187234e+05  0.00000000e+00 -6.18897272e+01  4.70651275e-06 
 5.15822165e+05  5.15822165e+05  0.00000000e+00 -6.18897272e+01  4.84394540e-06 
 5.30884444e+05  5.30884444e+05  0.00000000e+00 -6.18897272e+01  4.98539116e-06 
 5.46386550e+05  5.46386550e+05  0.00000000e+00 -6.18897272e+01  5.13096721e-06 
 5.62341325e+05  5.62341325e+05  0.00000000e+00 -6.18897272e+01  5.28079416e-06 
 5.78761988e+05  5.78761988e+05  0.00000000e+00 -6.18897272e+01  5.43499613e-06 
 5.95662144e+05  5.95662144e+05  0.00000000e+00 -6.18897272e+01  5.59370088e-06 
 6.13055792e+05  6.13055792e+05  0.00000000e+00 -6.18897272e+01  5.75703990e-06 
 6.30957344e+05  6.30957344e+05  0.00000000e+00 -6.18897272e+01  5.92514850e-06 
 6.49381632e+05  6.49381632e+05  0.00000000e+00 -6.18897272e+01  6.09816596e-06 
 6.68343918e+05  6.68343918e+05  0.00000000e+00 -6.18897272e+01  6.27623562e-06 
 6.87859912e+05  6.87859912e+05  0.00000000e+00 -6.18897272e+01  6.45950501e-06 
 7.07945784e+05  7.07945784e+05  0.00000000e+00 -6.18897272e+01  6.64812596e-06 
 7.28618175e+05  7.28618175e+05  0.00000000e+00 -6.18897272e+01  6.84225474e-06 
 7.49894209e+05  7.49894209e+05  0.00000000e+00 -6.18897272e+01  7.04205219e-06 
 7.71791516e+05  7.71791516e+05  0.00000000e+00 -6.18897272e+01  7.24768382e-06 
 7.94328235e+05  7.94328235e+05  0.00000000e+00 -6.18897272e+01  7.45932001e-06 
 8.17523038e+05  8.17523038e+05  0.00000000e+00 -6.18897272e+01  7.67713609e-06 
 8.41395142e+05  8.41395142e+05  0.00000000e+00 -6.18897272e+01  7.90131251e-06 
 8.65964323e+05  8.65964323e+05  0.00000000e+00 -6.18897272e+01  8.13203500e-06 
 8.91250938e+05  8.91250938e+05  0.00000000e+00 -6.18897272e+01  8.36949470e-06 
 9.17275935e+05  9.17275935e+05  0.00000000e+00 -6.18897272e+01  8.61388836e-06 
 9.44060876e+05  9.44060876e+05  0.00000000e+00 -6.18897272e+01  8.86541844e-06 
 9.71627952e+05  9.71627952e+05  0.00000000e+00 -6.18897272e+01  9.12429333e-06 
 1.00000000e+06  1.00000000e+06  0.00000000e+00 -6.18897272e+01  9.39072751e-06 
 1.02920053e+06  1.02920053e+06  0.00000000e+00 -6.18897272e+01  9.66494170e-06 
 1.05925373e+06  1.05925373e+06  0.00000000e+00 -6.18897272e+01  9.94716309e-06 
 1.09018449e+06  1.09018449e+06  0.00000000e+00 -6.18897272e+01  1.02376255e-05 
 1.12201845e+06  1.12201845e+06  0.00000000e+00 -6.18897272e+01  1.05365696e-05 
 1.15478198e+06  1.15478198e+06  0.00000000e+00 -6.18897272e+01  1.08442429e-05 
 1.18850223e+06  1.18850223e+06  0.00000000e+00 -6.18897272e+01  1.11609006e-05 
 1.22320712e+06  1.22320712e+06  0.00000000e+00 -6.18897272e+01  1.14868047e-05 
 1.25892541e+06  1.25892541e+06  0.00000000e+00 -6.18897272e+01  1.18222255e-05 
 1.29568670e+06  1.29568670e+06  0.00000000e+00 -6.18897272e+01  1.21674407e-05 
 1.33352143e+06  1.33352143e+06  0.00000000e+00 -6.18897272e+01  1.25227364e-05 
 1.37246096e+06  1.37246096e+06  0.00000000e+00 -6.18897272e+01  1.28884069e-05 
 1.41253754e+06  1.41253754e+06  0.00000000e+00 -6.18897272e+01  1.32647552e-05 
 1.45378439e+06  1.45378439e+06  0.00000000e+00 -6.18897272e+01  1.36520930e-05 
 1.49623566e+06  1.49623566e+06  0.00000000e+00 -6.18897272e+01  1.40507413e-05 
 1.53992653e+06  1.53992653e+06  0.00000000e+00 -6.18897272e+01  1.44610304e-05 
 1.58489319e+06  1.58489319e+06  0.00000000e+00 -6.18897272e+01  1.48833001e-05 
 1.63117291e+06  1.63117291e+06  0.00000000e+00 -6.18897272e+01  1.53179003e-05 
 1.67880402e+06  1.67880402e+06  0.00000000e+00 -6.18897272e+01  1.57651910e-05 
 1.72782598e+06  1.72782598e+06  0.00000000e+00 -6.18897272e+01  1.62255429e-05 
 1.77827941e+06  1.77827941e+06  0.00000000e+00 -6.18897272e+01  1.66993373e-05 
 1.83020611e+06  1.83020611e+06  0.00000000e+00 -6.18897272e+01  1.71869668e-05 
 1.88364909e+06  1.88364909e+06  0.00000000e+00 -6.18897272e+01  1.76888352e-05 
 1.93865264e+06  1.93865264e+06  0.00000000e+00 -6.18897272e+01  1.82053585e-05 
 1.99526231e+06  1.99526231e+06  0.00000000e+00 -6.18897272e+01  1.87369646e-05 
 2.05352503e+06  2.05352503e+06  0.00000000e+00 -6.18897272e+01  1.92840938e-05 
 2.11348904e+06  2.11348904e+06  0.00000000e+00 -6.18897272e+01  1.98471995e-05 
 2.17520403e+06  2.17520403e+06  0.00000000e+00 -6.18897272e+01  2.04267482e-05 
 2.23872114e+06  2.23872114e+06  0.00000000e+00 -6.18897272e+01  2.10232200e-05 
 2.30409298e+06  2.30409298e+06  0.00000000e+00 -6.18897272e+01  2.16371091e-05 
 2.37137371e+06  2.37137371e+06  0.00000000e+00 -6.18897272e+01  2.22689241e-05 
 2.44061907e+06  2.44061907e+06  0.00000000e+00 -6.18897272e+01  2.29191884e-05 
 2.51188643e+06  2.51188643e+06  0.00000000e+00 -6.18897272e+01  2.35884408e-05 
 2.58523484e+06  2.58523484e+06  0.00000000e+00 -6.18897272e+01  2.42772357e-05 
 2.66072506e+06  2.66072506e+06  0.00000000e+00 -6.18897272e+01  2.49861437e-05 
 2.73841963e+06  2.73841963e+06  0.00000000e+00 -6.18897272e+01  2.57157523e-05 
 2.81838293e+06  2.81838293e+06  0.00000000e+00 -6.18897272e+01  2.64666658e-05 
 2.90068120e+06  2.90068120e+06  0.00000000e+00 -6.18897272e+01  2.72395063e-05 
 2.98538262e+06  2.98538262e+06  0.00000000e+00 -6.18897272e+01  2.80349143e-05 
 3.07255737e+06  3.07255737e+06  0.00000000e+00 -6.18897272e+01  2.88535485e-05 
 3.16227766e+06  3.16227766e+06  0.00000000e+00 -6.18897272e+01  2.96960873e-05 
 3.25461783e+06  3.25461783e+06  0.00000000e+00 -6.18897272e+01  3.05632287e-05 
 3.34965439e+06  3.34965439e+06  0.00000000e+00 -6.18897272e+01  3.14556910e-05 
 3.44746607e+06  3.44746607e+06  0.00000000e+00 -6.18897272e+01  3.23742138e-05 
 3.54813389e+06  3.54813389e+06  0.00000000e+00 -6.18897272e+01  3.33195578e-05 
 3.65174127e+06  3.65174127e+06  0.00000000e+00 -6.18897272e+01  3.42925064e-05 
 3.75837404e+06  3.75837404e+06  0.00000000e+00 -6.18897272e+01  3.52938656e-05 
 3.86812055e+06  3.86812055e+06  0.00000000e+00 -6.18897272e+01  3.63244651e-05 
 3.98107171e+06  3.98107171e+06  0.00000000e+00 -6.18897272e+01  3.73851585e-05 
 4.09732110e+06  4.09732110e+06  0.00000000e+00 -6.18897272e+01  3.84768248e-05 
 4.21696503e+06  4.21696503e+06  0.00000000e+00 -6.18897272e+01  3.96003683e-05 
 4.34010264e+06  4.34010264e+06  0.00000000e+00 -6.18897272e+01  4.07567198e-05 
 4.46683592e+06  4.46683592e+06  0.00000000e+00 -6.18897272e+01  4.19468375e-05 
 4.59726989e+06  4.59726989e+06  0.00000000e+00 -6.18897272e+01  4.31717071e-05 
 4.73151259e+06  4.73151259e+06  0.00000000e+00 -6.18897272e+01  4.44323436e-05 
 4.86967525e+06  4.86967525e+06  0.00000000e+00 -6.18897271e+01  4.57297914e-05 
 5.01187234e+06  5.01187234e+06  0.00000000e+00 -6.18897271e+01  4.70651253e-05 
 5.15822165e+06  5.15822165e+06  0.00000000e+00 -6.18897271e+01  4.84394516e-05 
 5.30884444e+06  5.30884444e+06  0.00000000e+00 -6.18897271e+01  4.98539090e-05 
 5.46386550e+06  5.46386550e+06  0.00000000e+00 -6.18897271e+01  5.13096692e-05 
 5.62341325e+06  5.62341325e+06  0.00000000e+00 -6.18897271e+01  5.28079385e-05 
 5.78761988e+06  5.78761988e+06  0.00000000e+00 -6.18897271e+01  5.43499579e-05 
 5.95662144e+06  5.95662144e+06  0.00000000e+00 -6.18897271e+01  5.59370051e-05 
 6.13055792e+06  6.13055792e+06  0.00000000e+00 -6.18897271e+01  5.75703949e-05 
 6.30957344e+06  6.30957344e+06  0.00000000e+00 -6.18897271e+01  5.92514806e-05 
 6.49381632e+06  6.49381632e+06  0.00000000e+00 -6.18897271e+01  6.09816548e-05 
 6.68343918e+06  6.68343918e+06  0.00000000e+00 -6.18897271e+01  6.27623509e-05 
 6.87859912e+06  6.87859912e+06  0.00000000e+00 -6.18897271e+01  6.45950444e-05 
 7.07945784e+06  7.07945784e+06  0.00000000e+00 -6.18897271e+01  6.64812534e-05 
 7.28618175e+06  7.28618175e+06  0.00000000e+00 -6.18897270e+01  6.84225406e-05 
 7.49894209e+06  7.49894209e+06  0.00000000e+00 -6.18897270e+01  7.04205145e-05 
 7.71791516e+06  7.71791516e+06  0.00000000e+00 -6.18897270e+01  7.24768302e-05 
 7.94328235e+06  7.94328235e+06  0.00000000e+00 -6.18897270e+01  7.45931913e-05 
 8.17523038e+06  8.17523038e+06  0.00000000e+00 -6.18897270e+01  7.67713513e-05 
 8.41395142e+06  8.41395142e+06  0.00000000e+00 -6.18897270e+01  7.90131146e-05 
 8.65964323e+06  8.65964323e+06  0.00000000e+00 -6.18897270e+01  8.13203386e-05 
 8.91250938e+06  8.91250938e+06  0.00000000e+00 -6.18897270e+01  8.36949346e-05 
 9.17275935e+06  9.17275935e+06  0.00000000e+00 -6.18897269e+01  8.61388701e-05 
 9.44060876e+06  9.44060876e+06  0.00000000e+00 -6.18897269e+01  8.86541697e-05 
 9.71627952e+06  9.71627952e+06  0.00000000e+00 -6.18897269e+01  9.12429173e-05 
 1.00000000e+07  1.00000000e+07  0.00000000e+00 -6.18897269e+01  9.39072576e-05 
 1.02920053e+07  1.02920053e+07  0.00000000e+00 -6.18897269e+01  9.66493979e-05 
 1.05925373e+07  1.05925373e+07  0.00000000e+00 -6.18897268e+01  9.94716101e-05 
 1.09018449e+07  1.09018449e+07  0.00000000e+00 -6.18897268e+01  1.02376232e-04 
 1.12201845e+07  1.12201845e+07  0.00000000e+00 -6.18897268e+01  1.05365671e-04 
 1.15478198e+07  1.15478198e+07  0.00000000e+00 -6.18897268e+01  1.08442402e-04 
 1.18850223e+07  1.18850223e+07  0.00000000e+00 -6.18897267e+01  1.11608976e-04 
 1.22320712e+07  1.22320712e+07  0.00000000e+00 -6.18897267e+01  1.14868015e-04 
 1.25892541e+07  1.25892541e+07  0.00000000e+00 -6.18897267e+01  1.18222220e-04 
 1.29568670e+07  1.29568670e+07  0.00000000e+00 -6.18897266e+01  1.21674369e-04 
 1.33352143e+07  1.33352143e+07  0.00000000e+00 -6.18897266e+01  1.25227322e-04 
 1.37246096e+07  1.37246096e+07  0.00000000e+00 -6.18897266e+01  1.28884023e-04 
 1.41253754e+07  1.41253754e+07  0.00000000e+00 -6.18897265e+01  1.32647502e-04 
 1.45378439e+07  1.45378439e+07  0.00000000e+00 -6.18897265e+01  1.36520876e-04 
 1.49623566e+07  1.49623566e+07  0.00000000e+00 -6.18897264e+01  1.40507354e-04 
 1.53992653e+07  1.53992653e+07  0.00000000e+00 -6.18897264e+01  1.44610240e-04 
 1.58489319e+07  1.58489319e+07  0.00000000e+00 -6.18897263e+01  1.48832931e-04 
 1.63117291e+07  1.63117291e+07  0.00000000e+00 -6.18897263e+01  1.53178927e-04 
 1.67880402e+07  1.67880402e+07  0.00000000e+00 -6.18897262e+01  1.57651827e-04 
 1.72782598e+07  1.72782598e+07  0.00000000e+00 -6.18897262e+01  1.62255339e-04 
 1.77827941e+07  1.77827941e+07  0.00000000e+00 -6.18897261e+01  1.66993274e-04 
 1.83020611e+07  1.83020611e+07  0.00000000e+00 -6.18897260e+01  1.71869560e-04 
 1.88364909e+07  1.88364909e+07  0.00000000e+00 -6.18897260e+01  1.76888235e-04 
 1.93865264e+07  1.93865264e+07  0.00000000e+00 -6.18897259e+01  1.82053458e-04 
 1.99526231e+07  1.99526231e+07  0.00000000e+00 -6.18897258e+01  1.87369507e-04 
 2.05352503e+07  2.05352503e+07  0.00000000e+00 -6.18897257e+01  1.92840787e-04 
 2.11348904e+07  2.11348904e+07  0.00000000e+00 -6.18897257e+01  1.98471830e-04 
 2.17520403e+07  2.17520403e+07  0.00000000e+00 -6.18897256e+01  2.04267302e-04 
 2.23872114e+07  2.23872114e+07  0.00000000e+00 -6.18897255e+01  2.10232004e-04 
 2.30409298e+07  2.30409298e+07  0.00000000e+00 -6.18897254e+01  2.16370877e-04 
 2.37137371e+07  2.37137371e+07  0.00000000e+00 -6.18897252e+01  2.22689007e-04 
 2.44061907e+07  2.44061907e+07  0.00000000e+00 -6.18897251e+01  2.29191629e-04 
 2.51188643e+07  2.51188643e+07  0.00000000e+00 -6.18897250e+01  2.35884130e-04 
 2.58523484e+07  2.58523484e+07  0.00000000e+00 -6.18897249e+01  2.42772054e-04 
 2.66072506e+07  2.66072506e+07  0.00000000e+00 -6.18897247e+01  2.49861107e-04 
 2.73841963e+07  2.73841963e+07  0.00000000e+00 -6.18897246e+01  2.57157163e-04 
 2.81838293e+07  2.81838293e+07  0.00000000e+00 -6.18897244e+01  2.64666265e-04 
 2.90068120e+07  2.90068120e+07  0.00000000e+00 -6.18897243e+01  2.72394636e-04 
 2.98538262e+07  2.98538262e+07  0.00000000e+00 -6.18897241e+01  2.80348676e-04 
 3.07255737e+07  3.07255737e+07  0.00000000e+00 -6.18897239e+01  2.88534977e-04 
 3.16227766e+07  3.16227766e+07  0.00000000e+00 -6.18897237e+01  2.96960319e-04 
 3.25461783e+07  3.25461783e+07  0.00000000e+00 -6.18897235e+01  3.05631683e-04 
 3.34965439e+07  3.34965439e+07  0.00000000e+00 -6.18897233e+01  3.14556252e-04 
 3.44746607e+07  3.44746607e+07  0.00000000e+00 -6.18897230e+01  3.23741419e-04 
 3.54813389e+07  3.54813389e+07  0.00000000e+00 -6.18897228e+01  3.33194795e-04 
 3.65174127e+07  3.65174127e+07  0.00000000e+00 -6.18897225e+01  3.42924211e-04 
 3.75837404e+07  3.75837404e+07  0.00000000e+00 -6.18897222e+01  3.52937726e-04 
 3.86812055e+07  3.86812055e+07  0.00000000e+00 -6.18897219e+01  3.63243636e-04 
 3.98107171e+07  3.98107171e+07  0.00000000e+00 -6.18897216e+01  3.73850480e-04 
 4.09732110e+07  4.09732110e+07  0.00000000e+00 -6.18897213e+01  3.84767042e-04 
 4.21696503e+07  4.21696503e+07  0.00000000e+00 -6.18897209e+01  3.96002369e-04 
 4.34010264e+07  4.34010264e+07  0.00000000e+00 -6.18897206e+01  4.07565766e-04 
 4.46683592e+07  4.46683592e+07  0.00000000e+00 -6.18897202e+01  4.19466813e-04 
 4.59726989e+07  4.59726989e+07  0.00000000e+00 -6.18897198e+01  4.31715369e-04 
 4.73151259e+07  4.73151259e+07  0.00000000e+00 -6.18897193e+01  4.44321580e-04 
 4.86967525e+07  4.86967525e+07  0.00000000e+00 -6.18897188e+01  4.57295890e-04 
 5.01187234e+07  5.01187234e+07  0.00000000e+00 -6.18897184e+01  4.70649046e-04 
 5.15822165e+07  5.15822165e+07  0.00000000e+00 -6.18897178e+01  4.84392111e-04 
 5.30884444e+07  5.30884444e+07  0.00000000e+00 -6.18897173e+01  4.98536468e-04 
 5.46386550e+07  5.46386550e+07  0.00000000e+00 -6.18897167e+01  5.13093834e-04 
 5.62341325e+07  5.62341325e+07  0.00000000e+00 -6.18897161e+01  5.28076268e-04 
 5.78761988e+07  5.78761988e+07  0.00000000e+00 -6.18897154e+01  5.43496182e-04 
 5.95662144e+07  5.95662144e+07  0.00000000e+00 -6.18897147e+01  5.59366347e-04 
 6.13055792e+07  6.13055792e+07  0.00000000e+00 -6.18897139e+01  5.75699911e-04 
 6.30957344e+07  6.30957344e+07  0.00000000e+00 -6.18897132e+01  5.92510404e-04 
 6.49381632e+07  6.49381632e+07  0.00000000e+00 -6.18897123e+01  6.09811749e-04 
 6.68343918e+07  6.68343918e+07  0.00000000e+00 -6.18897114e+01  6.27618277e-04 
 6.87859912e+07  6.87859912e+07  0.00000000e+00 -6.18897105e+01  6.45944740e-04 
 7.07945784e+07  7.07945784e+07  0.00000000e+00 -6.18897095e+01  6.64806315e-04 
 7.28618175e+07  7.28618175e+07  0.00000000e+00 -6.18897085e+01  6.84218627e-04 
 7.49894209e+07  7.49894209e+07  0.00000000e+00 -6.18897074e+01  7.04197754e-04 
 7.71791516e+07  7.71791516e+07  0.00000000e+00 -6.18897062e+01  7.24760245e-04 
 7.94328235e+07  7.94328235e+07  0.00000000e+00 -6.18897049e+01  7.45923130e-04 
 8.17523038e+07  8.17523038e+07  0.00000000e+00 -6.18897036e+01  7.67703937e-04 
 8.41395142e+07  8.41395142e+07  0.00000000e+00 -6.18897022e+01  7.90120707e-04 
 8.65964323e+07  8.65964323e+07  0.00000000e+00 -6.18897007e+01  8.13192005e-04 
 8.91250938e+07  8.91250938e+07  0.00000000e+00 -6.18896992e+01  8.36936939e-04 
 9.17275935e+07  9.17275935e+07  0.00000000e+00 -6.18896975e+01  8.61375175e-04 
 9.44060876e+07  9.44060876e+07  0.00000000e+00 -6.18896957e+01  8.86526951e-04 
 9.71627952e+07  9.71627952e+07  0.00000000e+00 -6.18896939e+01  9.12413097e-04 
 1.00000000e+08  1.00000000e+08  0.00000000e+00 -6.18896919e+01  9.39055050e-04 
 1.02920053e+08  1.02920053e+08  0.00000000e+00 -6.18896898e+01  9.66474873e-04 
 1.05925373e+08  1.05925373e+08  0.00000000e+00 -6.18896876e+01  9.94695272e-04 
 1.09018449e+08  1.09018449e+08  0.00000000e+00 -6.18896852e+01  1.02373962e-03 
 1.12201845e+08  1.12201845e+08  0.00000000e+00 -6.18896827e+01  1.05363195e-03 
 1.15478198e+08  1.15478198e+08  0.00000000e+00 -6.18896801e+01  1.08439704e-03 
 1.18850223e+08  1.18850223e+08  0.00000000e+00 -6.18896773e+01  1.11606034e-03 
 1.22320712e+08  1.22320712e+08  0.00000000e+00 -6.18896743e+01  1.14864808e-03 
 1.25892541e+08  1.25892541e+08  0.00000000e+00 -6.18896712e+01  1.18218723e-03 
 1.29568670e+08  1.29568670e+08  0.00000000e+00 -6.18896679e+01  1.21670557e-03 
 1.33352143e+08  1.33352143e+08  0.00000000e+00 -6.18896644e+01  1.25223166e-03 
 1.37246096e+08  1.37246096e+08  0.00000000e+00 -6.18896607e+01  1.28879493e-03 
 1.41253754e+08  1.41253754e+08  0.00000000e+00 -6.18896567e+01  1.32642563e-03 
 1.45378439e+08  1.45378439e+08  0.00000000e+00 -6.18896525e+01  1.36515491e-03 
 1.49623566e+08  1.49623566e+08  0.00000000e+00 -6.18896481e+01  1.40501484e-03 
 1.53992653e+08  1.53992653e+08  0.00000000e+00 -6.18896434e+01  1.44603840e-03 
 1.58489319e+08  1.58489319e+08  0.00000000e+00 -6.18896385e+01  1.48825954e-03 
 1.63117291e+08  1.63117291e+08  0.00000000e+00 -6.18896332e+01  1.53171321e-03 
 1.67880402e+08  1.67880402e+08  0.00000000e+00 -6.18896276e+01  1.57643535e-03 
 1.72782598e+08  1.72782598e+08  0.00000000e+00 -6.18896217e+01  1.62246299e-03 
 1.77827941e+08  1.77827941e+08  0.00000000e+00 -6.18896155e+01  1.66983420e-03 
 1.83020611e+08  1.83020611e+08  0.00000000e+00 -6.18896088e+01  1.71858817e-03 
 1.88364909e+08  1.88364909e+08  0.00000000e+00 -6.18896018e+01  1.76876523e-03 
 1.93865264e+08  1.93865264e+08  0.00000000e+00 -6.18895944e+01  1.82040689e-03 
 1.99526231e+08  1.99526231e+08  0.00000000e+00 -6.18895865e+01  1.87355587e-03 
 2.05352503e+08  2.05352503e+08  0.00000000e+00 -6.18895782e+01  1.92825611e-03 
 2.11348904e+08  2.11348904e+08  0.00000000e+00 -6.18895694e+01  1.98455286e-03 
 2.17520403e+08  2.17520403e+08  0.00000000e+00 -6.18895600e+01  2.04249266e-03 
 2.23872114e+08  2.23872114e+08  0.00000000e+00 -6.18895501e+01  2.10212341e-03 
 2.30409298e+08  2.30409298e+08  0.00000000e+00 -6.18895396e+01  2.16349441e-03 
 2.37137371e+08  2.37137371e+08  0.00000000e+00 -6.18895285e+01  2.22665639e-03 
 2.44061907e+08  2.44061907e+08  0.00000000e+00 -6.18895167e+01  2.29166154e-03 
 2.51188643e+08  2.51188643e+08  0.00000000e+00 -6.18895042e+01  2.35856357e-03 
 2.58523484e+08  2.58523484e+08  0.00000000e+00 -6.18894910e+01  2.42741776e-03 
 2.66072506e+08  2.66072506e+08  0.00000000e+00 -6.18894770e+01  2.49828099e-03 
 2.73841963e+08  2.73841963e+08  0.00000000e+00 -6.18894622e+01  2.57121179e-03 
 2.81838293e+08  2.81838293e+08  0.00000000e+00 -6.18894465e+01  2.64627036e-03 
 2.90068120e+08  2.90068120e+08  0.00000000e+00 -6.18894299e+01  2.72351869e-03 
 2.98538262e+08  2.98538262e+08  0.00000000e+00 -6.18894123e+01  2.80302053e-03 
 3.07255737e+08  3.07255737e+08  0.00000000e+00 -6.18893936e+01  2.88484149e-03 
 3.16227766e+08  3.16227766e+08  0.00000000e+00 -6.18893738e+01  2.96904908e-03 
 3.25461783e+08  3.25461783e+08  0.00000000e+00 -6.18893529e+01  3.05571276e-03 
 3.34965439e+08  3.34965439e+08  0.00000000e+00 -6.18893307e+01  3.14490398e-03 
 3.44746607e+08  3.44746607e+08  0.00000000e+00 -6.18893072e+01  3.23669627e-03 
 3.54813389e+08  3.54813389e+08  0.00000000e+00 -6.18892824e+01  3.33116530e-03 
 3.65174127e+08  3.65174127e+08  0.00000000e+00 -6.18892560e+01  3.42838888e-03 
 3.75837404e+08  3.75837404e+08  0.00000000e+00 -6.18892281e+01  3.52844710e-03 
 3.86812055e+08  3.86812055e+08  0.00000000e+00 -6.18891985e+01  3.63142233e-03 
 3.98107171e+08  3.98107171e+08  0.00000000e+00 -6.18891672e+01  3.73739933e-03 
 4.09732110e+08  4.09732110e+08  0.00000000e+00 -6.18891340e+01  3.84646529e-03 
 4.21696503e+08  4.21696503e+08  0.00000000e+00 -6.18890989e+01  3.95870989e-03 
 4.34010264e+08  4.34010264e+08  0.00000000e+00 -6.18890617e+01  4.07422541e-03 
 4.46683592e+08  4.46683592e+08  0.00000000e+00 -6.18890223e+01  4.19310675e-03 
 4.59726989e+08  4.59726989e+08  0.00000000e+00 -6.18889805e+01  4.31545153e-03 
 4.73151259e+08  4.73151259e+08  0.00000000e+00 -6.18889363e+01  4.44136018e-03 
 4.86967525e+08  4.86967525e+08  0.00000000e+00 -6.18888894e+01  4.57093599e-03 
 5.01187234e+08  5.01187234e+08  0.00000000e+00 -6.18888398e+01  4.70428518e-03 
 5.15822165e+08  5.15822165e+08  0.00000000e+00 -6.18887873e+01  4.84151701e-03 
 5.30884444e+08  5.30884444e+08  0.00000000e+00 -6.18887316e+01  4.98274384e-03 
 5.46386550e+08  5.46386550e+08  0.00000000e+00 -6.18886726e+01  5.12808124e-03 
 5.62341325e+08  5.62341325e+08  0.00000000e+00 -6.18886102e+01  5.27764802e-03 
 5.78761988e+08  5.78761988e+08  0.00000000e+00 -6.18885440e+01  5.43156638e-03 
 5.95662144e+08  5.95662144e+08  0.00000000e+00 -6.18884740e+01  5.58996197e-03 
 6.13055792e+08  6.13055792e+08  0.00000000e+00 -6.18883998e+01  5.75296395e-03 
 6.30957344e+08  6.30957344e+08  0.00000000e+00 -6.18883212e+01  5.92070516e-03 
 6.49381632e+08  6.49381632e+08  0.00000000e+00 -6.18882379e+01  6.09332211e-03 
 6.68343918e+08  6.68343918e+08  0.00000000e+00 -6.18881497e+01  6.27095519e-03 
 6.87859912e+08  6.87859912e+08  0.00000000e+00 -6.18880563e+01  6.45374865e-03 
 7.07945784e+08  7.07945784e+08  0.00000000e+00 -6.18879574e+01  6.64185081e-03 
 7.28618175e+08  7.28618175e+08  0.00000000e+00 -6.18878527e+01  6.83541406e-03 
 7.49894209e+08  7.49894209e+08  0.00000000e+00 -6.18877417e+01  7.03459503e-03 
 7.71791516e+08  7.71791516e+08  0.00000000e+00 -6.18876242e+01  7.23955466e-03 
 7.94328235e+08  7.94328235e+08  0.00000000e+00 -6.18874997e+01  7.45045832e-03 
 8.17523038e+08  8.17523038e+08  0.00000000e+00 -6.18873679e+01  7.66747590e-03 
 8.41395142e+08  8.41395142e+08  0.00000000e+00 -6.18872283e+01  7.89078192e-03 
 8.65964323e+08  8.65964323e+08  0.00000000e+00 -6.18870804e+01  8.12055564e-03 
 8.91250938e+08  8.91250938e+08  0.00000000e+00 -6.18869239e+01  8.35698115e-03 
 9.17275935e+08  9.17275935e+08  0.00000000e+00 -6.18867580e+01  8.60024750e-03 
 9.44060876e+08  9.44060876e+08  0.00000000e+00 -6.18865824e+01  8.85054881e-03 
 9.71627952e+08  9.71627952e+08  0.00000000e+00 -6.18863964e+01  9.10808432e-03 
 1.00000000e+09  1.00000000e+09  0.00000000e+00 -6.18861994e+01  9.37305859e-03 
 1.02920053e+09  1.02920053e+09  0.00000000e+00 -6.18859907e+01  9.64568150e-03 
 1.05925373e+09  1.05925373e+09  0.00000000e+00 -6.18857698e+01  9.92616843e-03 
 1.09018449e+09  1.09018449e+09  0.00000000e+00 -6.18855359e+01  1.02147404e-02 
 1.12201845e+09  1.12201845e+09  0.00000000e+00 -6.18852881e+01  1.05116239e-02 
 1.15478198e+09  1.15478198e+09  0.00000000e+00 -6.18850257e+01  1.08170514e-02 
 1.18850223e+09  1.18850223e+09  0.00000000e+00 -6.18847479e+01  1.11312613e-02 
 1.22320712e+09  1.22320712e+09  0.00000000e+00 -6.18844537e+01  1.14544976e-02 
 1.25892541e+09  1.25892541e+09  0.00000000e+00 -6.18841421e+01  1.17870107e-02 
 1.29568670e+09  1.29568670e+09  0.00000000e+00 -6.18838122e+01  1.21290570e-02 
 1.33352143e+09  1.33352143e+09  0.00000000e+00 -6.18834629e+01  1.24808990e-02 
 1.37246096e+09  1.37246096e+09  0.00000000e+00 -6.18830931e+01  1.28428056e-02 
 1.41253754e+09  1.41253754e+09  0.00000000e+00 -6.18827015e+01  1.32150519e-02 
 1.45378439e+09  1.45378439e+09  0.00000000e+00 -6.18822868e+01  1.35979195e-02 
 1.49623566e+09  1.49623566e+09  0.00000000e+00 -6.18818478e+01  1.39916963e-02 
 1.53992653e+09  1.53992653e+09  0.00000000e+00 -6.18813830e+01  1.43966766e-02 
 1.58489319e+09  1.58489319e+09  0.00000000e+00 -6.18808910e+01  1.48131614e-02 
 1.63117291e+09  1.63117291e+09  0.00000000e+00 -6.18803700e+01  1.52414579e-02 
 1.67880402e+09  1.67880402e+09  0.00000000e+00 -6.18798185e+01  1.56818797e-02 
 1.72782598e+09  1.72782598e+09  0.00000000e+00 -6.18792347e+01  1.61347471e-02 
 1.77827941e+09  1.77827941e+09  0.00000000e+00 -6.18786167e+01  1.66003864e-02 
 1.83020611e+09  1.83020611e+09  0.00000000e+00 -6.18779625e+01  1.70791305e-02 
 1.88364909e+09  1.88364909e+09  0.00000000e+00 -6.18772701e+01  1.75713182e-02 
 1.93865264e+09  1.93865264e+09  0.00000000e+00 -6.18765372e+01  1.80772945e-02 
 1.99526231e+09  1.99526231e+09  0.00000000e+00 -6.18757615e+01  1.85974102e-02 
 2.05352503e+09  2.05352503e+09  0.00000000e+00 -6.18749405e+01  1.91320219e-02 
 2.11348904e+09  2.11348904e+09  0.00000000e+00 -6.18740717e+01  1.96814917e-02 
 2.17520403e+09  2.17520403e+09  0.00000000e+00 -6.18731524e+01  2.02461868e-02 
 2.23872114e+09  2.23872114e+09  0.00000000e+00 -6.18721795e+01  2.08264794e-02 
 2.30409298e+09  2.30409298e+09  0.00000000e+00 -6.18711501e+01  2.14227462e-02 
 2.37137371e+09  2.37137371e+09  0.00000000e+00 -6.18700610e+01  2.20353682e-02 
 2.44061907e+09  2.44061907e+09  0.00000000e+00 -6.18689087e+01  2.26647299e-02 
 2.51188643e+09  2.51188643e+09  0.00000000e+00 -6.18676897e+01  2.33112192e-02 
 2.58523484e+09  2.58523484e+09  0.00000000e+00 -6.18664003e+01  2.39752265e-02 
 2.66072506e+09  2.66072506e+09  0.00000000e+00 -6.18650364e+01  2.46571442e-02 
 2.73841963e+09  2.73841963e+09  0.00000000e+00 -6.18635939e+01  2.53573659e-02 
 2.81838293e+09  2.81838293e+09  0.00000000e+00 -6.18620685e+01  2.60762858e-02 
 2.90068120e+09  2.90068120e+09  0.00000000e+00 -6.18604553e+01  2.68142974e-02 
 2.98538262e+09  2.98538262e+09  0.00000000e+00 -6.18587497e+01  2.75717928e-02 
 3.07255737e+09  3.07255737e+09  0.00000000e+00 -6.18569465e+01  2.83491618e-02 
 3.16227766e+09  3.16227766e+09  0.00000000e+00 -6.18550404e+01  2.91467903e-02 
 3.25461783e+09  3.25461783e+09  0.00000000e+00 -6.18530256e+01  2.99650590e-02 
 3.34965439e+09  3.34965439e+09  0.00000000e+00 -6.18508962e+01  3.08043424e-02 
 3.44746607e+09  3.44746607e+09  0.00000000e+00 -6.18486461e+01  3.16650067e-02 
 3.54813389e+09  3.54813389e+09  0.00000000e+00 -6.18462687e+01  3.25474084e-02 
 3.65174127e+09  3.65174127e+09  0.00000000e+00 -6.18437572e+01  3.34518925e-02 
 3.75837404e+09  3.75837404e+09  0.00000000e+00 -6.18411044e+01  3.43787902e-02 
 3.86812055e+09  3.86812055e+09  0.00000000e+00 -6.18383029e+01  3.53284168e-02 
 3.98107171e+09  3.98107171e+09  0.00000000e+00 -6.18353448e+01  3.63010694e-02 
 4.09732110e+09  4.09732110e+09  0.00000000e+00 -6.18322220e+01  3.72970245e-02 
 4.21696503e+09  4.21696503e+09  0.00000000e+00 -6.18289258e+01  3.83165349e-02 
 4.34010264e+09  4.34010264e+09  0.00000000e+00 -6.18254475e+01  3.93598270e-02 
 4.46683592e+09  4.46683592e+09  0.00000000e+00 -6.18217776e+01  4.04270976e-02 
 4.59726989e+09  4.59726989e+09  0.00000000e+00 -6.18179066e+01  4.15185105e-02 
 4.73151259e+09  4.73151259e+09  0.00000000e+00 -6.18138244e+01  4.26341929e-02 
 4.86967525e+09  4.86967525e+09  0.00000000e+00 -6.18095205e+01  4.37742317e-02 
 5.01187234e+09  5.01187234e+09  0.00000000e+00 -6.18049842e+01  4.49386692e-02 
 5.15822165e+09  5.15822165e+09  0.00000000e+00 -6.18002041e+01  4.61274992e-02 
 5.30884444e+09  5.30884444e+09  0.00000000e+00 -6.17951687e+01  4.73406620e-02 
 5.46386550e+09  5.46386550e+09  0.00000000e+00 -6.17898661e+01  4.85780402e-02 
 5.62341325e+09  5.62341325e+09  0.00000000e+00 -6.17842837e+01  4.98394533e-02 
 5.78761988e+09  5.78761988e+09  0.00000000e+00 -6.17784090e+01  5.11246527e-02 
 5.95662144e+09  5.95662144e+09  0.00000000e+00 -6.17722288e+01  5.24333165e-02 
 6.13055792e+09  6.13055792e+09  0.00000000e+00 -6.17657297e+01  5.37650436e-02 
 6.30957344e+09  6.30957344e+09  0.00000000e+00 -6.17588980e+01  5.51193483e-02 
 6.49381632e+09  6.49381632e+09  0.00000000e+00 -6.17517197e+01  5.64956543e-02 
 6.68343918e+09  6.68343918e+09  0.00000000e+00 -6.17441805e+01  5.78932888e-02 
 6.87859912e+09  6.87859912e+09  0.00000000e+00 -6.17362660e+01  5.93114763e-02 
 7.07945784e+09  7.07945784e+09  0.00000000e+00 -6.17279616e+01  6.07493329e-02 
 7.28618175e+09  7.28618175e+09  0.00000000e+00 -6.17192524e+01  6.22058601e-02 
 7.49894209e+09  7.49894209e+09  0.00000000e+00 -6.17101236e+01  6.36799389e-02 
 7.71791516e+09  7.71791516e+09  0.00000000e+00 -6.17005603e+01  6.51703241e-02 
 7.94328235e+09  7.94328235e+09  0.00000000e+00 -6.16905479e+01  6.66756387e-02 
 8.17523038e+09  8.17523038e+09  0.00000000e+00 -6.16800715e+01  6.81943689e-02 
 8.41395142e+09  8.41395142e+09  0.00000000e+00 -6.16691168e+01  6.97248592e-02 
 8.65964323e+09  8.65964323e+09  0.00000000e+00 -6.16576696e+01  7.12653081e-02 
 8.91250938e+09  8.91250938e+09  0.00000000e+00 -6.16457161e+01  7.28137644e-02 
 9.17275935e+09  9.17275935e+09  0.00000000e+00 -6.16332432e+01  7.43681245e-02 
 9.44060876e+09  9.44060876e+09  0.00000000e+00 -6.16202381e+01  7.59261304e-02 
 9.71627952e+09  9.71627952e+09  0.00000000e+00 -6.16066889e+01  7.74853682e-02 
 1.00000000e+10  1.00000000e+10  0.00000000e+00 -6.15925846e+01  7.90432682e-02 
