 v-sweep         v(in)           v(out)          i(vdd)         
 0.00000000e+00  0.00000000e+00  1.34909078e+00 -1.35909078e-12 
 5.00000000e-03  5.00000000e-03  1.34954510e+00 -1.35954510e-12 
 1.00000000e-02  1.00000000e-02  1.34977201e+00 -1.35977201e-12 
 1.50000000e-02  1.50000000e-02  1.34988493e+00 -1.35988493e-12 
 2.00000000e-02  2.00000000e-02  1.34994034e+00 -1.35994034e-12 
 2.50000000e-02  2.50000000e-02  1.34996608e+00 -1.35996608e-12 
 3.00000000e-02  3.00000000e-02  1.34997584e+00 -1.35997584e-12 
 3.50000000e-02  3.50000000e-02  1.34997781e+00 -1.35997781e-12 
 4.00000000e-02  4.00000000e-02  1.34997789e+00 -1.35997789e-12 
 4.50000000e-02  4.50000000e-02  1.34997789e+00 -1.35997789e-12 
 5.00000000e-02  5.00000000e-02  1.34997789e+00 -1.35997789e-12 
 5.50000000e-02  5.50000000e-02  1.34997789e+00 -1.35997789e-12 
 6.00000000e-02  6.00000000e-02  1.34997789e+00 -1.35997789e-12 
 6.50000000e-02  6.50000000e-02  1.34997789e+00 -1.35997789e-12 
 7.00000000e-02  7.00000000e-02  1.34997789e+00 -1.35997789e-12 
 7.50000000e-02  7.50000000e-02  1.34997789e+00 -1.35997789e-12 
 8.00000000e-02  8.00000000e-02  1.34997789e+00 -1.35997789e-12 
 8.50000000e-02  8.50000000e-02  1.34997789e+00 -1.35997789e-12 
 9.00000000e-02  9.00000000e-02  1.34997789e+00 -1.35997789e-12 
 9.50000000e-02  9.50000000e-02  1.34997789e+00 -1.35997789e-12 
 1.00000000e-01  1.00000000e-01  1.34997789e+00 -1.35997789e-12 
 1.05000000e-01  1.05000000e-01  1.34997789e+00 -1.35997789e-12 
 1.10000000e-01  1.10000000e-01  1.34997789e+00 -1.35997789e-12 
 1.15000000e-01  1.15000000e-01  1.34997789e+00 -1.35997789e-12 
 1.20000000e-01  1.20000000e-01  1.34997789e+00 -1.35997789e-12 
 1.25000000e-01  1.25000000e-01  1.34997789e+00 -1.35997789e-12 
 1.30000000e-01  1.30000000e-01  1.34997789e+00 -1.35997789e-12 
 1.35000000e-01  1.35000000e-01  1.34997789e+00 -1.35997789e-12 
 1.40000000e-01  1.40000000e-01  1.34997789e+00 -1.35997789e-12 
 1.45000000e-01  1.45000000e-01  1.34997789e+00 -1.35997789e-12 
 1.50000000e-01  1.50000000e-01  1.34997789e+00 -1.35997789e-12 
 1.55000000e-01  1.55000000e-01  1.34997789e+00 -1.35997789e-12 
 1.60000000e-01  1.60000000e-01  1.34997789e+00 -1.35997789e-12 
 1.65000000e-01  1.65000000e-01  1.34997789e+00 -1.35997789e-12 
 1.70000000e-01  1.70000000e-01  1.34997789e+00 -1.35997789e-12 
 1.75000000e-01  1.75000000e-01  1.34997789e+00 -1.35997789e-12 
 1.80000000e-01  1.80000000e-01  1.34997789e+00 -1.35997789e-12 
 1.85000000e-01  1.85000000e-01  1.34997789e+00 -1.35997789e-12 
 1.90000000e-01  1.90000000e-01  1.34997789e+00 -1.35997789e-12 
 1.95000000e-01  1.95000000e-01  1.34997789e+00 -1.35997789e-12 
 2.00000000e-01  2.00000000e-01  1.34997789e+00 -1.35997789e-12 
 2.05000000e-01  2.05000000e-01  1.34997789e+00 -1.35997789e-12 
 2.10000000e-01  2.10000000e-01  1.34997789e+00 -1.35997789e-12 
 2.15000000e-01  2.15000000e-01  1.34997789e+00 -1.35997789e-12 
 2.20000000e-01  2.20000000e-01  1.34997789e+00 -1.35997789e-12 
 2.25000000e-01  2.25000000e-01  1.34997789e+00 -1.35997789e-12 
 2.30000000e-01  2.30000000e-01  1.34997789e+00 -1.35997789e-12 
 2.35000000e-01  2.35000000e-01  1.34997789e+00 -1.35997789e-12 
 2.40000000e-01  2.40000000e-01  1.34997789e+00 -1.35997789e-12 
 2.45000000e-01  2.45000000e-01  1.34997789e+00 -1.35997789e-12 
 2.50000000e-01  2.50000000e-01  1.34997789e+00 -1.35997789e-12 
 2.55000000e-01  2.55000000e-01  1.34997789e+00 -1.35997789e-12 
 2.60000000e-01  2.60000000e-01  1.34997789e+00 -1.35997789e-12 
 2.65000000e-01  2.65000000e-01  1.34997789e+00 -1.35997789e-12 
 2.70000000e-01  2.70000000e-01  1.34997789e+00 -1.35997789e-12 
 2.75000000e-01  2.75000000e-01  1.34997789e+00 -1.35997789e-12 
 2.80000000e-01  2.80000000e-01  1.34997789e+00 -1.35997789e-12 
 2.85000000e-01  2.85000000e-01  1.34997789e+00 -1.35997789e-12 
 2.90000000e-01  2.90000000e-01  1.34997789e+00 -1.35997789e-12 
 2.95000000e-01  2.95000000e-01  1.34997789e+00 -1.35997789e-12 
 3.00000000e-01  3.00000000e-01  1.34997789e+00 -1.35997789e-12 
 3.05000000e-01  3.05000000e-01  1.34997789e+00 -1.35997789e-12 
 3.10000000e-01  3.10000000e-01  1.34997789e+00 -1.35997789e-12 
 3.15000000e-01  3.15000000e-01  1.34997789e+00 -1.35997789e-12 
 3.20000000e-01  3.20000000e-01  1.34997789e+00 -1.35997789e-12 
 3.25000000e-01  3.25000000e-01  1.34997789e+00 -1.35997789e-12 
 3.30000000e-01  3.30000000e-01  1.34997789e+00 -1.35997789e-12 
 3.35000000e-01  3.35000000e-01  1.34997789e+00 -1.35997789e-12 
 3.40000000e-01  3.40000000e-01  1.34997789e+00 -1.35997789e-12 
 3.45000000e-01  3.45000000e-01  1.34997789e+00 -1.35997789e-12 
 3.50000000e-01  3.50000000e-01  1.34997789e+00 -1.35997789e-12 
 3.55000000e-01  3.55000000e-01  1.34997789e+00 -1.35997789e-12 
 3.60000000e-01  3.60000000e-01  1.34997789e+00 -1.35997789e-12 
 3.65000000e-01  3.65000000e-01  1.34997789e+00 -1.35997789e-12 
 3.70000000e-01  3.70000000e-01  1.34997789e+00 -1.35997789e-12 
 3.75000000e-01  3.75000000e-01  1.34997789e+00 -1.35997789e-12 
 3.80000000e-01  3.80000000e-01  1.34997789e+00 -1.35997789e-12 
 3.85000000e-01  3.85000000e-01  1.34997789e+00 -1.35997789e-12 
 3.90000000e-01  3.90000000e-01  1.34997789e+00 -1.35997789e-12 
 3.95000000e-01  3.95000000e-01  1.34997789e+00 -1.35997789e-12 
 4.00000000e-01  4.00000000e-01  1.34997789e+00 -1.35997789e-12 
 4.05000000e-01  4.05000000e-01  1.34997789e+00 -1.35997789e-12 
 4.10000000e-01  4.10000000e-01  1.34997789e+00 -1.35997789e-12 
 4.15000000e-01  4.15000000e-01  1.34997789e+00 -1.35997789e-12 
 4.20000000e-01  4.20000000e-01  1.34997789e+00 -1.35997789e-12 
 4.25000000e-01  4.25000000e-01  1.34997789e+00 -1.35997789e-12 
 4.30000000e-01  4.30000000e-01  1.34997789e+00 -1.35997789e-12 
 4.35000000e-01  4.35000000e-01  1.34997789e+00 -1.35997789e-12 
 4.40000000e-01  4.40000000e-01  1.34997789e+00 -1.35997789e-12 
 4.45000000e-01  4.45000000e-01  1.34997789e+00 -1.35997789e-12 
 4.50000000e-01  4.50000000e-01  1.34997789e+00 -1.35997789e-12 
 4.55000000e-01  4.55000000e-01  1.34364319e+00 -6.76813870e-08 
 4.60000000e-01  4.60000000e-01  1.33788114e+00 -2.70608801e-07 
 4.65000000e-01  4.65000000e-01  1.33183466e+00 -6.08602067e-07 
 4.70000000e-01  4.70000000e-01  1.32579049e+00 -1.08148539e-06 
 4.75000000e-01  4.75000000e-01  1.31975176e+00 -1.68908210e-06 
 4.80000000e-01  4.80000000e-01  1.31371847e+00 -2.43121577e-06 
 4.85000000e-01  4.85000000e-01  1.30769061e+00 -3.30771031e-06 
 4.90000000e-01  4.90000000e-01  1.30166816e+00 -4.31838993e-06 
 4.95000000e-01  4.95000000e-01  1.29565111e+00 -5.46307914e-06 
 5.00000000e-01  5.00000000e-01  1.28963945e+00 -6.74160281e-06 
 5.05000000e-01  5.05000000e-01  1.28363318e+00 -8.15378608e-06 
 5.10000000e-01  5.10000000e-01  1.27763227e+00 -9.69945441e-06 
 5.15000000e-01  5.15000000e-01  1.27163673e+00 -1.13784336e-05 
 5.20000000e-01  5.20000000e-01  1.26564653e+00 -1.31905497e-05 
 5.25000000e-01  5.25000000e-01  1.25966167e+00 -1.51356291e-05 
 5.30000000e-01  5.30000000e-01  1.25368213e+00 -1.72134985e-05 
 5.35000000e-01  5.35000000e-01  1.24770791e+00 -1.94239850e-05 
 5.40000000e-01  5.40000000e-01  1.24173900e+00 -2.17669158e-05 
 5.45000000e-01  5.45000000e-01  1.23577538e+00 -2.42421186e-05 
 5.50000000e-01  5.50000000e-01  1.22981704e+00 -2.68494212e-05 
 5.55000000e-01  5.55000000e-01  1.22386398e+00 -2.95886520e-05 
 5.60000000e-01  5.60000000e-01  1.21791617e+00 -3.24596393e-05 
 5.65000000e-01  5.65000000e-01  1.21197362e+00 -3.54622121e-05 
 5.70000000e-01  5.70000000e-01  1.20603631e+00 -3.85961995e-05 
 5.75000000e-01  5.75000000e-01  1.20010423e+00 -4.18614308e-05 
 5.80000000e-01  5.80000000e-01  1.19417737e+00 -4.52577358e-05 
 5.85000000e-01  5.85000000e-01  1.18825572e+00 -4.87849446e-05 
 5.90000000e-01  5.90000000e-01  1.18233926e+00 -5.24428873e-05 
 5.95000000e-01  5.95000000e-01  1.17642800e+00 -5.62313947e-05 
 6.00000000e-01  6.00000000e-01  1.17052192e+00 -6.01502976e-05 
 6.05000000e-01  6.05000000e-01  1.16462100e+00 -6.41994272e-05 
 6.10000000e-01  6.10000000e-01  1.15872266e+00 -6.83136140e-05 
 6.15000000e-01  6.15000000e-01  1.15283214e+00 -7.26227754e-05 
 6.20000000e-01  6.20000000e-01  1.14694666e+00 -7.70616590e-05 
 6.25000000e-01  6.25000000e-01  1.14106632e+00 -8.16300969e-05 
 6.30000000e-01  6.30000000e-01  1.13519109e+00 -8.63279216e-05 
 6.35000000e-01  6.35000000e-01  1.12932097e+00 -9.11549661e-05 
 6.40000000e-01  6.40000000e-01  1.12345595e+00 -9.61110635e-05 
 6.45000000e-01  6.45000000e-01  1.11759601e+00 -1.01196047e-04 
 6.50000000e-01  6.50000000e-01  1.11174115e+00 -1.06409752e-04 
 6.55000000e-01  6.55000000e-01  1.10589136e+00 -1.11752010e-04 
 6.60000000e-01  6.60000000e-01  1.10004662e+00 -1.17222657e-04 
 6.65000000e-01  6.65000000e-01  1.09420694e+00 -1.22821528e-04 
 6.70000000e-01  6.70000000e-01  1.08837229e+00 -1.28548456e-04 
 6.75000000e-01  6.75000000e-01  1.08254266e+00 -1.34403278e-04 
 6.80000000e-01  6.80000000e-01  1.07671806e+00 -1.40385829e-04 
 6.85000000e-01  6.85000000e-01  1.07089846e+00 -1.46495944e-04 
 6.90000000e-01  6.90000000e-01  1.06508387e+00 -1.52733460e-04 
 6.95000000e-01  6.95000000e-01  1.05927426e+00 -1.59098212e-04 
 7.00000000e-01  7.00000000e-01  1.05346963e+00 -1.65590038e-04 
 7.05000000e-01  7.05000000e-01  1.04766997e+00 -1.72208775e-04 
 7.10000000e-01  7.10000000e-01  1.04187527e+00 -1.78954258e-04 
 7.15000000e-01  7.15000000e-01  1.03608552e+00 -1.85826327e-04 
 7.20000000e-01  7.20000000e-01  1.03030071e+00 -1.92824818e-04 
 7.25000000e-01  7.25000000e-01  1.02452084e+00 -1.99949569e-04 
 7.30000000e-01  7.30000000e-01  1.01874588e+00 -2.07200419e-04 
 7.35000000e-01  7.35000000e-01  1.01297584e+00 -2.14577205e-04 
 7.40000000e-01  7.40000000e-01  1.00721070e+00 -2.22079768e-04 
 7.45000000e-01  7.45000000e-01  1.00145046e+00 -2.29707945e-04 
 7.50000000e-01  7.50000000e-01  9.95695101e-01 -2.37461576e-04 
 7.55000000e-01  7.55000000e-01  9.89944618e-01 -2.45340501e-04 
 7.60000000e-01  7.60000000e-01  9.84199000e-01 -2.53344559e-04 
 7.65000000e-01  7.65000000e-01  9.78458240e-01 -2.61473590e-04 
 7.70000000e-01  7.70000000e-01  9.72722327e-01 -2.69727435e-04 
 7.75000000e-01  7.75000000e-01  9.66991253e-01 -2.78105935e-04 
 7.80000000e-01  7.80000000e-01  9.61265008e-01 -2.86608929e-04 
 7.85000000e-01  7.85000000e-01  9.55543584e-01 -2.95236260e-04 
 7.90000000e-01  7.90000000e-01  9.49826971e-01 -3.03987769e-04 
 7.95000000e-01  7.95000000e-01  9.44115161e-01 -3.12863296e-04 
 8.00000000e-01  8.00000000e-01  9.38408144e-01 -3.21862685e-04 
 8.05000000e-01  8.05000000e-01  9.32705912e-01 -3.30985777e-04 
 8.10000000e-01  8.10000000e-01  9.27008454e-01 -3.40232415e-04 
 8.15000000e-01  8.15000000e-01  9.21315764e-01 -3.49602442e-04 
 8.20000000e-01  8.20000000e-01  9.15627831e-01 -3.59095699e-04 
 8.25000000e-01  8.25000000e-01  9.09944647e-01 -3.68712031e-04 
 8.30000000e-01  8.30000000e-01  9.04266202e-01 -3.78451281e-04 
 8.35000000e-01  8.35000000e-01  8.98592489e-01 -3.88313292e-04 
 8.40000000e-01  8.40000000e-01  8.92923499e-01 -3.98297909e-04 
 8.45000000e-01  8.45000000e-01  8.87259222e-01 -4.08404976e-04 
 8.50000000e-01  8.50000000e-01  8.81599650e-01 -4.18634336e-04 
 8.55000000e-01  8.55000000e-01  8.75944774e-01 -4.28985835e-04 
 8.60000000e-01  8.60000000e-01  8.70294586e-01 -4.39459318e-04 
 8.65000000e-01  8.65000000e-01  8.64649078e-01 -4.50054630e-04 
 8.70000000e-01  8.70000000e-01  8.59008239e-01 -4.60771616e-04 
 8.75000000e-01  8.75000000e-01  8.53372063e-01 -4.71610122e-04 
 8.80000000e-01  8.80000000e-01  8.47740539e-01 -4.82569994e-04 
 8.85000000e-01  8.85000000e-01  8.42113661e-01 -4.93651078e-04 
 8.90000000e-01  8.90000000e-01  8.36491419e-01 -5.04853221e-04 
 8.95000000e-01  8.95000000e-01  8.30873805e-01 -5.16176268e-04 
 9.00000000e-01  9.00000000e-01  8.25260810e-01 -5.27620068e-04 
 9.05000000e-01  9.05000000e-01  8.19652427e-01 -5.39184466e-04 
 9.10000000e-01  9.10000000e-01  8.14048646e-01 -5.50869312e-04 
 9.15000000e-01  9.15000000e-01  8.08449460e-01 -5.62674451e-04 
 9.20000000e-01  9.20000000e-01  8.02854859e-01 -5.74599732e-04 
 9.25000000e-01  9.25000000e-01  7.97264837e-01 -5.86645004e-04 
 9.30000000e-01  9.30000000e-01  7.91679383e-01 -5.98810114e-04 
 9.35000000e-01  9.35000000e-01  7.86098491e-01 -6.11094911e-04 
 9.40000000e-01  9.40000000e-01  7.80522153e-01 -6.23499244e-04 
 9.45000000e-01  9.45000000e-01  7.74950359e-01 -6.36022961e-04 
 9.50000000e-01  9.50000000e-01  7.69383101e-01 -6.48665913e-04 
 9.55000000e-01  9.55000000e-01  7.63820373e-01 -6.61427949e-04 
 9.60000000e-01  9.60000000e-01  7.58262164e-01 -6.74308918e-04 
 9.65000000e-01  9.65000000e-01  7.52708469e-01 -6.87308671e-04 
 9.70000000e-01  9.70000000e-01  7.47159277e-01 -7.00427058e-04 
 9.75000000e-01  9.75000000e-01  7.41614582e-01 -7.13663928e-04 
 9.80000000e-01  9.80000000e-01  7.36074375e-01 -7.27019134e-04 
 9.85000000e-01  9.85000000e-01  7.30538648e-01 -7.40492525e-04 
 9.90000000e-01  9.90000000e-01  7.25007394e-01 -7.54083954e-04 
 9.95000000e-01  9.95000000e-01  7.19480604e-01 -7.67793271e-04 
 1.00000000e+00  1.00000000e+00  7.13958271e-01 -7.81620327e-04 
 1.00500000e+00  1.00500000e+00  7.08440386e-01 -7.95564976e-04 
 1.01000000e+00  1.01000000e+00  7.02926942e-01 -8.09627069e-04 
 1.01500000e+00  1.01500000e+00  6.97417932e-01 -8.23806458e-04 
 1.02000000e+00  1.02000000e+00  6.91913346e-01 -8.38102995e-04 
 1.02500000e+00  1.02500000e+00  6.86413178e-01 -8.52516534e-04 
 1.03000000e+00  1.03000000e+00  6.80917419e-01 -8.67046928e-04 
 1.03500000e+00  1.03500000e+00  6.75426062e-01 -8.81694030e-04 
 1.04000000e+00  1.04000000e+00  6.69939099e-01 -8.96457692e-04 
 1.04500000e+00  1.04500000e+00  6.64456523e-01 -9.11337770e-04 
 1.05000000e+00  1.05000000e+00  6.58978326e-01 -9.26334116e-04 
 1.05500000e+00  1.05500000e+00  6.53504500e-01 -9.41446585e-04 
 1.06000000e+00  1.06000000e+00  6.48035038e-01 -9.56675032e-04 
 1.06500000e+00  1.06500000e+00  6.42569931e-01 -9.72019310e-04 
 1.07000000e+00  1.07000000e+00  6.37109173e-01 -9.87479274e-04 
 1.07500000e+00  1.07500000e+00  6.31652756e-01 -1.00305478e-03 
 1.08000000e+00  1.08000000e+00  6.26200673e-01 -1.01874568e-03 
 1.08500000e+00  1.08500000e+00  6.20833543e-01 -1.03431885e-03 
 1.09000000e+00  1.09000000e+00  6.15726471e-01 -1.04925658e-03 
 1.09500000e+00  1.09500000e+00  6.10778720e-01 -1.06383330e-03 
 1.10000000e+00  1.10000000e+00  6.05981679e-01 -1.07806668e-03 
 1.10500000e+00  1.10500000e+00  6.01325543e-01 -1.09197681e-03 
 1.11000000e+00  1.11000000e+00  5.96801547e-01 -1.10558176e-03 
 1.11500000e+00  1.11500000e+00  5.92401773e-01 -1.11889793e-03 
 1.12000000e+00  1.12000000e+00  5.88119039e-01 -1.13194024e-03 
 1.12500000e+00  1.12500000e+00  5.83946812e-01 -1.14472233e-03 
 1.13000000e+00  1.13000000e+00  5.79879127e-01 -1.15725674e-03 
 1.13500000e+00  1.13500000e+00  5.75910520e-01 -1.16955496e-03 
 1.14000000e+00  1.14000000e+00  5.72035973e-01 -1.18162763e-03 
 1.14500000e+00  1.14500000e+00  5.68250863e-01 -1.19348457e-03 
 1.15000000e+00  1.15000000e+00  5.64550922e-01 -1.20513489e-03 
 1.15500000e+00  1.15500000e+00  5.60932200e-01 -1.21658705e-03 
 1.16000000e+00  1.16000000e+00  5.57391032e-01 -1.22784897e-03 
 1.16500000e+00  1.16500000e+00  5.53924011e-01 -1.23892799e-03 
 1.17000000e+00  1.17000000e+00  5.50527963e-01 -1.24983101e-03 
 1.17500000e+00  1.17500000e+00  5.47199927e-01 -1.26056448e-03 
 1.18000000e+00  1.18000000e+00  5.43937132e-01 -1.27113447e-03 
 1.18500000e+00  1.18500000e+00  5.40736985e-01 -1.28154668e-03 
 1.19000000e+00  1.19000000e+00  5.37597054e-01 -1.29180648e-03 
 1.19500000e+00  1.19500000e+00  5.34515052e-01 -1.30191892e-03 
 1.20000000e+00  1.20000000e+00  5.31488829e-01 -1.31188880e-03 
 1.20500000e+00  1.20500000e+00  5.28516357e-01 -1.32172063e-03 
 1.21000000e+00  1.21000000e+00  5.25595726e-01 -1.33141871e-03 
 1.21500000e+00  1.21500000e+00  5.22725128e-01 -1.34098708e-03 
 1.22000000e+00  1.22000000e+00  5.19902857e-01 -1.35042962e-03 
 1.22500000e+00  1.22500000e+00  5.17127293e-01 -1.35974999e-03 
 1.23000000e+00  1.23000000e+00  5.14396904e-01 -1.36895167e-03 
 1.23500000e+00  1.23500000e+00  5.11710233e-01 -1.37803799e-03 
 1.24000000e+00  1.24000000e+00  5.09065899e-01 -1.38701212e-03 
 1.24500000e+00  1.24500000e+00  5.06462588e-01 -1.39587708e-03 
 1.25000000e+00  1.25000000e+00  5.03899046e-01 -1.40463576e-03 
 1.25500000e+00  1.25500000e+00  5.01374083e-01 -1.41329092e-03 
 1.26000000e+00  1.26000000e+00  4.98886561e-01 -1.42184520e-03 
 1.26500000e+00  1.26500000e+00  4.96435396e-01 -1.43030114e-03 
 1.27000000e+00  1.27000000e+00  4.94019552e-01 -1.43866115e-03 
 1.27500000e+00  1.27500000e+00  4.91638037e-01 -1.44692758e-03 
 1.28000000e+00  1.28000000e+00  4.89289905e-01 -1.45510264e-03 
 1.28500000e+00  1.28500000e+00  4.86974248e-01 -1.46318849e-03 
 1.29000000e+00  1.29000000e+00  4.84690197e-01 -1.47118718e-03 
 1.29500000e+00  1.29500000e+00  4.82436920e-01 -1.47910071e-03 
 1.30000000e+00  1.30000000e+00  4.80213616e-01 -1.48693097e-03 
 1.30500000e+00  1.30500000e+00  4.78019520e-01 -1.49467980e-03 
 1.31000000e+00  1.31000000e+00  4.75853894e-01 -1.50234899e-03 
 1.31500000e+00  1.31500000e+00  4.73716029e-01 -1.50994023e-03 
 1.32000000e+00  1.32000000e+00  4.71605246e-01 -1.51745517e-03 
 1.32500000e+00  1.32500000e+00  4.69520888e-01 -1.52489541e-03 
 1.33000000e+00  1.33000000e+00  4.67462325e-01 -1.53226248e-03 
 1.33500000e+00  1.33500000e+00  4.65428950e-01 -1.53955786e-03 
 1.34000000e+00  1.34000000e+00  4.63420175e-01 -1.54678299e-03 
 1.34500000e+00  1.34500000e+00  4.61435438e-01 -1.55393926e-03 
 1.35000000e+00  1.35000000e+00  4.59474192e-01 -1.56102800e-03 
 1.35500000e+00  1.35500000e+00  4.57535912e-01 -1.56805053e-03 
 1.36000000e+00  1.36000000e+00  4.55620091e-01 -1.57500809e-03 
 1.36500000e+00  1.36500000e+00  4.53726238e-01 -1.58190191e-03 
 1.37000000e+00  1.37000000e+00  4.51853878e-01 -1.58873318e-03 
 1.37500000e+00  1.37500000e+00  4.50002553e-01 -1.59550303e-03 
 1.38000000e+00  1.38000000e+00  4.48171820e-01 -1.60221258e-03 
 1.38500000e+00  1.38500000e+00  4.46361250e-01 -1.60886292e-03 
 1.39000000e+00  1.39000000e+00  4.44570427e-01 -1.61545508e-03 
 1.39500000e+00  1.39500000e+00  4.42798949e-01 -1.62199009e-03 
 1.40000000e+00  1.40000000e+00  4.41046426e-01 -1.62846893e-03 
 1.40500000e+00  1.40500000e+00  4.39312480e-01 -1.63489258e-03 
 1.41000000e+00  1.41000000e+00  4.37596746e-01 -1.64126195e-03 
 1.41500000e+00  1.41500000e+00  4.35898867e-01 -1.64757797e-03 
 1.42000000e+00  1.42000000e+00  4.34218499e-01 -1.65384152e-03 
 1.42500000e+00  1.42500000e+00  4.32555308e-01 -1.66005345e-03 
 1.43000000e+00  1.43000000e+00  4.30908969e-01 -1.66621461e-03 
 1.43500000e+00  1.43500000e+00  4.29279165e-01 -1.67232581e-03 
 1.44000000e+00  1.44000000e+00  4.27665592e-01 -1.67838784e-03 
 1.44500000e+00  1.44500000e+00  4.26067951e-01 -1.68440149e-03 
 1.45000000e+00  1.45000000e+00  4.24485953e-01 -1.69036750e-03 
 1.45500000e+00  1.45500000e+00  4.22919315e-01 -1.69628661e-03 
 1.46000000e+00  1.46000000e+00  4.21367765e-01 -1.70215954e-03 
 1.46500000e+00  1.46500000e+00  4.19831037e-01 -1.70798699e-03 
 1.47000000e+00  1.47000000e+00  4.18308869e-01 -1.71376964e-03 
 1.47500000e+00  1.47500000e+00  4.16801012e-01 -1.71950816e-03 
 1.48000000e+00  1.48000000e+00  4.15307218e-01 -1.72520320e-03 
 1.48500000e+00  1.48500000e+00  4.13827249e-01 -1.73085539e-03 
 1.49000000e+00  1.49000000e+00  4.12360871e-01 -1.73646536e-03 
 1.49500000e+00  1.49500000e+00  4.10907857e-01 -1.74203370e-03 
 1.50000000e+00  1.50000000e+00  4.09467987e-01 -1.74756102e-03 
 1.50500000e+00  1.50500000e+00  4.08041043e-01 -1.75304789e-03 
 1.51000000e+00  1.51000000e+00  4.06626815e-01 -1.75849488e-03 
 1.51500000e+00  1.51500000e+00  4.05225099e-01 -1.76390254e-03 
 1.52000000e+00  1.52000000e+00  4.03835693e-01 -1.76927140e-03 
 1.52500000e+00  1.52500000e+00  4.02458403e-01 -1.77460201e-03 
 1.53000000e+00  1.53000000e+00  4.01093038e-01 -1.77989488e-03 
 1.53500000e+00  1.53500000e+00  3.99739411e-01 -1.78515050e-03 
 1.54000000e+00  1.54000000e+00  3.98397341e-01 -1.79036939e-03 
 1.54500000e+00  1.54500000e+00  3.97066649e-01 -1.79555202e-03 
 1.55000000e+00  1.55000000e+00  3.95747163e-01 -1.80069887e-03 
 1.55500000e+00  1.55500000e+00  3.94438713e-01 -1.80581041e-03 
 1.56000000e+00  1.56000000e+00  3.93141134e-01 -1.81088708e-03 
 1.56500000e+00  1.56500000e+00  3.91854263e-01 -1.81592934e-03 
 1.57000000e+00  1.57000000e+00  3.90577942e-01 -1.82093763e-03 
 1.57500000e+00  1.57500000e+00  3.89312017e-01 -1.82591236e-03 
 1.58000000e+00  1.58000000e+00  3.88056335e-01 -1.83085397e-03 
 1.58500000e+00  1.58500000e+00  3.86810751e-01 -1.83576286e-03 
 1.59000000e+00  1.59000000e+00  3.85575117e-01 -1.84063944e-03 
 1.59500000e+00  1.59500000e+00  3.84349293e-01 -1.84548410e-03 
 1.60000000e+00  1.60000000e+00  3.83133141e-01 -1.85029723e-03 
 1.60500000e+00  1.60500000e+00  3.81926523e-01 -1.85507922e-03 
 1.61000000e+00  1.61000000e+00  3.80729308e-01 -1.85983043e-03 
 1.61500000e+00  1.61500000e+00  3.79541366e-01 -1.86455123e-03 
 1.62000000e+00  1.62000000e+00  3.78362568e-01 -1.86924198e-03 
 1.62500000e+00  1.62500000e+00  3.77192791e-01 -1.87390304e-03 
 1.63000000e+00  1.63000000e+00  3.76031912e-01 -1.87853474e-03 
 1.63500000e+00  1.63500000e+00  3.74879812e-01 -1.88313744e-03 
 1.64000000e+00  1.64000000e+00  3.73736372e-01 -1.88771146e-03 
 1.64500000e+00  1.64500000e+00  3.72601478e-01 -1.89225713e-03 
 1.65000000e+00  1.65000000e+00  3.71475018e-01 -1.89677478e-03 
 1.65500000e+00  1.65500000e+00  3.70356881e-01 -1.90126472e-03 
 1.66000000e+00  1.66000000e+00  3.69246958e-01 -1.90572726e-03 
 1.66500000e+00  1.66500000e+00  3.68145143e-01 -1.91016271e-03 
 1.67000000e+00  1.67000000e+00  3.67051333e-01 -1.91457137e-03 
 1.67500000e+00  1.67500000e+00  3.65965425e-01 -1.91895353e-03 
 1.68000000e+00  1.68000000e+00  3.64887318e-01 -1.92330948e-03 
 1.68500000e+00  1.68500000e+00  3.63816916e-01 -1.92763950e-03 
 1.69000000e+00  1.69000000e+00  3.62754120e-01 -1.93194389e-03 
 1.69500000e+00  1.69500000e+00  3.61698836e-01 -1.93622290e-03 
 1.70000000e+00  1.70000000e+00  3.60650972e-01 -1.94047682e-03 
 1.70500000e+00  1.70500000e+00  3.59610437e-01 -1.94470591e-03 
 1.71000000e+00  1.71000000e+00  3.58577140e-01 -1.94891043e-03 
 1.71500000e+00  1.71500000e+00  3.57550994e-01 -1.95309063e-03 
 1.72000000e+00  1.72000000e+00  3.56531912e-01 -1.95724679e-03 
 1.72500000e+00  1.72500000e+00  3.55519810e-01 -1.96137913e-03 
 1.73000000e+00  1.73000000e+00  3.54514604e-01 -1.96548791e-03 
 1.73500000e+00  1.73500000e+00  3.53516213e-01 -1.96957337e-03 
 1.74000000e+00  1.74000000e+00  3.52524556e-01 -1.97363574e-03 
 1.74500000e+00  1.74500000e+00  3.51539555e-01 -1.97767526e-03 
 1.75000000e+00  1.75000000e+00  3.50561132e-01 -1.98169217e-03 
 1.75500000e+00  1.75500000e+00  3.49589209e-01 -1.98568668e-03 
 1.76000000e+00  1.76000000e+00  3.48623714e-01 -1.98965902e-03 
 1.76500000e+00  1.76500000e+00  3.47664572e-01 -1.99360942e-03 
 1.77000000e+00  1.77000000e+00  3.46711710e-01 -1.99753808e-03 
 1.77500000e+00  1.77500000e+00  3.45765057e-01 -2.00144522e-03 
 1.78000000e+00  1.78000000e+00  3.44824544e-01 -2.00533105e-03 
 1.78500000e+00  1.78500000e+00  3.43890102e-01 -2.00919577e-03 
 1.79000000e+00  1.79000000e+00  3.42961663e-01 -2.01303960e-03 
 1.79500000e+00  1.79500000e+00  3.42039160e-01 -2.01686272e-03 
 1.80000000e+00  1.80000000e+00  3.41122528e-01 -2.02066535e-03 
