 frequency       frequency       frequency       vdb(out)        vp(out)        
 1.00000000e+01  1.00000000e+01  0.00000000e+00 -4.64478666e+01 -1.04674321e-09 
 1.02920053e+01  1.02920053e+01  0.00000000e+00 -4.64478666e+01 -1.07730867e-09 
 1.05925373e+01  1.05925373e+01  0.00000000e+00 -4.64478666e+01 -1.10876665e-09 
 1.09018449e+01  1.09018449e+01  0.00000000e+00 -4.64478666e+01 -1.14114322e-09 
 1.12201845e+01  1.12201845e+01  0.00000000e+00 -4.64478666e+01 -1.17446520e-09 
 1.15478198e+01  1.15478198e+01  0.00000000e+00 -4.64478666e+01 -1.20876021e-09 
 1.18850223e+01  1.18850223e+01  0.00000000e+00 -4.64478666e+01 -1.24405664e-09 
 1.22320712e+01  1.22320712e+01  0.00000000e+00 -4.64478666e+01 -1.28038375e-09 
 1.25892541e+01  1.25892541e+01  0.00000000e+00 -4.64478666e+01 -1.31777163e-09 
 1.29568670e+01  1.29568670e+01  0.00000000e+00 -4.64478666e+01 -1.35625126e-09 
 1.33352143e+01  1.33352143e+01  0.00000000e+00 -4.64478666e+01 -1.39585451e-09 
 1.37246096e+01  1.37246096e+01  0.00000000e+00 -4.64478666e+01 -1.43661420e-09 
 1.41253754e+01  1.41253754e+01  0.00000000e+00 -4.64478666e+01 -1.47856409e-09 
 1.45378439e+01  1.45378439e+01  0.00000000e+00 -4.64478666e+01 -1.52173894e-09 
 1.49623566e+01  1.49623566e+01  0.00000000e+00 -4.64478666e+01 -1.56617452e-09 
 1.53992653e+01  1.53992653e+01  0.00000000e+00 -4.64478666e+01 -1.61190764e-09 
 1.58489319e+01  1.58489319e+01  0.00000000e+00 -4.64478666e+01 -1.65897619e-09 
 1.63117291e+01  1.63117291e+01  0.00000000e+00 -4.64478666e+01 -1.70741917e-09 
 1.67880402e+01  1.67880402e+01  0.00000000e+00 -4.64478666e+01 -1.75727671e-09 
 1.72782598e+01  1.72782598e+01  0.00000000e+00 -4.64478666e+01 -1.80859012e-09 
 1.77827941e+01  1.77827941e+01  0.00000000e+00 -4.64478666e+01 -1.86140190e-09 
 1.83020611e+01  1.83020611e+01  0.00000000e+00 -4.64478666e+01 -1.91575582e-09 
 1.88364909e+01  1.88364909e+01  0.00000000e+00 -4.64478666e+01 -1.97169690e-09 
 1.93865264e+01  1.93865264e+01  0.00000000e+00 -4.64478666e+01 -2.02927149e-09 
 1.99526231e+01  1.99526231e+01  0.00000000e+00 -4.64478666e+01 -2.08852729e-09 
 2.05352503e+01  2.05352503e+01  0.00000000e+00 -4.64478666e+01 -2.14951339e-09 
 2.11348904e+01  2.11348904e+01  0.00000000e+00 -4.64478666e+01 -2.21228031e-09 
 2.17520403e+01  2.17520403e+01  0.00000000e+00 -4.64478666e+01 -2.27688006e-09 
 2.23872114e+01  2.23872114e+01  0.00000000e+00 -4.64478666e+01 -2.34336616e-09 
 2.30409298e+01  2.30409298e+01  0.00000000e+00 -4.64478666e+01 -2.41179369e-09 
 2.37137371e+01  2.37137371e+01  0.00000000e+00 -4.64478666e+01 -2.48221933e-09 
 2.44061907e+01  2.44061907e+01  0.00000000e+00 -4.64478666e+01 -2.55470145e-09 
 2.51188643e+01  2.51188643e+01  0.00000000e+00 -4.64478666e+01 -2.62930008e-09 
 2.58523484e+01  2.58523484e+01  0.00000000e+00 -4.64478666e+01 -2.70607702e-09 
 2.66072506e+01  2.66072506e+01  0.00000000e+00 -4.64478666e+01 -2.78509590e-09 
 2.73841963e+01  2.73841963e+01  0.00000000e+00 -4.64478666e+01 -2.86642217e-09 
 2.81838293e+01  2.81838293e+01  0.00000000e+00 -4.64478666e+01 -2.95012321e-09 
 2.90068120e+01  2.90068120e+01  0.00000000e+00 -4.64478666e+01 -3.03626836e-09 
 2.98538262e+01  2.98538262e+01  0.00000000e+00 -4.64478666e+01 -3.12492900e-09 
 3.07255737e+01  3.07255737e+01  0.00000000e+00 -4.64478666e+01 -3.21617857e-09 
 3.16227766e+01  3.16227766e+01  0.00000000e+00 -4.64478666e+01 -3.31009268e-09 
 3.25461783e+01  3.25461783e+01  0.00000000e+00 -4.64478666e+01 -3.40674913e-09 
 3.34965439e+01  3.34965439e+01  0.00000000e+00 -4.64478666e+01 -3.50622800e-09 
 3.44746607e+01  3.44746607e+01  0.00000000e+00 -4.64478666e+01 -3.60861171e-09 
 3.54813389e+01  3.54813389e+01  0.00000000e+00 -4.64478666e+01 -3.71398507e-09 
 3.65174127e+01  3.65174127e+01  0.00000000e+00 -4.64478666e+01 -3.82243539e-09 
 3.75837404e+01  3.75837404e+01  0.00000000e+00 -4.64478666e+01 -3.93405252e-09 
 3.86812055e+01  3.86812055e+01  0.00000000e+00 -4.64478666e+01 -4.04892893e-09 
 3.98107171e+01  3.98107171e+01  0.00000000e+00 -4.64478666e+01 -4.16715979e-09 
 4.09732110e+01  4.09732110e+01  0.00000000e+00 -4.64478666e+01 -4.28884305e-09 
 4.21696503e+01  4.21696503e+01  0.00000000e+00 -4.64478666e+01 -4.41407953e-09 
 4.34010264e+01  4.34010264e+01  0.00000000e+00 -4.64478666e+01 -4.54297298e-09 
 4.46683592e+01  4.46683592e+01  0.00000000e+00 -4.64478666e+01 -4.67563019e-09 
 4.59726989e+01  4.59726989e+01  0.00000000e+00 -4.64478666e+01 -4.81216105e-09 
 4.73151259e+01  4.73151259e+01  0.00000000e+00 -4.64478666e+01 -4.95267869e-09 
 4.86967525e+01  4.86967525e+01  0.00000000e+00 -4.64478666e+01 -5.09729952e-09 
 5.01187234e+01  5.01187234e+01  0.00000000e+00 -4.64478666e+01 -5.24614335e-09 
 5.15822165e+01  5.15822165e+01  0.00000000e+00 -4.64478666e+01 -5.39933351e-09 
 5.30884444e+01  5.30884444e+01  0.00000000e+00 -4.64478666e+01 -5.55699689e-09 
 5.46386550e+01  5.46386550e+01  0.00000000e+00 -4.64478666e+01 -5.71926413e-09 
 5.62341325e+01  5.62341325e+01  0.00000000e+00 -4.64478666e+01 -5.88626966e-09 
 5.78761988e+01  5.78761988e+01  0.00000000e+00 -4.64478666e+01 -6.05815184e-09 
 5.95662144e+01  5.95662144e+01  0.00000000e+00 -4.64478666e+01 -6.23505306e-09 
 6.13055792e+01  6.13055792e+01  0.00000000e+00 -4.64478666e+01 -6.41711990e-09 
 6.30957344e+01  6.30957344e+01  0.00000000e+00 -4.64478666e+01 -6.60450318e-09 
 6.49381632e+01  6.49381632e+01  0.00000000e+00 -4.64478666e+01 -6.79735816e-09 
 6.68343918e+01  6.68343918e+01  0.00000000e+00 -4.64478666e+01 -6.99584460e-09 
 6.87859912e+01  6.87859912e+01  0.00000000e+00 -4.64478666e+01 -7.20012695e-09 
 7.07945784e+01  7.07945784e+01  0.00000000e+00 -4.64478666e+01 -7.41037445e-09 
 7.28618175e+01  7.28618175e+01  0.00000000e+00 -4.64478666e+01 -7.62676129e-09 
 7.49894209e+01  7.49894209e+01  0.00000000e+00 -4.64478666e+01 -7.84946674e-09 
 7.71791516e+01  7.71791516e+01  0.00000000e+00 -4.64478666e+01 -8.07867531e-09 
 7.94328235e+01  7.94328235e+01  0.00000000e+00 -4.64478666e+01 -8.31457689e-09 
 8.17523038e+01  8.17523038e+01  0.00000000e+00 -4.64478666e+01 -8.55736692e-09 
 8.41395142e+01  8.41395142e+01  0.00000000e+00 -4.64478666e+01 -8.80724654e-09 
 8.65964323e+01  8.65964323e+01  0.00000000e+00 -4.64478666e+01 -9.06442279e-09 
 8.91250938e+01  8.91250938e+01  0.00000000e+00 -4.64478666e+01 -9.32910871e-09 
 9.17275935e+01  9.17275935e+01  0.00000000e+00 -4.64478666e+01 -9.60152360e-09 
 9.44060876e+01  9.44060876e+01  0.00000000e+00 -4.64478666e+01 -9.88189315e-09 
 9.71627952e+01  9.71627952e+01  0.00000000e+00 -4.64478666e+01 -1.01704496e-08 
 1.00000000e+02  1.00000000e+02  0.00000000e+00 -4.64478666e+01 -1.04674321e-08 
 1.02920053e+02  1.02920053e+02  0.00000000e+00 -4.64478666e+01 -1.07730867e-08 
 1.05925373e+02  1.05925373e+02  0.00000000e+00 -4.64478666e+01 -1.10876665e-08 
 1.09018449e+02  1.09018449e+02  0.00000000e+00 -4.64478666e+01 -1.14114322e-08 
 1.12201845e+02  1.12201845e+02  0.00000000e+00 -4.64478666e+01 -1.17446520e-08 
 1.15478198e+02  1.15478198e+02  0.00000000e+00 -4.64478666e+01 -1.20876021e-08 
 1.18850223e+02  1.18850223e+02  0.00000000e+00 -4.64478666e+01 -1.24405664e-08 
 1.22320712e+02  1.22320712e+02  0.00000000e+00 -4.64478666e+01 -1.28038375e-08 
 1.25892541e+02  1.25892541e+02  0.00000000e+00 -4.64478666e+01 -1.31777163e-08 
 1.29568670e+02  1.29568670e+02  0.00000000e+00 -4.64478666e+01 -1.35625126e-08 
 1.33352143e+02  1.33352143e+02  0.00000000e+00 -4.64478666e+01 -1.39585451e-08 
 1.37246096e+02  1.37246096e+02  0.00000000e+00 -4.64478666e+01 -1.43661420e-08 
 1.41253754e+02  1.41253754e+02  0.00000000e+00 -4.64478666e+01 -1.47856409e-08 
 1.45378439e+02  1.45378439e+02  0.00000000e+00 -4.64478666e+01 -1.52173894e-08 
 1.49623566e+02  1.49623566e+02  0.00000000e+00 -4.64478666e+01 -1.56617452e-08 
 1.53992653e+02  1.53992653e+02  0.00000000e+00 -4.64478666e+01 -1.61190764e-08 
 1.58489319e+02  1.58489319e+02  0.00000000e+00 -4.64478666e+01 -1.65897619e-08 
 1.63117291e+02  1.63117291e+02  0.00000000e+00 -4.64478666e+01 -1.70741917e-08 
 1.67880402e+02  1.67880402e+02  0.00000000e+00 -4.64478666e+01 -1.75727671e-08 
 1.72782598e+02  1.72782598e+02  0.00000000e+00 -4.64478666e+01 -1.80859012e-08 
 1.77827941e+02  1.77827941e+02  0.00000000e+00 -4.64478666e+01 -1.86140190e-08 
 1.83020611e+02  1.83020611e+02  0.00000000e+00 -4.64478666e+01 -1.91575582e-08 
 1.88364909e+02  1.88364909e+02  0.00000000e+00 -4.64478666e+01 -1.97169690e-08 
 1.93865264e+02  1.93865264e+02  0.00000000e+00 -4.64478666e+01 -2.02927149e-08 
 1.99526231e+02  1.99526231e+02  0.00000000e+00 -4.64478666e+01 -2.08852729e-08 
 2.05352503e+02  2.05352503e+02  0.00000000e+00 -4.64478666e+01 -2.14951339e-08 
 2.11348904e+02  2.11348904e+02  0.00000000e+00 -4.64478666e+01 -2.21228031e-08 
 2.17520403e+02  2.17520403e+02  0.00000000e+00 -4.64478666e+01 -2.27688006e-08 
 2.23872114e+02  2.23872114e+02  0.00000000e+00 -4.64478666e+01 -2.34336616e-08 
 2.30409298e+02  2.30409298e+02  0.00000000e+00 -4.64478666e+01 -2.41179369e-08 
 2.37137371e+02  2.37137371e+02  0.00000000e+00 -4.64478666e+01 -2.48221933e-08 
 2.44061907e+02  2.44061907e+02  0.00000000e+00 -4.64478666e+01 -2.55470145e-08 
 2.51188643e+02  2.51188643e+02  0.00000000e+00 -4.64478666e+01 -2.62930008e-08 
 2.58523484e+02  2.58523484e+02  0.00000000e+00 -4.64478666e+01 -2.70607702e-08 
 2.66072506e+02  2.66072506e+02  0.00000000e+00 -4.64478666e+01 -2.78509590e-08 
 2.73841963e+02  2.73841963e+02  0.00000000e+00 -4.64478666e+01 -2.86642217e-08 
 2.81838293e+02  2.81838293e+02  0.00000000e+00 -4.64478666e+01 -2.95012321e-08 
 2.90068120e+02  2.90068120e+02  0.00000000e+00 -4.64478666e+01 -3.03626836e-08 
 2.98538262e+02  2.98538262e+02  0.00000000e+00 -4.64478666e+01 -3.12492900e-08 
 3.07255737e+02  3.07255737e+02  0.00000000e+00 -4.64478666e+01 -3.21617857e-08 
 3.16227766e+02  3.16227766e+02  0.00000000e+00 -4.64478666e+01 -3.31009268e-08 
 3.25461783e+02  3.25461783e+02  0.00000000e+00 -4.64478666e+01 -3.40674913e-08 
 3.34965439e+02  3.34965439e+02  0.00000000e+00 -4.64478666e+01 -3.50622800e-08 
 3.44746607e+02  3.44746607e+02  0.00000000e+00 -4.64478666e+01 -3.60861171e-08 
 3.54813389e+02  3.54813389e+02  0.00000000e+00 -4.64478666e+01 -3.71398507e-08 
 3.65174127e+02  3.65174127e+02  0.00000000e+00 -4.64478666e+01 -3.82243539e-08 
 3.75837404e+02  3.75837404e+02  0.00000000e+00 -4.64478666e+01 -3.93405252e-08 
 3.86812055e+02  3.86812055e+02  0.00000000e+00 -4.64478666e+01 -4.04892893e-08 
 3.98107171e+02  3.98107171e+02  0.00000000e+00 -4.64478666e+01 -4.16715979e-08 
 4.09732110e+02  4.09732110e+02  0.00000000e+00 -4.64478666e+01 -4.28884305e-08 
 4.21696503e+02  4.21696503e+02  0.00000000e+00 -4.64478666e+01 -4.41407953e-08 
 4.34010264e+02  4.34010264e+02  0.00000000e+00 -4.64478666e+01 -4.54297298e-08 
 4.46683592e+02  4.46683592e+02  0.00000000e+00 -4.64478666e+01 -4.67563019e-08 
 4.59726989e+02  4.59726989e+02  0.00000000e+00 -4.64478666e+01 -4.81216105e-08 
 4.73151259e+02  4.73151259e+02  0.00000000e+00 -4.64478666e+01 -4.95267869e-08 
 4.86967525e+02  4.86967525e+02  0.00000000e+00 -4.64478666e+01 -5.09729952e-08 
 5.01187234e+02  5.01187234e+02  0.00000000e+00 -4.64478666e+01 -5.24614335e-08 
 5.15822165e+02  5.15822165e+02  0.00000000e+00 -4.64478666e+01 -5.39933351e-08 
 5.30884444e+02  5.30884444e+02  0.00000000e+00 -4.64478666e+01 -5.55699689e-08 
 5.46386550e+02  5.46386550e+02  0.00000000e+00 -4.64478666e+01 -5.71926413e-08 
 5.62341325e+02  5.62341325e+02  0.00000000e+00 -4.64478666e+01 -5.88626966e-08 
 5.78761988e+02  5.78761988e+02  0.00000000e+00 -4.64478666e+01 -6.05815184e-08 
 5.95662144e+02  5.95662144e+02  0.00000000e+00 -4.64478666e+01 -6.23505306e-08 
 6.13055792e+02  6.13055792e+02  0.00000000e+00 -4.64478666e+01 -6.41711990e-08 
 6.30957344e+02  6.30957344e+02  0.00000000e+00 -4.64478666e+01 -6.60450318e-08 
 6.49381632e+02  6.49381632e+02  0.00000000e+00 -4.64478666e+01 -6.79735816e-08 
 6.68343918e+02  6.68343918e+02  0.00000000e+00 -4.64478666e+01 -6.99584460e-08 
 6.87859912e+02  6.87859912e+02  0.00000000e+00 -4.64478666e+01 -7.20012695e-08 
 7.07945784e+02  7.07945784e+02  0.00000000e+00 -4.64478666e+01 -7.41037445e-08 
 7.28618175e+02  7.28618175e+02  0.00000000e+00 -4.64478666e+01 -7.62676129e-08 
 7.49894209e+02  7.49894209e+02  0.00000000e+00 -4.64478666e+01 -7.84946674e-08 
 7.71791516e+02  7.71791516e+02  0.00000000e+00 -4.64478666e+01 -8.07867531e-08 
 7.94328235e+02  7.94328235e+02  0.00000000e+00 -4.64478666e+01 -8.31457689e-08 
 8.17523038e+02  8.17523038e+02  0.00000000e+00 -4.64478666e+01 -8.55736692e-08 
 8.41395142e+02  8.41395142e+02  0.00000000e+00 -4.64478666e+01 -8.80724654e-08 
 8.65964323e+02  8.65964323e+02  0.00000000e+00 -4.64478666e+01 -9.06442279e-08 
 8.91250938e+02  8.91250938e+02  0.00000000e+00 -4.64478666e+01 -9.32910871e-08 
 9.17275935e+02  9.17275935e+02  0.00000000e+00 -4.64478666e+01 -9.60152360e-08 
 9.44060876e+02  9.44060876e+02  0.00000000e+00 -4.64478666e+01 -9.88189315e-08 
 9.71627952e+02  9.71627952e+02  0.00000000e+00 -4.64478666e+01 -1.01704496e-07 
 1.00000000e+03  1.00000000e+03  0.00000000e+00 -4.64478666e+01 -1.04674321e-07 
 1.02920053e+03  1.02920053e+03  0.00000000e+00 -4.64478666e+01 -1.07730867e-07 
 1.05925373e+03  1.05925373e+03  0.00000000e+00 -4.64478666e+01 -1.10876665e-07 
 1.09018449e+03  1.09018449e+03  0.00000000e+00 -4.64478666e+01 -1.14114322e-07 
 1.12201845e+03  1.12201845e+03  0.00000000e+00 -4.64478666e+01 -1.17446520e-07 
 1.15478198e+03  1.15478198e+03  0.00000000e+00 -4.64478666e+01 -1.20876021e-07 
 1.18850223e+03  1.18850223e+03  0.00000000e+00 -4.64478666e+01 -1.24405664e-07 
 1.22320712e+03  1.22320712e+03  0.00000000e+00 -4.64478666e+01 -1.28038375e-07 
 1.25892541e+03  1.25892541e+03  0.00000000e+00 -4.64478666e+01 -1.31777163e-07 
 1.29568670e+03  1.29568670e+03  0.00000000e+00 -4.64478666e+01 -1.35625126e-07 
 1.33352143e+03  1.33352143e+03  0.00000000e+00 -4.64478666e+01 -1.39585451e-07 
 1.37246096e+03  1.37246096e+03  0.00000000e+00 -4.64478666e+01 -1.43661420e-07 
 1.41253754e+03  1.41253754e+03  0.00000000e+00 -4.64478666e+01 -1.47856409e-07 
 1.45378439e+03  1.45378439e+03  0.00000000e+00 -4.64478666e+01 -1.52173894e-07 
 1.49623566e+03  1.49623566e+03  0.00000000e+00 -4.64478666e+01 -1.56617452e-07 
 1.53992653e+03  1.53992653e+03  0.00000000e+00 -4.64478666e+01 -1.61190764e-07 
 1.58489319e+03  1.58489319e+03  0.00000000e+00 -4.64478666e+01 -1.65897619e-07 
 1.63117291e+03  1.63117291e+03  0.00000000e+00 -4.64478666e+01 -1.70741917e-07 
 1.67880402e+03  1.67880402e+03  0.00000000e+00 -4.64478666e+01 -1.75727671e-07 
 1.72782598e+03  1.72782598e+03  0.00000000e+00 -4.64478666e+01 -1.80859012e-07 
 1.77827941e+03  1.77827941e+03  0.00000000e+00 -4.64478666e+01 -1.86140190e-07 
 1.83020611e+03  1.83020611e+03  0.00000000e+00 -4.64478666e+01 -1.91575582e-07 
 1.88364909e+03  1.88364909e+03  0.00000000e+00 -4.64478666e+01 -1.97169690e-07 
 1.93865264e+03  1.93865264e+03  0.00000000e+00 -4.64478666e+01 -2.02927149e-07 
 1.99526231e+03  1.99526231e+03  0.00000000e+00 -4.64478666e+01 -2.08852729e-07 
 2.05352503e+03  2.05352503e+03  0.00000000e+00 -4.64478666e+01 -2.14951339e-07 
 2.11348904e+03  2.11348904e+03  0.00000000e+00 -4.64478666e+01 -2.21228031e-07 
 2.17520403e+03  2.17520403e+03  0.00000000e+00 -4.64478666e+01 -2.27688006e-07 
 2.23872114e+03  2.23872114e+03  0.00000000e+00 -4.64478666e+01 -2.34336616e-07 
 2.30409298e+03  2.30409298e+03  0.00000000e+00 -4.64478666e+01 -2.41179369e-07 
 2.37137371e+03  2.37137371e+03  0.00000000e+00 -4.64478666e+01 -2.48221933e-07 
 2.44061907e+03  2.44061907e+03  0.00000000e+00 -4.64478666e+01 -2.55470145e-07 
 2.51188643e+03  2.51188643e+03  0.00000000e+00 -4.64478666e+01 -2.62930008e-07 
 2.58523484e+03  2.58523484e+03  0.00000000e+00 -4.64478666e+01 -2.70607702e-07 
 2.66072506e+03  2.66072506e+03  0.00000000e+00 -4.64478666e+01 -2.78509590e-07 
 2.73841963e+03  2.73841963e+03  0.00000000e+00 -4.64478666e+01 -2.86642217e-07 
 2.81838293e+03  2.81838293e+03  0.00000000e+00 -4.64478666e+01 -2.95012321e-07 
 2.90068120e+03  2.90068120e+03  0.00000000e+00 -4.64478666e+01 -3.03626836e-07 
 2.98538262e+03  2.98538262e+03  0.00000000e+00 -4.64478666e+01 -3.12492900e-07 
 3.07255737e+03  3.07255737e+03  0.00000000e+00 -4.64478666e+01 -3.21617857e-07 
 3.16227766e+03  3.16227766e+03  0.00000000e+00 -4.64478666e+01 -3.31009268e-07 
 3.25461783e+03  3.25461783e+03  0.00000000e+00 -4.64478666e+01 -3.40674913e-07 
 3.34965439e+03  3.34965439e+03  0.00000000e+00 -4.64478666e+01 -3.50622800e-07 
 3.44746607e+03  3.44746607e+03  0.00000000e+00 -4.64478666e+01 -3.60861171e-07 
 3.54813389e+03  3.54813389e+03  0.00000000e+00 -4.64478666e+01 -3.71398507e-07 
 3.65174127e+03  3.65174127e+03  0.00000000e+00 -4.64478666e+01 -3.82243539e-07 
 3.75837404e+03  3.75837404e+03  0.00000000e+00 -4.64478666e+01 -3.93405252e-07 
 3.86812055e+03  3.86812055e+03  0.00000000e+00 -4.64478666e+01 -4.04892893e-07 
 3.98107171e+03  3.98107171e+03  0.00000000e+00 -4.64478666e+01 -4.16715979e-07 
 4.09732110e+03  4.09732110e+03  0.00000000e+00 -4.64478666e+01 -4.28884305e-07 
 4.21696503e+03  4.21696503e+03  0.00000000e+00 -4.64478666e+01 -4.41407953e-07 
 4.34010264e+03  4.34010264e+03  0.00000000e+00 -4.64478666e+01 -4.54297298e-07 
 4.46683592e+03  4.46683592e+03  0.00000000e+00 -4.64478666e+01 -4.67563019e-07 
 4.59726989e+03  4.59726989e+03  0.00000000e+00 -4.64478666e+01 -4.81216105e-07 
 4.73151259e+03  4.73151259e+03  0.00000000e+00 -4.64478666e+01 -4.95267869e-07 
 4.86967525e+03  4.86967525e+03  0.00000000e+00 -4.64478666e+01 -5.09729952e-07 
 5.01187234e+03  5.01187234e+03  0.00000000e+00 -4.64478666e+01 -5.24614335e-07 
 5.15822165e+03  5.15822165e+03  0.00000000e+00 -4.64478666e+01 -5.39933351e-07 
 5.30884444e+03  5.30884444e+03  0.00000000e+00 -4.64478666e+01 -5.55699689e-07 
 5.46386550e+03  5.46386550e+03  0.00000000e+00 -4.64478666e+01 -5.71926413e-07 
 5.62341325e+03  5.62341325e+03  0.00000000e+00 -4.64478666e+01 -5.88626966e-07 
 5.78761988e+03  5.78761988e+03  0.00000000e+00 -4.64478666e+01 -6.05815184e-07 
 5.95662144e+03  5.95662144e+03  0.00000000e+00 -4.64478666e+01 -6.23505306e-07 
 6.13055792e+03  6.13055792e+03  0.00000000e+00 -4.64478666e+01 -6.41711990e-07 
 6.30957344e+03  6.30957344e+03  0.00000000e+00 -4.64478666e+01 -6.60450318e-07 
 6.49381632e+03  6.49381632e+03  0.00000000e+00 -4.64478666e+01 -6.79735816e-07 
 6.68343918e+03  6.68343918e+03  0.00000000e+00 -4.64478666e+01 -6.99584460e-07 
 6.87859912e+03  6.87859912e+03  0.00000000e+00 -4.64478666e+01 -7.20012695e-07 
 7.07945784e+03  7.07945784e+03  0.00000000e+00 -4.64478666e+01 -7.41037445e-07 
 7.28618175e+03  7.28618175e+03  0.00000000e+00 -4.64478666e+01 -7.62676129e-07 
 7.49894209e+03  7.49894209e+03  0.00000000e+00 -4.64478666e+01 -7.84946674e-07 
 7.71791516e+03  7.71791516e+03  0.00000000e+00 -4.64478666e+01 -8.07867531e-07 
 7.94328235e+03  7.94328235e+03  0.00000000e+00 -4.64478666e+01 -8.31457689e-07 
 8.17523038e+03  8.17523038e+03  0.00000000e+00 -4.64478666e+01 -8.55736692e-07 
 8.41395142e+03  8.41395142e+03  0.00000000e+00 -4.64478666e+01 -8.80724654e-07 
 8.65964323e+03  8.65964323e+03  0.00000000e+00 -4.64478666e+01 -9.06442279e-07 
 8.91250938e+03  8.91250938e+03  0.00000000e+00 -4.64478666e+01 -9.32910871e-07 
 9.17275935e+03  9.17275935e+03  0.00000000e+00 -4.64478666e+01 -9.60152360e-07 
 9.44060876e+03  9.44060876e+03  0.00000000e+00 -4.64478666e+01 -9.88189315e-07 
 9.71627952e+03  9.71627952e+03  0.00000000e+00 -4.64478666e+01 -1.01704496e-06 
 1.00000000e+04  1.00000000e+04  0.00000000e+00 -4.64478666e+01 -1.04674321e-06 
 1.02920053e+04  1.02920053e+04  0.00000000e+00 -4.64478666e+01 -1.07730867e-06 
 1.05925373e+04  1.05925373e+04  0.00000000e+00 -4.64478666e+01 -1.10876665e-06 
 1.09018449e+04  1.09018449e+04  0.00000000e+00 -4.64478666e+01 -1.14114322e-06 
 1.12201845e+04  1.12201845e+04  0.00000000e+00 -4.64478666e+01 -1.17446520e-06 
 1.15478198e+04  1.15478198e+04  0.00000000e+00 -4.64478666e+01 -1.20876021e-06 
 1.18850223e+04  1.18850223e+04  0.00000000e+00 -4.64478666e+01 -1.24405664e-06 
 1.22320712e+04  1.22320712e+04  0.00000000e+00 -4.64478666e+01 -1.28038375e-06 
 1.25892541e+04  1.25892541e+04  0.00000000e+00 -4.64478666e+01 -1.31777163e-06 
 1.29568670e+04  1.29568670e+04  0.00000000e+00 -4.64478666e+01 -1.35625126e-06 
 1.33352143e+04  1.33352143e+04  0.00000000e+00 -4.64478666e+01 -1.39585451e-06 
 1.37246096e+04  1.37246096e+04  0.00000000e+00 -4.64478666e+01 -1.43661420e-06 
 1.41253754e+04  1.41253754e+04  0.00000000e+00 -4.64478666e+01 -1.47856409e-06 
 1.45378439e+04  1.45378439e+04  0.00000000e+00 -4.64478666e+01 -1.52173894e-06 
 1.49623566e+04  1.49623566e+04  0.00000000e+00 -4.64478666e+01 -1.56617452e-06 
 1.53992653e+04  1.53992653e+04  0.00000000e+00 -4.64478666e+01 -1.61190764e-06 
 1.58489319e+04  1.58489319e+04  0.00000000e+00 -4.64478666e+01 -1.65897619e-06 
 1.63117291e+04  1.63117291e+04  0.00000000e+00 -4.64478666e+01 -1.70741917e-06 
 1.67880402e+04  1.67880402e+04  0.00000000e+00 -4.64478666e+01 -1.75727671e-06 
 1.72782598e+04  1.72782598e+04  0.00000000e+00 -4.64478666e+01 -1.80859012e-06 
 1.77827941e+04  1.77827941e+04  0.00000000e+00 -4.64478666e+01 -1.86140190e-06 
 1.83020611e+04  1.83020611e+04  0.00000000e+00 -4.64478666e+01 -1.91575582e-06 
 1.88364909e+04  1.88364909e+04  0.00000000e+00 -4.64478666e+01 -1.97169690e-06 
 1.93865264e+04  1.93865264e+04  0.00000000e+00 -4.64478666e+01 -2.02927149e-06 
 1.99526231e+04  1.99526231e+04  0.00000000e+00 -4.64478666e+01 -2.08852729e-06 
 2.05352503e+04  2.05352503e+04  0.00000000e+00 -4.64478666e+01 -2.14951339e-06 
 2.11348904e+04  2.11348904e+04  0.00000000e+00 -4.64478666e+01 -2.21228031e-06 
 2.17520403e+04  2.17520403e+04  0.00000000e+00 -4.64478666e+01 -2.27688006e-06 
 2.23872114e+04  2.23872114e+04  0.00000000e+00 -4.64478666e+01 -2.34336616e-06 
 2.30409298e+04  2.30409298e+04  0.00000000e+00 -4.64478666e+01 -2.41179369e-06 
 2.37137371e+04  2.37137371e+04  0.00000000e+00 -4.64478666e+01 -2.48221933e-06 
 2.44061907e+04  2.44061907e+04  0.00000000e+00 -4.64478666e+01 -2.55470145e-06 
 2.51188643e+04  2.51188643e+04  0.00000000e+00 -4.64478666e+01 -2.62930008e-06 
 2.58523484e+04  2.58523484e+04  0.00000000e+00 -4.64478666e+01 -2.70607702e-06 
 2.66072506e+04  2.66072506e+04  0.00000000e+00 -4.64478666e+01 -2.78509590e-06 
 2.73841963e+04  2.73841963e+04  0.00000000e+00 -4.64478666e+01 -2.86642217e-06 
 2.81838293e+04  2.81838293e+04  0.00000000e+00 -4.64478666e+01 -2.95012321e-06 
 2.90068120e+04  2.90068120e+04  0.00000000e+00 -4.64478666e+01 -3.03626836e-06 
 2.98538262e+04  2.98538262e+04  0.00000000e+00 -4.64478666e+01 -3.12492900e-06 
 3.07255737e+04  3.07255737e+04  0.00000000e+00 -4.64478666e+01 -3.21617857e-06 
 3.16227766e+04  3.16227766e+04  0.00000000e+00 -4.64478666e+01 -3.31009268e-06 
 3.25461783e+04  3.25461783e+04  0.00000000e+00 -4.64478666e+01 -3.40674913e-06 
 3.34965439e+04  3.34965439e+04  0.00000000e+00 -4.64478666e+01 -3.50622800e-06 
 3.44746607e+04  3.44746607e+04  0.00000000e+00 -4.64478666e+01 -3.60861171e-06 
 3.54813389e+04  3.54813389e+04  0.00000000e+00 -4.64478666e+01 -3.71398507e-06 
 3.65174127e+04  3.65174127e+04  0.00000000e+00 -4.64478666e+01 -3.82243539e-06 
 3.75837404e+04  3.75837404e+04  0.00000000e+00 -4.64478666e+01 -3.93405252e-06 
 3.86812055e+04  3.86812055e+04  0.00000000e+00 -4.64478666e+01 -4.04892893e-06 
 3.98107171e+04  3.98107171e+04  0.00000000e+00 -4.64478666e+01 -4.16715979e-06 
 4.09732110e+04  4.09732110e+04  0.00000000e+00 -4.64478666e+01 -4.28884305e-06 
 4.21696503e+04  4.21696503e+04  0.00000000e+00 -4.64478666e+01 -4.41407953e-06 
 4.34010264e+04  4.34010264e+04  0.00000000e+00 -4.64478666e+01 -4.54297298e-06 
 4.46683592e+04  4.46683592e+04  0.00000000e+00 -4.64478666e+01 -4.67563019e-06 
 4.59726989e+04  4.59726989e+04  0.00000000e+00 -4.64478666e+01 -4.81216105e-06 
 4.73151259e+04  4.73151259e+04  0.00000000e+00 -4.64478666e+01 -4.95267869e-06 
 4.86967525e+04  4.86967525e+04  0.00000000e+00 -4.64478666e+01 -5.09729952e-06 
 5.01187234e+04  5.01187234e+04  0.00000000e+00 -4.64478666e+01 -5.24614335e-06 
 5.15822165e+04  5.15822165e+04  0.00000000e+00 -4.64478666e+01 -5.39933351e-06 
 5.30884444e+04  5.30884444e+04  0.00000000e+00 -4.64478666e+01 -5.55699689e-06 
 5.46386550e+04  5.46386550e+04  0.00000000e+00 -4.64478666e+01 -5.71926413e-06 
 5.62341325e+04  5.62341325e+04  0.00000000e+00 -4.64478666e+01 -5.88626966e-06 
 5.78761988e+04  5.78761988e+04  0.00000000e+00 -4.64478666e+01 -6.05815184e-06 
 5.95662144e+04  5.95662144e+04  0.00000000e+00 -4.64478666e+01 -6.23505306e-06 
 6.13055792e+04  6.13055792e+04  0.00000000e+00 -4.64478666e+01 -6.41711990e-06 
 6.30957344e+04  6.30957344e+04  0.00000000e+00 -4.64478666e+01 -6.60450318e-06 
 6.49381632e+04  6.49381632e+04  0.00000000e+00 -4.64478666e+01 -6.79735816e-06 
 6.68343918e+04  6.68343918e+04  0.00000000e+00 -4.64478666e+01 -6.99584460e-06 
 6.87859912e+04  6.87859912e+04  0.00000000e+00 -4.64478666e+01 -7.20012695e-06 
 7.07945784e+04  7.07945784e+04  0.00000000e+00 -4.64478666e+01 -7.41037445e-06 
 7.28618175e+04  7.28618175e+04  0.00000000e+00 -4.64478666e+01 -7.62676129e-06 
 7.49894209e+04  7.49894209e+04  0.00000000e+00 -4.64478666e+01 -7.84946674e-06 
 7.71791516e+04  7.71791516e+04  0.00000000e+00 -4.64478666e+01 -8.07867531e-06 
 7.94328235e+04  7.94328235e+04  0.00000000e+00 -4.64478666e+01 -8.31457689e-06 
 8.17523038e+04  8.17523038e+04  0.00000000e+00 -4.64478666e+01 -8.55736692e-06 
 8.41395142e+04  8.41395142e+04  0.00000000e+00 -4.64478666e+01 -8.80724654e-06 
 8.65964323e+04  8.65964323e+04  0.00000000e+00 -4.64478666e+01 -9.06442279e-06 
 8.91250938e+04  8.91250938e+04  0.00000000e+00 -4.64478666e+01 -9.32910871e-06 
 9.17275935e+04  9.17275935e+04  0.00000000e+00 -4.64478666e+01 -9.60152360e-06 
 9.44060876e+04  9.44060876e+04  0.00000000e+00 -4.64478666e+01 -9.88189315e-06 
 9.71627952e+04  9.71627952e+04  0.00000000e+00 -4.64478666e+01 -1.01704496e-05 
 1.00000000e+05  1.00000000e+05  0.00000000e+00 -4.64478666e+01 -1.04674321e-05 
 1.02920053e+05  1.02920053e+05  0.00000000e+00 -4.64478666e+01 -1.07730867e-05 
 1.05925373e+05  1.05925373e+05  0.00000000e+00 -4.64478666e+01 -1.10876665e-05 
 1.09018449e+05  1.09018449e+05  0.00000000e+00 -4.64478666e+01 -1.14114322e-05 
 1.12201845e+05  1.12201845e+05  0.00000000e+00 -4.64478666e+01 -1.17446520e-05 
 1.15478198e+05  1.15478198e+05  0.00000000e+00 -4.64478666e+01 -1.20876021e-05 
 1.18850223e+05  1.18850223e+05  0.00000000e+00 -4.64478666e+01 -1.24405664e-05 
 1.22320712e+05  1.22320712e+05  0.00000000e+00 -4.64478666e+01 -1.28038375e-05 
 1.25892541e+05  1.25892541e+05  0.00000000e+00 -4.64478666e+01 -1.31777163e-05 
 1.29568670e+05  1.29568670e+05  0.00000000e+00 -4.64478666e+01 -1.35625126e-05 
 1.33352143e+05  1.33352143e+05  0.00000000e+00 -4.64478666e+01 -1.39585451e-05 
 1.37246096e+05  1.37246096e+05  0.00000000e+00 -4.64478666e+01 -1.43661420e-05 
 1.41253754e+05  1.41253754e+05  0.00000000e+00 -4.64478666e+01 -1.47856409e-05 
 1.45378439e+05  1.45378439e+05  0.00000000e+00 -4.64478666e+01 -1.52173894e-05 
 1.49623566e+05  1.49623566e+05  0.00000000e+00 -4.64478666e+01 -1.56617452e-05 
 1.53992653e+05  1.53992653e+05  0.00000000e+00 -4.64478666e+01 -1.61190764e-05 
 1.58489319e+05  1.58489319e+05  0.00000000e+00 -4.64478666e+01 -1.65897619e-05 
 1.63117291e+05  1.63117291e+05  0.00000000e+00 -4.64478666e+01 -1.70741917e-05 
 1.67880402e+05  1.67880402e+05  0.00000000e+00 -4.64478666e+01 -1.75727671e-05 
 1.72782598e+05  1.72782598e+05  0.00000000e+00 -4.64478666e+01 -1.80859012e-05 
 1.77827941e+05  1.77827941e+05  0.00000000e+00 -4.64478666e+01 -1.86140190e-05 
 1.83020611e+05  1.83020611e+05  0.00000000e+00 -4.64478666e+01 -1.91575582e-05 
 1.88364909e+05  1.88364909e+05  0.00000000e+00 -4.64478666e+01 -1.97169690e-05 
 1.93865264e+05  1.93865264e+05  0.00000000e+00 -4.64478666e+01 -2.02927149e-05 
 1.99526231e+05  1.99526231e+05  0.00000000e+00 -4.64478666e+01 -2.08852729e-05 
 2.05352503e+05  2.05352503e+05  0.00000000e+00 -4.64478666e+01 -2.14951338e-05 
 2.11348904e+05  2.11348904e+05  0.00000000e+00 -4.64478666e+01 -2.21228031e-05 
 2.17520403e+05  2.17520403e+05  0.00000000e+00 -4.64478666e+01 -2.27688006e-05 
 2.23872114e+05  2.23872114e+05  0.00000000e+00 -4.64478666e+01 -2.34336616e-05 
 2.30409298e+05  2.30409298e+05  0.00000000e+00 -4.64478666e+01 -2.41179369e-05 
 2.37137371e+05  2.37137371e+05  0.00000000e+00 -4.64478666e+01 -2.48221933e-05 
 2.44061907e+05  2.44061907e+05  0.00000000e+00 -4.64478666e+01 -2.55470145e-05 
 2.51188643e+05  2.51188643e+05  0.00000000e+00 -4.64478666e+01 -2.62930007e-05 
 2.58523484e+05  2.58523484e+05  0.00000000e+00 -4.64478666e+01 -2.70607702e-05 
 2.66072506e+05  2.66072506e+05  0.00000000e+00 -4.64478666e+01 -2.78509590e-05 
 2.73841963e+05  2.73841963e+05  0.00000000e+00 -4.64478666e+01 -2.86642217e-05 
 2.81838293e+05  2.81838293e+05  0.00000000e+00 -4.64478666e+01 -2.95012321e-05 
 2.90068120e+05  2.90068120e+05  0.00000000e+00 -4.64478666e+01 -3.03626836e-05 
 2.98538262e+05  2.98538262e+05  0.00000000e+00 -4.64478666e+01 -3.12492900e-05 
 3.07255737e+05  3.07255737e+05  0.00000000e+00 -4.64478666e+01 -3.21617857e-05 
 3.16227766e+05  3.16227766e+05  0.00000000e+00 -4.64478666e+01 -3.31009268e-05 
 3.25461783e+05  3.25461783e+05  0.00000000e+00 -4.64478666e+01 -3.40674913e-05 
 3.34965439e+05  3.34965439e+05  0.00000000e+00 -4.64478666e+01 -3.50622800e-05 
 3.44746607e+05  3.44746607e+05  0.00000000e+00 -4.64478666e+01 -3.60861171e-05 
 3.54813389e+05  3.54813389e+05  0.00000000e+00 -4.64478666e+01 -3.71398507e-05 
 3.65174127e+05  3.65174127e+05  0.00000000e+00 -4.64478666e+01 -3.82243539e-05 
 3.75837404e+05  3.75837404e+05  0.00000000e+00 -4.64478666e+01 -3.93405252e-05 
 3.86812055e+05  3.86812055e+05  0.00000000e+00 -4.64478666e+01 -4.04892893e-05 
 3.98107171e+05  3.98107171e+05  0.00000000e+00 -4.64478666e+01 -4.16715979e-05 
 4.09732110e+05  4.09732110e+05  0.00000000e+00 -4.64478667e+01 -4.28884305e-05 
 4.21696503e+05  4.21696503e+05  0.00000000e+00 -4.64478667e+01 -4.41407953e-05 
 4.34010264e+05  4.34010264e+05  0.00000000e+00 -4.64478667e+01 -4.54297298e-05 
 4.46683592e+05  4.46683592e+05  0.00000000e+00 -4.64478667e+01 -4.67563018e-05 
 4.59726989e+05  4.59726989e+05  0.00000000e+00 -4.64478667e+01 -4.81216105e-05 
 4.73151259e+05  4.73151259e+05  0.00000000e+00 -4.64478667e+01 -4.95267869e-05 
 4.86967525e+05  4.86967525e+05  0.00000000e+00 -4.64478667e+01 -5.09729952e-05 
 5.01187234e+05  5.01187234e+05  0.00000000e+00 -4.64478667e+01 -5.24614335e-05 
 5.15822165e+05  5.15822165e+05  0.00000000e+00 -4.64478667e+01 -5.39933350e-05 
 5.30884444e+05  5.30884444e+05  0.00000000e+00 -4.64478667e+01 -5.55699689e-05 
 5.46386550e+05  5.46386550e+05  0.00000000e+00 -4.64478667e+01 -5.71926412e-05 
 5.62341325e+05  5.62341325e+05  0.00000000e+00 -4.64478667e+01 -5.88626965e-05 
 5.78761988e+05  5.78761988e+05  0.00000000e+00 -4.64478667e+01 -6.05815183e-05 
 5.95662144e+05  5.95662144e+05  0.00000000e+00 -4.64478667e+01 -6.23505305e-05 
 6.13055792e+05  6.13055792e+05  0.00000000e+00 -4.64478667e+01 -6.41711989e-05 
 6.30957344e+05  6.30957344e+05  0.00000000e+00 -4.64478667e+01 -6.60450317e-05 
 6.49381632e+05  6.49381632e+05  0.00000000e+00 -4.64478667e+01 -6.79735815e-05 
 6.68343918e+05  6.68343918e+05  0.00000000e+00 -4.64478667e+01 -6.99584459e-05 
 6.87859912e+05  6.87859912e+05  0.00000000e+00 -4.64478667e+01 -7.20012694e-05 
 7.07945784e+05  7.07945784e+05  0.00000000e+00 -4.64478667e+01 -7.41037444e-05 
 7.28618175e+05  7.28618175e+05  0.00000000e+00 -4.64478667e+01 -7.62676128e-05 
 7.49894209e+05  7.49894209e+05  0.00000000e+00 -4.64478667e+01 -7.84946673e-05 
 7.71791516e+05  7.71791516e+05  0.00000000e+00 -4.64478667e+01 -8.07867529e-05 
 7.94328235e+05  7.94328235e+05  0.00000000e+00 -4.64478667e+01 -8.31457687e-05 
 8.17523038e+05  8.17523038e+05  0.00000000e+00 -4.64478667e+01 -8.55736690e-05 
 8.41395142e+05  8.41395142e+05  0.00000000e+00 -4.64478667e+01 -8.80724652e-05 
 8.65964323e+05  8.65964323e+05  0.00000000e+00 -4.64478667e+01 -9.06442276e-05 
 8.91250938e+05  8.91250938e+05  0.00000000e+00 -4.64478667e+01 -9.32910868e-05 
 9.17275935e+05  9.17275935e+05  0.00000000e+00 -4.64478667e+01 -9.60152357e-05 
 9.44060876e+05  9.44060876e+05  0.00000000e+00 -4.64478667e+01 -9.88189312e-05 
 9.71627952e+05  9.71627952e+05  0.00000000e+00 -4.64478667e+01 -1.01704496e-04 
 1.00000000e+06  1.00000000e+06  0.00000000e+00 -4.64478667e+01 -1.04674321e-04 
 1.02920053e+06  1.02920053e+06  0.00000000e+00 -4.64478667e+01 -1.07730866e-04 
 1.05925373e+06  1.05925373e+06  0.00000000e+00 -4.64478667e+01 -1.10876664e-04 
 1.09018449e+06  1.09018449e+06  0.00000000e+00 -4.64478667e+01 -1.14114321e-04 
 1.12201845e+06  1.12201845e+06  0.00000000e+00 -4.64478667e+01 -1.17446520e-04 
 1.15478198e+06  1.15478198e+06  0.00000000e+00 -4.64478667e+01 -1.20876020e-04 
 1.18850223e+06  1.18850223e+06  0.00000000e+00 -4.64478667e+01 -1.24405663e-04 
 1.22320712e+06  1.22320712e+06  0.00000000e+00 -4.64478667e+01 -1.28038374e-04 
 1.25892541e+06  1.25892541e+06  0.00000000e+00 -4.64478667e+01 -1.31777162e-04 
 1.29568670e+06  1.29568670e+06  0.00000000e+00 -4.64478667e+01 -1.35625125e-04 
 1.33352143e+06  1.33352143e+06  0.00000000e+00 -4.64478667e+01 -1.39585450e-04 
 1.37246096e+06  1.37246096e+06  0.00000000e+00 -4.64478667e+01 -1.43661419e-04 
 1.41253754e+06  1.41253754e+06  0.00000000e+00 -4.64478667e+01 -1.47856408e-04 
 1.45378439e+06  1.45378439e+06  0.00000000e+00 -4.64478667e+01 -1.52173893e-04 
 1.49623566e+06  1.49623566e+06  0.00000000e+00 -4.64478667e+01 -1.56617451e-04 
 1.53992653e+06  1.53992653e+06  0.00000000e+00 -4.64478668e+01 -1.61190763e-04 
 1.58489319e+06  1.58489319e+06  0.00000000e+00 -4.64478668e+01 -1.65897618e-04 
 1.63117291e+06  1.63117291e+06  0.00000000e+00 -4.64478668e+01 -1.70741916e-04 
 1.67880402e+06  1.67880402e+06  0.00000000e+00 -4.64478668e+01 -1.75727669e-04 
 1.72782598e+06  1.72782598e+06  0.00000000e+00 -4.64478668e+01 -1.80859010e-04 
 1.77827941e+06  1.77827941e+06  0.00000000e+00 -4.64478668e+01 -1.86140188e-04 
 1.83020611e+06  1.83020611e+06  0.00000000e+00 -4.64478668e+01 -1.91575580e-04 
 1.88364909e+06  1.88364909e+06  0.00000000e+00 -4.64478668e+01 -1.97169688e-04 
 1.93865264e+06  1.93865264e+06  0.00000000e+00 -4.64478668e+01 -2.02927146e-04 
 1.99526231e+06  1.99526231e+06  0.00000000e+00 -4.64478668e+01 -2.08852726e-04 
 2.05352503e+06  2.05352503e+06  0.00000000e+00 -4.64478668e+01 -2.14951335e-04 
 2.11348904e+06  2.11348904e+06  0.00000000e+00 -4.64478669e+01 -2.21228027e-04 
 2.17520403e+06  2.17520403e+06  0.00000000e+00 -4.64478669e+01 -2.27688002e-04 
 2.23872114e+06  2.23872114e+06  0.00000000e+00 -4.64478669e+01 -2.34336612e-04 
 2.30409298e+06  2.30409298e+06  0.00000000e+00 -4.64478669e+01 -2.41179364e-04 
 2.37137371e+06  2.37137371e+06  0.00000000e+00 -4.64478669e+01 -2.48221928e-04 
 2.44061907e+06  2.44061907e+06  0.00000000e+00 -4.64478669e+01 -2.55470139e-04 
 2.51188643e+06  2.51188643e+06  0.00000000e+00 -4.64478669e+01 -2.62930001e-04 
 2.58523484e+06  2.58523484e+06  0.00000000e+00 -4.64478670e+01 -2.70607696e-04 
 2.66072506e+06  2.66072506e+06  0.00000000e+00 -4.64478670e+01 -2.78509583e-04 
 2.73841963e+06  2.73841963e+06  0.00000000e+00 -4.64478670e+01 -2.86642209e-04 
 2.81838293e+06  2.81838293e+06  0.00000000e+00 -4.64478670e+01 -2.95012312e-04 
 2.90068120e+06  2.90068120e+06  0.00000000e+00 -4.64478670e+01 -3.03626827e-04 
 2.98538262e+06  2.98538262e+06  0.00000000e+00 -4.64478671e+01 -3.12492889e-04 
 3.07255737e+06  3.07255737e+06  0.00000000e+00 -4.64478671e+01 -3.21617846e-04 
 3.16227766e+06  3.16227766e+06  0.00000000e+00 -4.64478671e+01 -3.31009256e-04 
 3.25461783e+06  3.25461783e+06  0.00000000e+00 -4.64478671e+01 -3.40674900e-04 
 3.34965439e+06  3.34965439e+06  0.00000000e+00 -4.64478672e+01 -3.50622786e-04 
 3.44746607e+06  3.44746607e+06  0.00000000e+00 -4.64478672e+01 -3.60861155e-04 
 3.54813389e+06  3.54813389e+06  0.00000000e+00 -4.64478672e+01 -3.71398490e-04 
 3.65174127e+06  3.65174127e+06  0.00000000e+00 -4.64478673e+01 -3.82243521e-04 
 3.75837404e+06  3.75837404e+06  0.00000000e+00 -4.64478673e+01 -3.93405232e-04 
 3.86812055e+06  3.86812055e+06  0.00000000e+00 -4.64478674e+01 -4.04892871e-04 
 3.98107171e+06  3.98107171e+06  0.00000000e+00 -4.64478674e+01 -4.16715955e-04 
 4.09732110e+06  4.09732110e+06  0.00000000e+00 -4.64478674e+01 -4.28884279e-04 
 4.21696503e+06  4.21696503e+06  0.00000000e+00 -4.64478675e+01 -4.41407924e-04 
 4.34010264e+06  4.34010264e+06  0.00000000e+00 -4.64478675e+01 -4.54297267e-04 
 4.46683592e+06  4.46683592e+06  0.00000000e+00 -4.64478676e+01 -4.67562985e-04 
 4.59726989e+06  4.59726989e+06  0.00000000e+00 -4.64478676e+01 -4.81216068e-04 
 4.73151259e+06  4.73151259e+06  0.00000000e+00 -4.64478677e+01 -4.95267829e-04 
 4.86967525e+06  4.86967525e+06  0.00000000e+00 -4.64478678e+01 -5.09729908e-04 
 5.01187234e+06  5.01187234e+06  0.00000000e+00 -4.64478678e+01 -5.24614287e-04 
 5.15822165e+06  5.15822165e+06  0.00000000e+00 -4.64478679e+01 -5.39933298e-04 
 5.30884444e+06  5.30884444e+06  0.00000000e+00 -4.64478680e+01 -5.55699632e-04 
 5.46386550e+06  5.46386550e+06  0.00000000e+00 -4.64478681e+01 -5.71926351e-04 
 5.62341325e+06  5.62341325e+06  0.00000000e+00 -4.64478681e+01 -5.88626898e-04 
 5.78761988e+06  5.78761988e+06  0.00000000e+00 -4.64478682e+01 -6.05815109e-04 
 5.95662144e+06  5.95662144e+06  0.00000000e+00 -4.64478683e+01 -6.23505225e-04 
 6.13055792e+06  6.13055792e+06  0.00000000e+00 -4.64478684e+01 -6.41711902e-04 
 6.30957344e+06  6.30957344e+06  0.00000000e+00 -4.64478685e+01 -6.60450222e-04 
 6.49381632e+06  6.49381632e+06  0.00000000e+00 -4.64478686e+01 -6.79735711e-04 
 6.68343918e+06  6.68343918e+06  0.00000000e+00 -4.64478688e+01 -6.99584346e-04 
 6.87859912e+06  6.87859912e+06  0.00000000e+00 -4.64478689e+01 -7.20012571e-04 
 7.07945784e+06  7.07945784e+06  0.00000000e+00 -4.64478690e+01 -7.41037310e-04 
 7.28618175e+06  7.28618175e+06  0.00000000e+00 -4.64478692e+01 -7.62675982e-04 
 7.49894209e+06  7.49894209e+06  0.00000000e+00 -4.64478693e+01 -7.84946513e-04 
 7.71791516e+06  7.71791516e+06  0.00000000e+00 -4.64478695e+01 -8.07867355e-04 
 7.94328235e+06  7.94328235e+06  0.00000000e+00 -4.64478696e+01 -8.31457497e-04 
 8.17523038e+06  8.17523038e+06  0.00000000e+00 -4.64478698e+01 -8.55736483e-04 
 8.41395142e+06  8.41395142e+06  0.00000000e+00 -4.64478700e+01 -8.80724427e-04 
 8.65964323e+06  8.65964323e+06  0.00000000e+00 -4.64478702e+01 -9.06442030e-04 
 8.91250938e+06  8.91250938e+06  0.00000000e+00 -4.64478704e+01 -9.32910600e-04 
 9.17275935e+06  9.17275935e+06  0.00000000e+00 -4.64478706e+01 -9.60152065e-04 
 9.44060876e+06  9.44060876e+06  0.00000000e+00 -4.64478709e+01 -9.88188994e-04 
 9.71627952e+06  9.71627952e+06  0.00000000e+00 -4.64478711e+01 -1.01704461e-03 
 1.00000000e+07  1.00000000e+07  0.00000000e+00 -4.64478714e+01 -1.04674283e-03 
 1.02920053e+07  1.02920053e+07  0.00000000e+00 -4.64478717e+01 -1.07730825e-03 
 1.05925373e+07  1.05925373e+07  0.00000000e+00 -4.64478720e+01 -1.10876619e-03 
 1.09018449e+07  1.09018449e+07  0.00000000e+00 -4.64478723e+01 -1.14114272e-03 
 1.12201845e+07  1.12201845e+07  0.00000000e+00 -4.64478726e+01 -1.17446466e-03 
 1.15478198e+07  1.15478198e+07  0.00000000e+00 -4.64478730e+01 -1.20875962e-03 
 1.18850223e+07  1.18850223e+07  0.00000000e+00 -4.64478734e+01 -1.24405600e-03 
 1.22320712e+07  1.22320712e+07  0.00000000e+00 -4.64478738e+01 -1.28038305e-03 
 1.25892541e+07  1.25892541e+07  0.00000000e+00 -4.64478742e+01 -1.31777087e-03 
 1.29568670e+07  1.29568670e+07  0.00000000e+00 -4.64478746e+01 -1.35625043e-03 
 1.33352143e+07  1.33352143e+07  0.00000000e+00 -4.64478751e+01 -1.39585360e-03 
 1.37246096e+07  1.37246096e+07  0.00000000e+00 -4.64478756e+01 -1.43661321e-03 
 1.41253754e+07  1.41253754e+07  0.00000000e+00 -4.64478761e+01 -1.47856301e-03 
 1.45378439e+07  1.45378439e+07  0.00000000e+00 -4.64478767e+01 -1.52173776e-03 
 1.49623566e+07  1.49623566e+07  0.00000000e+00 -4.64478773e+01 -1.56617324e-03 
 1.53992653e+07  1.53992653e+07  0.00000000e+00 -4.64478779e+01 -1.61190624e-03 
 1.58489319e+07  1.58489319e+07  0.00000000e+00 -4.64478786e+01 -1.65897467e-03 
 1.63117291e+07  1.63117291e+07  0.00000000e+00 -4.64478793e+01 -1.70741751e-03 
 1.67880402e+07  1.67880402e+07  0.00000000e+00 -4.64478801e+01 -1.75727490e-03 
 1.72782598e+07  1.72782598e+07  0.00000000e+00 -4.64478808e+01 -1.80858815e-03 
 1.77827941e+07  1.77827941e+07  0.00000000e+00 -4.64478817e+01 -1.86139975e-03 
 1.83020611e+07  1.83020611e+07  0.00000000e+00 -4.64478826e+01 -1.91575348e-03 
 1.88364909e+07  1.88364909e+07  0.00000000e+00 -4.64478835e+01 -1.97169435e-03 
 1.93865264e+07  1.93865264e+07  0.00000000e+00 -4.64478845e+01 -2.02926870e-03 
 1.99526231e+07  1.99526231e+07  0.00000000e+00 -4.64478856e+01 -2.08852425e-03 
 2.05352503e+07  2.05352503e+07  0.00000000e+00 -4.64478867e+01 -2.14951007e-03 
 2.11348904e+07  2.11348904e+07  0.00000000e+00 -4.64478879e+01 -2.21227670e-03 
 2.17520403e+07  2.17520403e+07  0.00000000e+00 -4.64478892e+01 -2.27687613e-03 
 2.23872114e+07  2.23872114e+07  0.00000000e+00 -4.64478905e+01 -2.34336187e-03 
 2.30409298e+07  2.30409298e+07  0.00000000e+00 -4.64478919e+01 -2.41178901e-03 
 2.37137371e+07  2.37137371e+07  0.00000000e+00 -4.64478934e+01 -2.48221424e-03 
 2.44061907e+07  2.44061907e+07  0.00000000e+00 -4.64478950e+01 -2.55469589e-03 
 2.51188643e+07  2.51188643e+07  0.00000000e+00 -4.64478967e+01 -2.62929402e-03 
 2.58523484e+07  2.58523484e+07  0.00000000e+00 -4.64478984e+01 -2.70607042e-03 
 2.66072506e+07  2.66072506e+07  0.00000000e+00 -4.64479003e+01 -2.78508870e-03 
 2.73841963e+07  2.73841963e+07  0.00000000e+00 -4.64479023e+01 -2.86641432e-03 
 2.81838293e+07  2.81838293e+07  0.00000000e+00 -4.64479044e+01 -2.95011465e-03 
 2.90068120e+07  2.90068120e+07  0.00000000e+00 -4.64479067e+01 -3.03625903e-03 
 2.98538262e+07  2.98538262e+07  0.00000000e+00 -4.64479091e+01 -3.12491882e-03 
 3.07255737e+07  3.07255737e+07  0.00000000e+00 -4.64479116e+01 -3.21616748e-03 
 3.16227766e+07  3.16227766e+07  0.00000000e+00 -4.64479142e+01 -3.31008059e-03 
 3.25461783e+07  3.25461783e+07  0.00000000e+00 -4.64479170e+01 -3.40673595e-03 
 3.34965439e+07  3.34965439e+07  0.00000000e+00 -4.64479200e+01 -3.50621363e-03 
 3.44746607e+07  3.44746607e+07  0.00000000e+00 -4.64479232e+01 -3.60859604e-03 
 3.54813389e+07  3.54813389e+07  0.00000000e+00 -4.64479265e+01 -3.71396800e-03 
 3.65174127e+07  3.65174127e+07  0.00000000e+00 -4.64479301e+01 -3.82241678e-03 
 3.75837404e+07  3.75837404e+07  0.00000000e+00 -4.64479339e+01 -3.93403223e-03 
 3.86812055e+07  3.86812055e+07  0.00000000e+00 -4.64479378e+01 -4.04890681e-03 
 3.98107171e+07  3.98107171e+07  0.00000000e+00 -4.64479421e+01 -4.16713567e-03 
 4.09732110e+07  4.09732110e+07  0.00000000e+00 -4.64479465e+01 -4.28881676e-03 
 4.21696503e+07  4.21696503e+07  0.00000000e+00 -4.64479513e+01 -4.41405086e-03 
 4.34010264e+07  4.34010264e+07  0.00000000e+00 -4.64479563e+01 -4.54294173e-03 
 4.46683592e+07  4.46683592e+07  0.00000000e+00 -4.64479616e+01 -4.67559612e-03 
 4.59726989e+07  4.59726989e+07  0.00000000e+00 -4.64479672e+01 -4.81212391e-03 
 4.73151259e+07  4.73151259e+07  0.00000000e+00 -4.64479732e+01 -4.95263820e-03 
 4.86967525e+07  4.86967525e+07  0.00000000e+00 -4.64479795e+01 -5.09725538e-03 
 5.01187234e+07  5.01187234e+07  0.00000000e+00 -4.64479862e+01 -5.24609523e-03 
 5.15822165e+07  5.15822165e+07  0.00000000e+00 -4.64479932e+01 -5.39928104e-03 
 5.30884444e+07  5.30884444e+07  0.00000000e+00 -4.64480008e+01 -5.55693969e-03 
 5.46386550e+07  5.46386550e+07  0.00000000e+00 -4.64480087e+01 -5.71920177e-03 
 5.62341325e+07  5.62341325e+07  0.00000000e+00 -4.64480171e+01 -5.88620168e-03 
 5.78761988e+07  5.78761988e+07  0.00000000e+00 -4.64480260e+01 -6.05807772e-03 
 5.95662144e+07  5.95662144e+07  0.00000000e+00 -4.64480355e+01 -6.23497227e-03 
 6.13055792e+07  6.13055792e+07  0.00000000e+00 -4.64480455e+01 -6.41703182e-03 
 6.30957344e+07  6.30957344e+07  0.00000000e+00 -4.64480561e+01 -6.60440716e-03 
 6.49381632e+07  6.49381632e+07  0.00000000e+00 -4.64480673e+01 -6.79725347e-03 
 6.68343918e+07  6.68343918e+07  0.00000000e+00 -4.64480792e+01 -6.99573047e-03 
 6.87859912e+07  6.87859912e+07  0.00000000e+00 -4.64480918e+01 -7.20000253e-03 
 7.07945784e+07  7.07945784e+07  0.00000000e+00 -4.64481051e+01 -7.41023881e-03 
 7.28618175e+07  7.28618175e+07  0.00000000e+00 -4.64481193e+01 -7.62661342e-03 
 7.49894209e+07  7.49894209e+07  0.00000000e+00 -4.64481342e+01 -7.84930554e-03 
 7.71791516e+07  7.71791516e+07  0.00000000e+00 -4.64481501e+01 -8.07849957e-03 
 7.94328235e+07  7.94328235e+07  0.00000000e+00 -4.64481669e+01 -8.31438530e-03 
 8.17523038e+07  8.17523038e+07  0.00000000e+00 -4.64481847e+01 -8.55715805e-03 
 8.41395142e+07  8.41395142e+07  0.00000000e+00 -4.64482035e+01 -8.80701884e-03 
 8.65964323e+07  8.65964323e+07  0.00000000e+00 -4.64482235e+01 -9.06417454e-03 
 8.91250938e+07  8.91250938e+07  0.00000000e+00 -4.64482446e+01 -9.32883808e-03 
 9.17275935e+07  9.17275935e+07  0.00000000e+00 -4.64482670e+01 -9.60122857e-03 
 9.44060876e+07  9.44060876e+07  0.00000000e+00 -4.64482907e+01 -9.88157151e-03 
 9.71627952e+07  9.71627952e+07  0.00000000e+00 -4.64483158e+01 -1.01700990e-02 
 1.00000000e+08  1.00000000e+08  0.00000000e+00 -4.64483425e+01 -1.04670499e-02 
 1.02920053e+08  1.02920053e+08  0.00000000e+00 -4.64483707e+01 -1.07726699e-02 
 1.05925373e+08  1.05925373e+08  0.00000000e+00 -4.64484005e+01 -1.10872122e-02 
 1.09018449e+08  1.09018449e+08  0.00000000e+00 -4.64484321e+01 -1.14109369e-02 
 1.12201845e+08  1.12201845e+08  0.00000000e+00 -4.64484657e+01 -1.17441121e-02 
 1.15478198e+08  1.15478198e+08  0.00000000e+00 -4.64485011e+01 -1.20870134e-02 
 1.18850223e+08  1.18850223e+08  0.00000000e+00 -4.64485387e+01 -1.24399247e-02 
 1.22320712e+08  1.22320712e+08  0.00000000e+00 -4.64485786e+01 -1.28031379e-02 
 1.25892541e+08  1.25892541e+08  0.00000000e+00 -4.64486207e+01 -1.31769536e-02 
 1.29568670e+08  1.29568670e+08  0.00000000e+00 -4.64486654e+01 -1.35616811e-02 
 1.33352143e+08  1.33352143e+08  0.00000000e+00 -4.64487127e+01 -1.39576386e-02 
 1.37246096e+08  1.37246096e+08  0.00000000e+00 -4.64487629e+01 -1.43651538e-02 
 1.41253754e+08  1.41253754e+08  0.00000000e+00 -4.64488160e+01 -1.47845636e-02 
 1.45378439e+08  1.45378439e+08  0.00000000e+00 -4.64488722e+01 -1.52162149e-02 
 1.49623566e+08  1.49623566e+08  0.00000000e+00 -4.64489318e+01 -1.56604648e-02 
 1.53992653e+08  1.53992653e+08  0.00000000e+00 -4.64489949e+01 -1.61176806e-02 
 1.58489319e+08  1.58489319e+08  0.00000000e+00 -4.64490617e+01 -1.65882402e-02 
 1.63117291e+08  1.63117291e+08  0.00000000e+00 -4.64491325e+01 -1.70725328e-02 
 1.67880402e+08  1.67880402e+08  0.00000000e+00 -4.64492075e+01 -1.75709586e-02 
 1.72782598e+08  1.72782598e+08  0.00000000e+00 -4.64492870e+01 -1.80839296e-02 
 1.77827941e+08  1.77827941e+08  0.00000000e+00 -4.64493711e+01 -1.86118697e-02 
 1.83020611e+08  1.83020611e+08  0.00000000e+00 -4.64494603e+01 -1.91552150e-02 
 1.88364909e+08  1.88364909e+08  0.00000000e+00 -4.64495547e+01 -1.97144146e-02 
 1.93865264e+08  1.93865264e+08  0.00000000e+00 -4.64496547e+01 -2.02899301e-02 
 1.99526231e+08  1.99526231e+08  0.00000000e+00 -4.64497606e+01 -2.08822370e-02 
 2.05352503e+08  2.05352503e+08  0.00000000e+00 -4.64498728e+01 -2.14918242e-02 
 2.11348904e+08  2.11348904e+08  0.00000000e+00 -4.64499916e+01 -2.21191950e-02 
 2.17520403e+08  2.17520403e+08  0.00000000e+00 -4.64501175e+01 -2.27648672e-02 
 2.23872114e+08  2.23872114e+08  0.00000000e+00 -4.64502509e+01 -2.34293736e-02 
 2.30409298e+08  2.30409298e+08  0.00000000e+00 -4.64503921e+01 -2.41132622e-02 
 2.37137371e+08  2.37137371e+08  0.00000000e+00 -4.64505417e+01 -2.48170972e-02 
 2.44061907e+08  2.44061907e+08  0.00000000e+00 -4.64507001e+01 -2.55414589e-02 
 2.51188643e+08  2.51188643e+08  0.00000000e+00 -4.64508680e+01 -2.62869443e-02 
 2.58523484e+08  2.58523484e+08  0.00000000e+00 -4.64510458e+01 -2.70541677e-02 
 2.66072506e+08  2.66072506e+08  0.00000000e+00 -4.64512341e+01 -2.78437612e-02 
 2.73841963e+08  2.73841963e+08  0.00000000e+00 -4.64514335e+01 -2.86563750e-02 
 2.81838293e+08  2.81838293e+08  0.00000000e+00 -4.64516448e+01 -2.94926780e-02 
 2.90068120e+08  2.90068120e+08  0.00000000e+00 -4.64518685e+01 -3.03533584e-02 
 2.98538262e+08  2.98538262e+08  0.00000000e+00 -4.64521055e+01 -3.12391241e-02 
 3.07255737e+08  3.07255737e+08  0.00000000e+00 -4.64523566e+01 -3.21507034e-02 
 3.16227766e+08  3.16227766e+08  0.00000000e+00 -4.64526225e+01 -3.30888455e-02 
 3.25461783e+08  3.25461783e+08  0.00000000e+00 -4.64529041e+01 -3.40543210e-02 
 3.34965439e+08  3.34965439e+08  0.00000000e+00 -4.64532024e+01 -3.50479225e-02 
 3.44746607e+08  3.44746607e+08  0.00000000e+00 -4.64535184e+01 -3.60704654e-02 
 3.54813389e+08  3.54813389e+08  0.00000000e+00 -4.64538530e+01 -3.71227883e-02 
 3.65174127e+08  3.65174127e+08  0.00000000e+00 -4.64542075e+01 -3.82057537e-02 
 3.75837404e+08  3.75837404e+08  0.00000000e+00 -4.64545829e+01 -3.93202486e-02 
 3.86812055e+08  3.86812055e+08  0.00000000e+00 -4.64549806e+01 -4.04671852e-02 
 3.98107171e+08  3.98107171e+08  0.00000000e+00 -4.64554017e+01 -4.16475018e-02 
 4.09732110e+08  4.09732110e+08  0.00000000e+00 -4.64558478e+01 -4.28621629e-02 
 4.21696503e+08  4.21696503e+08  0.00000000e+00 -4.64563202e+01 -4.41121607e-02 
 4.34010264e+08  4.34010264e+08  0.00000000e+00 -4.64568206e+01 -4.53985149e-02 
 4.46683592e+08  4.46683592e+08  0.00000000e+00 -4.64573506e+01 -4.67222744e-02 
 4.59726989e+08  4.59726989e+08  0.00000000e+00 -4.64579119e+01 -4.80845172e-02 
 4.73151259e+08  4.73151259e+08  0.00000000e+00 -4.64585064e+01 -4.94863516e-02 
 4.86967525e+08  4.86967525e+08  0.00000000e+00 -4.64591360e+01 -5.09289171e-02 
 5.01187234e+08  5.01187234e+08  0.00000000e+00 -4.64598029e+01 -5.24133847e-02 
 5.15822165e+08  5.15822165e+08  0.00000000e+00 -4.64605091e+01 -5.39409581e-02 
 5.30884444e+08  5.30884444e+08  0.00000000e+00 -4.64612571e+01 -5.55128742e-02 
 5.46386550e+08  5.46386550e+08  0.00000000e+00 -4.64620492e+01 -5.71304044e-02 
 5.62341325e+08  5.62341325e+08  0.00000000e+00 -4.64628881e+01 -5.87948547e-02 
 5.78761988e+08  5.78761988e+08  0.00000000e+00 -4.64637766e+01 -6.05075673e-02 
 5.95662144e+08  5.95662144e+08  0.00000000e+00 -4.64647175e+01 -6.22699208e-02 
 6.13055792e+08  6.13055792e+08  0.00000000e+00 -4.64657139e+01 -6.40833315e-02 
 6.30957344e+08  6.30957344e+08  0.00000000e+00 -4.64667691e+01 -6.59492541e-02 
 6.49381632e+08  6.49381632e+08  0.00000000e+00 -4.64678866e+01 -6.78691823e-02 
 6.68343918e+08  6.68343918e+08  0.00000000e+00 -4.64690700e+01 -6.98446501e-02 
 6.87859912e+08  6.87859912e+08  0.00000000e+00 -4.64703231e+01 -7.18772325e-02 
 7.07945784e+08  7.07945784e+08  0.00000000e+00 -4.64716501e+01 -7.39685461e-02 
 7.28618175e+08  7.28618175e+08  0.00000000e+00 -4.64730553e+01 -7.61202504e-02 
 7.49894209e+08  7.49894209e+08  0.00000000e+00 -4.64745432e+01 -7.83340481e-02 
 7.71791516e+08  7.71791516e+08  0.00000000e+00 -4.64761188e+01 -8.06116866e-02 
 7.94328235e+08  7.94328235e+08  0.00000000e+00 -4.64777871e+01 -8.29549581e-02 
 8.17523038e+08  8.17523038e+08  0.00000000e+00 -4.64795535e+01 -8.53657010e-02 
 8.41395142e+08  8.41395142e+08  0.00000000e+00 -4.64814238e+01 -8.78458005e-02 
 8.65964323e+08  8.65964323e+08  0.00000000e+00 -4.64834041e+01 -9.03971889e-02 
 8.91250938e+08  8.91250938e+08  0.00000000e+00 -4.64855007e+01 -9.30218472e-02 
 9.17275935e+08  9.17275935e+08  0.00000000e+00 -4.64877205e+01 -9.57218050e-02 
 9.44060876e+08  9.44060876e+08  0.00000000e+00 -4.64900706e+01 -9.84991416e-02 
 9.71627952e+08  9.71627952e+08  0.00000000e+00 -4.64925585e+01 -1.01355986e-01 
 1.00000000e+09  1.00000000e+09  0.00000000e+00 -4.64951922e+01 -1.04294520e-01 
 1.02920053e+09  1.02920053e+09  0.00000000e+00 -4.64979803e+01 -1.07316972e-01 
 1.05925373e+09  1.05925373e+09  0.00000000e+00 -4.65009317e+01 -1.10425628e-01 
 1.09018449e+09  1.09018449e+09  0.00000000e+00 -4.65040557e+01 -1.13622821e-01 
 1.12201845e+09  1.12201845e+09  0.00000000e+00 -4.65073625e+01 -1.16910939e-01 
 1.15478198e+09  1.15478198e+09  0.00000000e+00 -4.65108624e+01 -1.20292421e-01 
 1.18850223e+09  1.18850223e+09  0.00000000e+00 -4.65145666e+01 -1.23769760e-01 
 1.22320712e+09  1.22320712e+09  0.00000000e+00 -4.65184868e+01 -1.27345498e-01 
 1.25892541e+09  1.25892541e+09  0.00000000e+00 -4.65226355e+01 -1.31022234e-01 
 1.29568670e+09  1.29568670e+09  0.00000000e+00 -4.65270257e+01 -1.34802614e-01 
 1.33352143e+09  1.33352143e+09  0.00000000e+00 -4.65316712e+01 -1.38689338e-01 
 1.37246096e+09  1.37246096e+09  0.00000000e+00 -4.65365865e+01 -1.42685157e-01 
 1.41253754e+09  1.41253754e+09  0.00000000e+00 -4.65417871e+01 -1.46792870e-01 
 1.45378439e+09  1.45378439e+09  0.00000000e+00 -4.65472890e+01 -1.51015324e-01 
 1.49623566e+09  1.49623566e+09  0.00000000e+00 -4.65531093e+01 -1.55355416e-01 
 1.53992653e+09  1.53992653e+09  0.00000000e+00 -4.65592660e+01 -1.59816087e-01 
 1.58489319e+09  1.58489319e+09  0.00000000e+00 -4.65657780e+01 -1.64400322e-01 
 1.63117291e+09  1.63117291e+09  0.00000000e+00 -4.65726653e+01 -1.69111147e-01 
 1.67880402e+09  1.67880402e+09  0.00000000e+00 -4.65799487e+01 -1.73951628e-01 
 1.72782598e+09  1.72782598e+09  0.00000000e+00 -4.65876504e+01 -1.78924867e-01 
 1.77827941e+09  1.77827941e+09  0.00000000e+00 -4.65957936e+01 -1.84034000e-01 
 1.83020611e+09  1.83020611e+09  0.00000000e+00 -4.66044027e+01 -1.89282191e-01 
 1.88364909e+09  1.88364909e+09  0.00000000e+00 -4.66135033e+01 -1.94672633e-01 
 1.93865264e+09  1.93865264e+09  0.00000000e+00 -4.66231224e+01 -2.00208535e-01 
 1.99526231e+09  1.99526231e+09  0.00000000e+00 -4.66332883e+01 -2.05893127e-01 
 2.05352503e+09  2.05352503e+09  0.00000000e+00 -4.66440307e+01 -2.11729648e-01 
 2.11348904e+09  2.11348904e+09  0.00000000e+00 -4.66553807e+01 -2.17721341e-01 
 2.17520403e+09  2.17520403e+09  0.00000000e+00 -4.66673710e+01 -2.23871448e-01 
 2.23872114e+09  2.23872114e+09  0.00000000e+00 -4.66800358e+01 -2.30183202e-01 
 2.30409298e+09  2.30409298e+09  0.00000000e+00 -4.66934108e+01 -2.36659819e-01 
 2.37137371e+09  2.37137371e+09  0.00000000e+00 -4.67075335e+01 -2.43304490e-01 
 2.44061907e+09  2.44061907e+09  0.00000000e+00 -4.67224432e+01 -2.50120371e-01 
 2.51188643e+09  2.51188643e+09  0.00000000e+00 -4.67381807e+01 -2.57110575e-01 
 2.58523484e+09  2.58523484e+09  0.00000000e+00 -4.67547887e+01 -2.64278159e-01 
 2.66072506e+09  2.66072506e+09  0.00000000e+00 -4.67723119e+01 -2.71626112e-01 
 2.73841963e+09  2.73841963e+09  0.00000000e+00 -4.67907965e+01 -2.79157347e-01 
 2.81838293e+09  2.81838293e+09  0.00000000e+00 -4.68102910e+01 -2.86874684e-01 
 2.90068120e+09  2.90068120e+09  0.00000000e+00 -4.68308456e+01 -2.94780837e-01 
 2.98538262e+09  2.98538262e+09  0.00000000e+00 -4.68525126e+01 -3.02878400e-01 
 3.07255737e+09  3.07255737e+09  0.00000000e+00 -4.68753462e+01 -3.11169832e-01 
 3.16227766e+09  3.16227766e+09  0.00000000e+00 -4.68994025e+01 -3.19657439e-01 
 3.25461783e+09  3.25461783e+09  0.00000000e+00 -4.69247397e+01 -3.28343360e-01 
 3.34965439e+09  3.34965439e+09  0.00000000e+00 -4.69514180e+01 -3.37229545e-01 
 3.44746607e+09  3.44746607e+09  0.00000000e+00 -4.69794995e+01 -3.46317739e-01 
 3.54813389e+09  3.54813389e+09  0.00000000e+00 -4.70090483e+01 -3.55609465e-01 
 3.65174127e+09  3.65174127e+09  0.00000000e+00 -4.70401301e+01 -3.65105998e-01 
 3.75837404e+09  3.75837404e+09  0.00000000e+00 -4.70728129e+01 -3.74808354e-01 
 3.86812055e+09  3.86812055e+09  0.00000000e+00 -4.71071661e+01 -3.84717259e-01 
 3.98107171e+09  3.98107171e+09  0.00000000e+00 -4.71432608e+01 -3.94833137e-01 
 4.09732110e+09  4.09732110e+09  0.00000000e+00 -4.71811700e+01 -4.05156083e-01 
 4.21696503e+09  4.21696503e+09  0.00000000e+00 -4.72209677e+01 -4.15685848e-01 
 4.34010264e+09  4.34010264e+09  0.00000000e+00 -4.72627297e+01 -4.26421810e-01 
 4.46683592e+09  4.46683592e+09  0.00000000e+00 -4.73065325e+01 -4.37362962e-01 
 4.59726989e+09  4.59726989e+09  0.00000000e+00 -4.73524539e+01 -4.48507888e-01 
 4.73151259e+09  4.73151259e+09  0.00000000e+00 -4.74005726e+01 -4.59854743e-01 
 4.86967525e+09  4.86967525e+09  0.00000000e+00 -4.74509676e+01 -4.71401238e-01 
 5.01187234e+09  5.01187234e+09  0.00000000e+00 -4.75037185e+01 -4.83144620e-01 
 5.15822165e+09  5.15822165e+09  0.00000000e+00 -4.75589050e+01 -4.95081660e-01 
 5.30884444e+09  5.30884444e+09  0.00000000e+00 -4.76166066e+01 -5.07208637e-01 
 5.46386550e+09  5.46386550e+09  0.00000000e+00 -4.76769026e+01 -5.19521330e-01 
 5.62341325e+09  5.62341325e+09  0.00000000e+00 -4.77398712e+01 -5.32015002e-01 
 5.78761988e+09  5.78761988e+09  0.00000000e+00 -4.78055900e+01 -5.44684403e-01 
 5.95662144e+09  5.95662144e+09  0.00000000e+00 -4.78741351e+01 -5.57523757e-01 
 6.13055792e+09  6.13055792e+09  0.00000000e+00 -4.79455808e+01 -5.70526769e-01 
 6.30957344e+09  6.30957344e+09  0.00000000e+00 -4.80199996e+01 -5.83686622e-01 
 6.49381632e+09  6.49381632e+09  0.00000000e+00 -4.80974615e+01 -5.96995985e-01 
 6.68343918e+09  6.68343918e+09  0.00000000e+00 -4.81780338e+01 -6.10447024e-01 
 6.87859912e+09  6.87859912e+09  0.00000000e+00 -4.82617809e+01 -6.24031414e-01 
 7.07945784e+09  7.07945784e+09  0.00000000e+00 -4.83487635e+01 -6.37740354e-01 
 7.28618175e+09  7.28618175e+09  0.00000000e+00 -4.84390388e+01 -6.51564593e-01 
 7.49894209e+09  7.49894209e+09  0.00000000e+00 -4.85326599e+01 -6.65494449e-01 
 7.71791516e+09  7.71791516e+09  0.00000000e+00 -4.86296754e+01 -6.79519840e-01 
 7.94328235e+09  7.94328235e+09  0.00000000e+00 -4.87301293e+01 -6.93630317e-01 
 8.17523038e+09  8.17523038e+09  0.00000000e+00 -4.88340608e+01 -7.07815096e-01 
 8.41395142e+09  8.41395142e+09  0.00000000e+00 -4.89415037e+01 -7.22063098e-01 
 8.65964323e+09  8.65964323e+09  0.00000000e+00 -4.90524865e+01 -7.36362992e-01 
 8.91250938e+09  8.91250938e+09  0.00000000e+00 -4.91670321e+01 -7.50703233e-01 
 9.17275935e+09  9.17275935e+09  0.00000000e+00 -4.92851577e+01 -7.65072115e-01 
 9.44060876e+09  9.44060876e+09  0.00000000e+00 -4.94068747e+01 -7.79457811e-01 
 9.71627952e+09  9.71627952e+09  0.00000000e+00 -4.95321884e+01 -7.93848426e-01 
 1.00000000e+10  1.00000000e+10  0.00000000e+00 -4.96610984e+01 -8.08232044e-01 
