 frequency       frequency       frequency       vdb(outp,outn)  vp(outp,outn)  
 1.00000000e+01  1.00000000e+01  0.00000000e+00 -4.00831300e+01  3.14159265e+00 
 1.02920053e+01  1.02920053e+01  0.00000000e+00 -4.00831300e+01  3.14159265e+00 
 1.05925373e+01  1.05925373e+01  0.00000000e+00 -4.00831300e+01  3.14159265e+00 
 1.09018449e+01  1.09018449e+01  0.00000000e+00 -4.00831300e+01  3.14159265e+00 
 1.12201845e+01  1.12201845e+01  0.00000000e+00 -4.00831300e+01  3.14159265e+00 
 1.15478198e+01  1.15478198e+01  0.00000000e+00 -4.00831300e+01  3.14159265e+00 
 1.18850223e+01  1.18850223e+01  0.00000000e+00 -4.00831300e+01  3.14159265e+00 
 1.22320712e+01  1.22320712e+01  0.00000000e+00 -4.00831300e+01  3.14159265e+00 
 1.25892541e+01  1.25892541e+01  0.00000000e+00 -4.00831300e+01  3.14159265e+00 
 1.29568670e+01  1.29568670e+01  0.00000000e+00 -4.00831300e+01  3.14159265e+00 
 1.33352143e+01  1.33352143e+01  0.00000000e+00 -4.00831300e+01  3.14159265e+00 
 1.37246096e+01  1.37246096e+01  0.00000000e+00 -4.00831300e+01  3.14159265e+00 
 1.41253754e+01  1.41253754e+01  0.00000000e+00 -4.00831300e+01  3.14159265e+00 
 1.45378439e+01  1.45378439e+01  0.00000000e+00 -4.00831300e+01  3.14159265e+00 
 1.49623566e+01  1.49623566e+01  0.00000000e+00 -4.00831300e+01  3.14159265e+00 
 1.53992653e+01  1.53992653e+01  0.00000000e+00 -4.00831300e+01  3.14159265e+00 
 1.58489319e+01  1.58489319e+01  0.00000000e+00 -4.00831300e+01  3.14159265e+00 
 1.63117291e+01  1.63117291e+01  0.00000000e+00 -4.00831300e+01  3.14159265e+00 
 1.67880402e+01  1.67880402e+01  0.00000000e+00 -4.00831300e+01  3.14159265e+00 
 1.72782598e+01  1.72782598e+01  0.00000000e+00 -4.00831300e+01  3.14159265e+00 
 1.77827941e+01  1.77827941e+01  0.00000000e+00 -4.00831300e+01  3.14159265e+00 
 1.83020611e+01  1.83020611e+01  0.00000000e+00 -4.00831300e+01  3.14159265e+00 
 1.88364909e+01  1.88364909e+01  0.00000000e+00 -4.00831300e+01  3.14159265e+00 
 1.93865264e+01  1.93865264e+01  0.00000000e+00 -4.00831300e+01  3.14159265e+00 
 1.99526231e+01  1.99526231e+01  0.00000000e+00 -4.00831300e+01  3.14159265e+00 
 2.05352503e+01  2.05352503e+01  0.00000000e+00 -4.00831300e+01  3.14159265e+00 
 2.11348904e+01  2.11348904e+01  0.00000000e+00 -4.00831300e+01  3.14159265e+00 
 2.17520403e+01  2.17520403e+01  0.00000000e+00 -4.00831300e+01  3.14159265e+00 
 2.23872114e+01  2.23872114e+01  0.00000000e+00 -4.00831300e+01  3.14159265e+00 
 2.30409298e+01  2.30409298e+01  0.00000000e+00 -4.00831300e+01  3.14159265e+00 
 2.37137371e+01  2.37137371e+01  0.00000000e+00 -4.00831300e+01  3.14159265e+00 
 2.44061907e+01  2.44061907e+01  0.00000000e+00 -4.00831300e+01  3.14159265e+00 
 2.51188643e+01  2.51188643e+01  0.00000000e+00 -4.00831300e+01  3.14159265e+00 
 2.58523484e+01  2.58523484e+01  0.00000000e+00 -4.00831300e+01  3.14159265e+00 
 2.66072506e+01  2.66072506e+01  0.00000000e+00 -4.00831300e+01  3.14159265e+00 
 2.73841963e+01  2.73841963e+01  0.00000000e+00 -4.00831300e+01  3.14159265e+00 
 2.81838293e+01  2.81838293e+01  0.00000000e+00 -4.00831300e+01  3.14159265e+00 
 2.90068120e+01  2.90068120e+01  0.00000000e+00 -4.00831300e+01  3.14159265e+00 
 2.98538262e+01  2.98538262e+01  0.00000000e+00 -4.00831300e+01  3.14159265e+00 
 3.07255737e+01  3.07255737e+01  0.00000000e+00 -4.00831300e+01  3.14159265e+00 
 3.16227766e+01  3.16227766e+01  0.00000000e+00 -4.00831300e+01  3.14159265e+00 
 3.25461783e+01  3.25461783e+01  0.00000000e+00 -4.00831300e+01  3.14159265e+00 
 3.34965439e+01  3.34965439e+01  0.00000000e+00 -4.00831300e+01  3.14159265e+00 
 3.44746607e+01  3.44746607e+01  0.00000000e+00 -4.00831300e+01  3.14159265e+00 
 3.54813389e+01  3.54813389e+01  0.00000000e+00 -4.00831300e+01  3.14159265e+00 
 3.65174127e+01  3.65174127e+01  0.00000000e+00 -4.00831300e+01  3.14159265e+00 
 3.75837404e+01  3.75837404e+01  0.00000000e+00 -4.00831300e+01  3.14159265e+00 
 3.86812055e+01  3.86812055e+01  0.00000000e+00 -4.00831300e+01  3.14159265e+00 
 3.98107171e+01  3.98107171e+01  0.00000000e+00 -4.00831300e+01  3.14159265e+00 
 4.09732110e+01  4.09732110e+01  0.00000000e+00 -4.00831300e+01  3.14159265e+00 
 4.21696503e+01  4.21696503e+01  0.00000000e+00 -4.00831300e+01  3.14159265e+00 
 4.34010264e+01  4.34010264e+01  0.00000000e+00 -4.00831300e+01  3.14159265e+00 
 4.46683592e+01  4.46683592e+01  0.00000000e+00 -4.00831300e+01  3.14159265e+00 
 4.59726989e+01  4.59726989e+01  0.00000000e+00 -4.00831300e+01  3.14159265e+00 
 4.73151259e+01  4.73151259e+01  0.00000000e+00 -4.00831300e+01  3.14159265e+00 
 4.86967525e+01  4.86967525e+01  0.00000000e+00 -4.00831300e+01  3.14159265e+00 
 5.01187234e+01  5.01187234e+01  0.00000000e+00 -4.00831300e+01  3.14159265e+00 
 5.15822165e+01  5.15822165e+01  0.00000000e+00 -4.00831300e+01  3.14159265e+00 
 5.30884444e+01  5.30884444e+01  0.00000000e+00 -4.00831300e+01  3.14159265e+00 
 5.46386550e+01  5.46386550e+01  0.00000000e+00 -4.00831300e+01  3.14159265e+00 
 5.62341325e+01  5.62341325e+01  0.00000000e+00 -4.00831300e+01  3.14159265e+00 
 5.78761988e+01  5.78761988e+01  0.00000000e+00 -4.00831300e+01  3.14159265e+00 
 5.95662144e+01  5.95662144e+01  0.00000000e+00 -4.00831300e+01  3.14159264e+00 
 6.13055792e+01  6.13055792e+01  0.00000000e+00 -4.00831300e+01  3.14159264e+00 
 6.30957344e+01  6.30957344e+01  0.00000000e+00 -4.00831300e+01  3.14159264e+00 
 6.49381632e+01  6.49381632e+01  0.00000000e+00 -4.00831300e+01  3.14159264e+00 
 6.68343918e+01  6.68343918e+01  0.00000000e+00 -4.00831300e+01  3.14159264e+00 
 6.87859912e+01  6.87859912e+01  0.00000000e+00 -4.00831300e+01  3.14159264e+00 
 7.07945784e+01  7.07945784e+01  0.00000000e+00 -4.00831300e+01  3.14159264e+00 
 7.28618175e+01  7.28618175e+01  0.00000000e+00 -4.00831300e+01  3.14159264e+00 
 7.49894209e+01  7.49894209e+01  0.00000000e+00 -4.00831300e+01  3.14159264e+00 
 7.71791516e+01  7.71791516e+01  0.00000000e+00 -4.00831300e+01  3.14159264e+00 
 7.94328235e+01  7.94328235e+01  0.00000000e+00 -4.00831300e+01  3.14159264e+00 
 8.17523038e+01  8.17523038e+01  0.00000000e+00 -4.00831300e+01  3.14159264e+00 
 8.41395142e+01  8.41395142e+01  0.00000000e+00 -4.00831300e+01  3.14159264e+00 
 8.65964323e+01  8.65964323e+01  0.00000000e+00 -4.00831300e+01  3.14159264e+00 
 8.91250938e+01  8.91250938e+01  0.00000000e+00 -4.00831300e+01  3.14159264e+00 
 9.17275935e+01  9.17275935e+01  0.00000000e+00 -4.00831300e+01  3.14159264e+00 
 9.44060876e+01  9.44060876e+01  0.00000000e+00 -4.00831300e+01  3.14159264e+00 
 9.71627952e+01  9.71627952e+01  0.00000000e+00 -4.00831300e+01  3.14159264e+00 
 1.00000000e+02  1.00000000e+02  0.00000000e+00 -4.00831300e+01  3.14159264e+00 
 1.02920053e+02  1.02920053e+02  0.00000000e+00 -4.00831300e+01  3.14159264e+00 
 1.05925373e+02  1.05925373e+02  0.00000000e+00 -4.00831300e+01  3.14159264e+00 
 1.09018449e+02  1.09018449e+02  0.00000000e+00 -4.00831300e+01  3.14159264e+00 
 1.12201845e+02  1.12201845e+02  0.00000000e+00 -4.00831300e+01  3.14159264e+00 
 1.15478198e+02  1.15478198e+02  0.00000000e+00 -4.00831300e+01  3.14159264e+00 
 1.18850223e+02  1.18850223e+02  0.00000000e+00 -4.00831300e+01  3.14159264e+00 
 1.22320712e+02  1.22320712e+02  0.00000000e+00 -4.00831300e+01  3.14159264e+00 
 1.25892541e+02  1.25892541e+02  0.00000000e+00 -4.00831300e+01  3.14159263e+00 
 1.29568670e+02  1.29568670e+02  0.00000000e+00 -4.00831300e+01  3.14159263e+00 
 1.33352143e+02  1.33352143e+02  0.00000000e+00 -4.00831300e+01  3.14159263e+00 
 1.37246096e+02  1.37246096e+02  0.00000000e+00 -4.00831300e+01  3.14159263e+00 
 1.41253754e+02  1.41253754e+02  0.00000000e+00 -4.00831300e+01  3.14159263e+00 
 1.45378439e+02  1.45378439e+02  0.00000000e+00 -4.00831300e+01  3.14159263e+00 
 1.49623566e+02  1.49623566e+02  0.00000000e+00 -4.00831300e+01  3.14159263e+00 
 1.53992653e+02  1.53992653e+02  0.00000000e+00 -4.00831300e+01  3.14159263e+00 
 1.58489319e+02  1.58489319e+02  0.00000000e+00 -4.00831300e+01  3.14159263e+00 
 1.63117291e+02  1.63117291e+02  0.00000000e+00 -4.00831300e+01  3.14159263e+00 
 1.67880402e+02  1.67880402e+02  0.00000000e+00 -4.00831300e+01  3.14159263e+00 
 1.72782598e+02  1.72782598e+02  0.00000000e+00 -4.00831300e+01  3.14159263e+00 
 1.77827941e+02  1.77827941e+02  0.00000000e+00 -4.00831300e+01  3.14159263e+00 
 1.83020611e+02  1.83020611e+02  0.00000000e+00 -4.00831300e+01  3.14159263e+00 
 1.88364909e+02  1.88364909e+02  0.00000000e+00 -4.00831300e+01  3.14159263e+00 
 1.93865264e+02  1.93865264e+02  0.00000000e+00 -4.00831300e+01  3.14159262e+00 
 1.99526231e+02  1.99526231e+02  0.00000000e+00 -4.00831300e+01  3.14159262e+00 
 2.05352503e+02  2.05352503e+02  0.00000000e+00 -4.00831300e+01  3.14159262e+00 
 2.11348904e+02  2.11348904e+02  0.00000000e+00 -4.00831300e+01  3.14159262e+00 
 2.17520403e+02  2.17520403e+02  0.00000000e+00 -4.00831300e+01  3.14159262e+00 
 2.23872114e+02  2.23872114e+02  0.00000000e+00 -4.00831300e+01  3.14159262e+00 
 2.30409298e+02  2.30409298e+02  0.00000000e+00 -4.00831300e+01  3.14159262e+00 
 2.37137371e+02  2.37137371e+02  0.00000000e+00 -4.00831300e+01  3.14159262e+00 
 2.44061907e+02  2.44061907e+02  0.00000000e+00 -4.00831300e+01  3.14159262e+00 
 2.51188643e+02  2.51188643e+02  0.00000000e+00 -4.00831300e+01  3.14159262e+00 
 2.58523484e+02  2.58523484e+02  0.00000000e+00 -4.00831300e+01  3.14159262e+00 
 2.66072506e+02  2.66072506e+02  0.00000000e+00 -4.00831300e+01  3.14159261e+00 
 2.73841963e+02  2.73841963e+02  0.00000000e+00 -4.00831300e+01  3.14159261e+00 
 2.81838293e+02  2.81838293e+02  0.00000000e+00 -4.00831300e+01  3.14159261e+00 
 2.90068120e+02  2.90068120e+02  0.00000000e+00 -4.00831300e+01  3.14159261e+00 
 2.98538262e+02  2.98538262e+02  0.00000000e+00 -4.00831300e+01  3.14159261e+00 
 3.07255737e+02  3.07255737e+02  0.00000000e+00 -4.00831300e+01  3.14159261e+00 
 3.16227766e+02  3.16227766e+02  0.00000000e+00 -4.00831300e+01  3.14159261e+00 
 3.25461783e+02  3.25461783e+02  0.00000000e+00 -4.00831300e+01  3.14159261e+00 
 3.34965439e+02  3.34965439e+02  0.00000000e+00 -4.00831300e+01  3.14159260e+00 
 3.44746607e+02  3.44746607e+02  0.00000000e+00 -4.00831300e+01  3.14159260e+00 
 3.54813389e+02  3.54813389e+02  0.00000000e+00 -4.00831300e+01  3.14159260e+00 
 3.65174127e+02  3.65174127e+02  0.00000000e+00 -4.00831300e+01  3.14159260e+00 
 3.75837404e+02  3.75837404e+02  0.00000000e+00 -4.00831300e+01  3.14159260e+00 
 3.86812055e+02  3.86812055e+02  0.00000000e+00 -4.00831300e+01  3.14159260e+00 
 3.98107171e+02  3.98107171e+02  0.00000000e+00 -4.00831300e+01  3.14159259e+00 
 4.09732110e+02  4.09732110e+02  0.00000000e+00 -4.00831300e+01  3.14159259e+00 
 4.21696503e+02  4.21696503e+02  0.00000000e+00 -4.00831300e+01  3.14159259e+00 
 4.34010264e+02  4.34010264e+02  0.00000000e+00 -4.00831300e+01  3.14159259e+00 
 4.46683592e+02  4.46683592e+02  0.00000000e+00 -4.00831300e+01  3.14159259e+00 
 4.59726989e+02  4.59726989e+02  0.00000000e+00 -4.00831300e+01  3.14159259e+00 
 4.73151259e+02  4.73151259e+02  0.00000000e+00 -4.00831300e+01  3.14159258e+00 
 4.86967525e+02  4.86967525e+02  0.00000000e+00 -4.00831300e+01  3.14159258e+00 
 5.01187234e+02  5.01187234e+02  0.00000000e+00 -4.00831300e+01  3.14159258e+00 
 5.15822165e+02  5.15822165e+02  0.00000000e+00 -4.00831300e+01  3.14159258e+00 
 5.30884444e+02  5.30884444e+02  0.00000000e+00 -4.00831300e+01  3.14159258e+00 
 5.46386550e+02  5.46386550e+02  0.00000000e+00 -4.00831300e+01  3.14159257e+00 
 5.62341325e+02  5.62341325e+02  0.00000000e+00 -4.00831300e+01  3.14159257e+00 
 5.78761988e+02  5.78761988e+02  0.00000000e+00 -4.00831300e+01  3.14159257e+00 
 5.95662144e+02  5.95662144e+02  0.00000000e+00 -4.00831300e+01  3.14159257e+00 
 6.13055792e+02  6.13055792e+02  0.00000000e+00 -4.00831300e+01  3.14159256e+00 
 6.30957344e+02  6.30957344e+02  0.00000000e+00 -4.00831300e+01  3.14159256e+00 
 6.49381632e+02  6.49381632e+02  0.00000000e+00 -4.00831300e+01  3.14159256e+00 
 6.68343918e+02  6.68343918e+02  0.00000000e+00 -4.00831300e+01  3.14159255e+00 
 6.87859912e+02  6.87859912e+02  0.00000000e+00 -4.00831300e+01  3.14159255e+00 
 7.07945784e+02  7.07945784e+02  0.00000000e+00 -4.00831300e+01  3.14159255e+00 
 7.28618175e+02  7.28618175e+02  0.00000000e+00 -4.00831300e+01  3.14159255e+00 
 7.49894209e+02  7.49894209e+02  0.00000000e+00 -4.00831300e+01  3.14159254e+00 
 7.71791516e+02  7.71791516e+02  0.00000000e+00 -4.00831300e+01  3.14159254e+00 
 7.94328235e+02  7.94328235e+02  0.00000000e+00 -4.00831300e+01  3.14159254e+00 
 8.17523038e+02  8.17523038e+02  0.00000000e+00 -4.00831300e+01  3.14159253e+00 
 8.41395142e+02  8.41395142e+02  0.00000000e+00 -4.00831300e+01  3.14159253e+00 
 8.65964323e+02  8.65964323e+02  0.00000000e+00 -4.00831300e+01  3.14159253e+00 
 8.91250938e+02  8.91250938e+02  0.00000000e+00 -4.00831300e+01  3.14159252e+00 
 9.17275935e+02  9.17275935e+02  0.00000000e+00 -4.00831300e+01  3.14159252e+00 
 9.44060876e+02  9.44060876e+02  0.00000000e+00 -4.00831300e+01  3.14159251e+00 
 9.71627952e+02  9.71627952e+02  0.00000000e+00 -4.00831300e+01  3.14159251e+00 
 1.00000000e+03  1.00000000e+03  0.00000000e+00 -4.00831300e+01  3.14159251e+00 
 1.02920053e+03  1.02920053e+03  0.00000000e+00 -4.00831300e+01  3.14159250e+00 
 1.05925373e+03  1.05925373e+03  0.00000000e+00 -4.00831300e+01  3.14159250e+00 
 1.09018449e+03  1.09018449e+03  0.00000000e+00 -4.00831300e+01  3.14159249e+00 
 1.12201845e+03  1.12201845e+03  0.00000000e+00 -4.00831300e+01  3.14159249e+00 
 1.15478198e+03  1.15478198e+03  0.00000000e+00 -4.00831300e+01  3.14159248e+00 
 1.18850223e+03  1.18850223e+03  0.00000000e+00 -4.00831300e+01  3.14159248e+00 
 1.22320712e+03  1.22320712e+03  0.00000000e+00 -4.00831300e+01  3.14159247e+00 
 1.25892541e+03  1.25892541e+03  0.00000000e+00 -4.00831300e+01  3.14159247e+00 
 1.29568670e+03  1.29568670e+03  0.00000000e+00 -4.00831300e+01  3.14159246e+00 
 1.33352143e+03  1.33352143e+03  0.00000000e+00 -4.00831300e+01  3.14159246e+00 
 1.37246096e+03  1.37246096e+03  0.00000000e+00 -4.00831300e+01  3.14159245e+00 
 1.41253754e+03  1.41253754e+03  0.00000000e+00 -4.00831300e+01  3.14159244e+00 
 1.45378439e+03  1.45378439e+03  0.00000000e+00 -4.00831300e+01  3.14159244e+00 
 1.49623566e+03  1.49623566e+03  0.00000000e+00 -4.00831300e+01  3.14159243e+00 
 1.53992653e+03  1.53992653e+03  0.00000000e+00 -4.00831300e+01  3.14159243e+00 
 1.58489319e+03  1.58489319e+03  0.00000000e+00 -4.00831300e+01  3.14159242e+00 
 1.63117291e+03  1.63117291e+03  0.00000000e+00 -4.00831300e+01  3.14159241e+00 
 1.67880402e+03  1.67880402e+03  0.00000000e+00 -4.00831300e+01  3.14159241e+00 
 1.72782598e+03  1.72782598e+03  0.00000000e+00 -4.00831300e+01  3.14159240e+00 
 1.77827941e+03  1.77827941e+03  0.00000000e+00 -4.00831300e+01  3.14159239e+00 
 1.83020611e+03  1.83020611e+03  0.00000000e+00 -4.00831300e+01  3.14159238e+00 
 1.88364909e+03  1.88364909e+03  0.00000000e+00 -4.00831300e+01  3.14159237e+00 
 1.93865264e+03  1.93865264e+03  0.00000000e+00 -4.00831300e+01  3.14159237e+00 
 1.99526231e+03  1.99526231e+03  0.00000000e+00 -4.00831300e+01  3.14159236e+00 
 2.05352503e+03  2.05352503e+03  0.00000000e+00 -4.00831300e+01  3.14159235e+00 
 2.11348904e+03  2.11348904e+03  0.00000000e+00 -4.00831300e+01  3.14159234e+00 
 2.17520403e+03  2.17520403e+03  0.00000000e+00 -4.00831300e+01  3.14159233e+00 
 2.23872114e+03  2.23872114e+03  0.00000000e+00 -4.00831300e+01  3.14159232e+00 
 2.30409298e+03  2.30409298e+03  0.00000000e+00 -4.00831300e+01  3.14159231e+00 
 2.37137371e+03  2.37137371e+03  0.00000000e+00 -4.00831300e+01  3.14159230e+00 
 2.44061907e+03  2.44061907e+03  0.00000000e+00 -4.00831300e+01  3.14159229e+00 
 2.51188643e+03  2.51188643e+03  0.00000000e+00 -4.00831300e+01  3.14159228e+00 
 2.58523484e+03  2.58523484e+03  0.00000000e+00 -4.00831300e+01  3.14159227e+00 
 2.66072506e+03  2.66072506e+03  0.00000000e+00 -4.00831300e+01  3.14159226e+00 
 2.73841963e+03  2.73841963e+03  0.00000000e+00 -4.00831300e+01  3.14159225e+00 
 2.81838293e+03  2.81838293e+03  0.00000000e+00 -4.00831300e+01  3.14159224e+00 
 2.90068120e+03  2.90068120e+03  0.00000000e+00 -4.00831300e+01  3.14159222e+00 
 2.98538262e+03  2.98538262e+03  0.00000000e+00 -4.00831300e+01  3.14159221e+00 
 3.07255737e+03  3.07255737e+03  0.00000000e+00 -4.00831300e+01  3.14159220e+00 
 3.16227766e+03  3.16227766e+03  0.00000000e+00 -4.00831300e+01  3.14159219e+00 
 3.25461783e+03  3.25461783e+03  0.00000000e+00 -4.00831300e+01  3.14159217e+00 
 3.34965439e+03  3.34965439e+03  0.00000000e+00 -4.00831300e+01  3.14159216e+00 
 3.44746607e+03  3.44746607e+03  0.00000000e+00 -4.00831300e+01  3.14159214e+00 
 3.54813389e+03  3.54813389e+03  0.00000000e+00 -4.00831300e+01  3.14159213e+00 
 3.65174127e+03  3.65174127e+03  0.00000000e+00 -4.00831300e+01  3.14159211e+00 
 3.75837404e+03  3.75837404e+03  0.00000000e+00 -4.00831300e+01  3.14159210e+00 
 3.86812055e+03  3.86812055e+03  0.00000000e+00 -4.00831300e+01  3.14159208e+00 
 3.98107171e+03  3.98107171e+03  0.00000000e+00 -4.00831300e+01  3.14159206e+00 
 4.09732110e+03  4.09732110e+03  0.00000000e+00 -4.00831300e+01  3.14159205e+00 
 4.21696503e+03  4.21696503e+03  0.00000000e+00 -4.00831300e+01  3.14159203e+00 
 4.34010264e+03  4.34010264e+03  0.00000000e+00 -4.00831300e+01  3.14159201e+00 
 4.46683592e+03  4.46683592e+03  0.00000000e+00 -4.00831300e+01  3.14159199e+00 
 4.59726989e+03  4.59726989e+03  0.00000000e+00 -4.00831300e+01  3.14159197e+00 
 4.73151259e+03  4.73151259e+03  0.00000000e+00 -4.00831300e+01  3.14159195e+00 
 4.86967525e+03  4.86967525e+03  0.00000000e+00 -4.00831300e+01  3.14159193e+00 
 5.01187234e+03  5.01187234e+03  0.00000000e+00 -4.00831300e+01  3.14159191e+00 
 5.15822165e+03  5.15822165e+03  0.00000000e+00 -4.00831300e+01  3.14159189e+00 
 5.30884444e+03  5.30884444e+03  0.00000000e+00 -4.00831300e+01  3.14159187e+00 
 5.46386550e+03  5.46386550e+03  0.00000000e+00 -4.00831300e+01  3.14159185e+00 
 5.62341325e+03  5.62341325e+03  0.00000000e+00 -4.00831300e+01  3.14159182e+00 
 5.78761988e+03  5.78761988e+03  0.00000000e+00 -4.00831300e+01  3.14159180e+00 
 5.95662144e+03  5.95662144e+03  0.00000000e+00 -4.00831300e+01  3.14159177e+00 
 6.13055792e+03  6.13055792e+03  0.00000000e+00 -4.00831300e+01  3.14159175e+00 
 6.30957344e+03  6.30957344e+03  0.00000000e+00 -4.00831300e+01  3.14159172e+00 
 6.49381632e+03  6.49381632e+03  0.00000000e+00 -4.00831300e+01  3.14159169e+00 
 6.68343918e+03  6.68343918e+03  0.00000000e+00 -4.00831300e+01  3.14159167e+00 
 6.87859912e+03  6.87859912e+03  0.00000000e+00 -4.00831300e+01  3.14159164e+00 
 7.07945784e+03  7.07945784e+03  0.00000000e+00 -4.00831300e+01  3.14159161e+00 
 7.28618175e+03  7.28618175e+03  0.00000000e+00 -4.00831300e+01  3.14159158e+00 
 7.49894209e+03  7.49894209e+03  0.00000000e+00 -4.00831300e+01  3.14159154e+00 
 7.71791516e+03  7.71791516e+03  0.00000000e+00 -4.00831300e+01  3.14159151e+00 
 7.94328235e+03  7.94328235e+03  0.00000000e+00 -4.00831300e+01  3.14159148e+00 
 8.17523038e+03  8.17523038e+03  0.00000000e+00 -4.00831300e+01  3.14159144e+00 
 8.41395142e+03  8.41395142e+03  0.00000000e+00 -4.00831300e+01  3.14159141e+00 
 8.65964323e+03  8.65964323e+03  0.00000000e+00 -4.00831300e+01  3.14159137e+00 
 8.91250938e+03  8.91250938e+03  0.00000000e+00 -4.00831300e+01  3.14159134e+00 
 9.17275935e+03  9.17275935e+03  0.00000000e+00 -4.00831300e+01  3.14159130e+00 
 9.44060876e+03  9.44060876e+03  0.00000000e+00 -4.00831300e+01  3.14159126e+00 
 9.71627952e+03  9.71627952e+03  0.00000000e+00 -4.00831300e+01  3.14159122e+00 
 1.00000000e+04  1.00000000e+04  0.00000000e+00 -4.00831300e+01  3.14159117e+00 
 1.02920053e+04  1.02920053e+04  0.00000000e+00 -4.00831300e+01  3.14159113e+00 
 1.05925373e+04  1.05925373e+04  0.00000000e+00 -4.00831300e+01  3.14159109e+00 
 1.09018449e+04  1.09018449e+04  0.00000000e+00 -4.00831300e+01  3.14159104e+00 
 1.12201845e+04  1.12201845e+04  0.00000000e+00 -4.00831300e+01  3.14159099e+00 
 1.15478198e+04  1.15478198e+04  0.00000000e+00 -4.00831300e+01  3.14159095e+00 
 1.18850223e+04  1.18850223e+04  0.00000000e+00 -4.00831300e+01  3.14159090e+00 
 1.22320712e+04  1.22320712e+04  0.00000000e+00 -4.00831300e+01  3.14159084e+00 
 1.25892541e+04  1.25892541e+04  0.00000000e+00 -4.00831300e+01  3.14159079e+00 
 1.29568670e+04  1.29568670e+04  0.00000000e+00 -4.00831300e+01  3.14159074e+00 
 1.33352143e+04  1.33352143e+04  0.00000000e+00 -4.00831300e+01  3.14159068e+00 
 1.37246096e+04  1.37246096e+04  0.00000000e+00 -4.00831300e+01  3.14159062e+00 
 1.41253754e+04  1.41253754e+04  0.00000000e+00 -4.00831300e+01  3.14159056e+00 
 1.45378439e+04  1.45378439e+04  0.00000000e+00 -4.00831300e+01  3.14159050e+00 
 1.49623566e+04  1.49623566e+04  0.00000000e+00 -4.00831300e+01  3.14159044e+00 
 1.53992653e+04  1.53992653e+04  0.00000000e+00 -4.00831300e+01  3.14159038e+00 
 1.58489319e+04  1.58489319e+04  0.00000000e+00 -4.00831300e+01  3.14159031e+00 
 1.63117291e+04  1.63117291e+04  0.00000000e+00 -4.00831300e+01  3.14159024e+00 
 1.67880402e+04  1.67880402e+04  0.00000000e+00 -4.00831300e+01  3.14159017e+00 
 1.72782598e+04  1.72782598e+04  0.00000000e+00 -4.00831300e+01  3.14159010e+00 
 1.77827941e+04  1.77827941e+04  0.00000000e+00 -4.00831300e+01  3.14159002e+00 
 1.83020611e+04  1.83020611e+04  0.00000000e+00 -4.00831300e+01  3.14158995e+00 
 1.88364909e+04  1.88364909e+04  0.00000000e+00 -4.00831300e+01  3.14158987e+00 
 1.93865264e+04  1.93865264e+04  0.00000000e+00 -4.00831300e+01  3.14158979e+00 
 1.99526231e+04  1.99526231e+04  0.00000000e+00 -4.00831300e+01  3.14158970e+00 
 2.05352503e+04  2.05352503e+04  0.00000000e+00 -4.00831300e+01  3.14158962e+00 
 2.11348904e+04  2.11348904e+04  0.00000000e+00 -4.00831300e+01  3.14158953e+00 
 2.17520403e+04  2.17520403e+04  0.00000000e+00 -4.00831300e+01  3.14158944e+00 
 2.23872114e+04  2.23872114e+04  0.00000000e+00 -4.00831300e+01  3.14158934e+00 
 2.30409298e+04  2.30409298e+04  0.00000000e+00 -4.00831300e+01  3.14158925e+00 
 2.37137371e+04  2.37137371e+04  0.00000000e+00 -4.00831300e+01  3.14158915e+00 
 2.44061907e+04  2.44061907e+04  0.00000000e+00 -4.00831300e+01  3.14158904e+00 
 2.51188643e+04  2.51188643e+04  0.00000000e+00 -4.00831300e+01  3.14158894e+00 
 2.58523484e+04  2.58523484e+04  0.00000000e+00 -4.00831300e+01  3.14158883e+00 
 2.66072506e+04  2.66072506e+04  0.00000000e+00 -4.00831300e+01  3.14158872e+00 
 2.73841963e+04  2.73841963e+04  0.00000000e+00 -4.00831300e+01  3.14158860e+00 
 2.81838293e+04  2.81838293e+04  0.00000000e+00 -4.00831300e+01  3.14158848e+00 
 2.90068120e+04  2.90068120e+04  0.00000000e+00 -4.00831300e+01  3.14158836e+00 
 2.98538262e+04  2.98538262e+04  0.00000000e+00 -4.00831300e+01  3.14158824e+00 
 3.07255737e+04  3.07255737e+04  0.00000000e+00 -4.00831300e+01  3.14158811e+00 
 3.16227766e+04  3.16227766e+04  0.00000000e+00 -4.00831300e+01  3.14158798e+00 
 3.25461783e+04  3.25461783e+04  0.00000000e+00 -4.00831300e+01  3.14158784e+00 
 3.34965439e+04  3.34965439e+04  0.00000000e+00 -4.00831300e+01  3.14158770e+00 
 3.44746607e+04  3.44746607e+04  0.00000000e+00 -4.00831300e+01  3.14158755e+00 
 3.54813389e+04  3.54813389e+04  0.00000000e+00 -4.00831300e+01  3.14158741e+00 
 3.65174127e+04  3.65174127e+04  0.00000000e+00 -4.00831300e+01  3.14158725e+00 
 3.75837404e+04  3.75837404e+04  0.00000000e+00 -4.00831300e+01  3.14158709e+00 
 3.86812055e+04  3.86812055e+04  0.00000000e+00 -4.00831300e+01  3.14158693e+00 
 3.98107171e+04  3.98107171e+04  0.00000000e+00 -4.00831300e+01  3.14158677e+00 
 4.09732110e+04  4.09732110e+04  0.00000000e+00 -4.00831300e+01  3.14158659e+00 
 4.21696503e+04  4.21696503e+04  0.00000000e+00 -4.00831300e+01  3.14158642e+00 
 4.34010264e+04  4.34010264e+04  0.00000000e+00 -4.00831300e+01  3.14158623e+00 
 4.46683592e+04  4.46683592e+04  0.00000000e+00 -4.00831300e+01  3.14158605e+00 
 4.59726989e+04  4.59726989e+04  0.00000000e+00 -4.00831300e+01  3.14158585e+00 
 4.73151259e+04  4.73151259e+04  0.00000000e+00 -4.00831300e+01  3.14158566e+00 
 4.86967525e+04  4.86967525e+04  0.00000000e+00 -4.00831300e+01  3.14158545e+00 
 5.01187234e+04  5.01187234e+04  0.00000000e+00 -4.00831300e+01  3.14158524e+00 
 5.15822165e+04  5.15822165e+04  0.00000000e+00 -4.00831300e+01  3.14158502e+00 
 5.30884444e+04  5.30884444e+04  0.00000000e+00 -4.00831300e+01  3.14158480e+00 
 5.46386550e+04  5.46386550e+04  0.00000000e+00 -4.00831300e+01  3.14158457e+00 
 5.62341325e+04  5.62341325e+04  0.00000000e+00 -4.00831300e+01  3.14158434e+00 
 5.78761988e+04  5.78761988e+04  0.00000000e+00 -4.00831300e+01  3.14158409e+00 
 5.95662144e+04  5.95662144e+04  0.00000000e+00 -4.00831300e+01  3.14158384e+00 
 6.13055792e+04  6.13055792e+04  0.00000000e+00 -4.00831300e+01  3.14158359e+00 
 6.30957344e+04  6.30957344e+04  0.00000000e+00 -4.00831300e+01  3.14158332e+00 
 6.49381632e+04  6.49381632e+04  0.00000000e+00 -4.00831300e+01  3.14158305e+00 
 6.68343918e+04  6.68343918e+04  0.00000000e+00 -4.00831300e+01  3.14158277e+00 
 6.87859912e+04  6.87859912e+04  0.00000000e+00 -4.00831300e+01  3.14158248e+00 
 7.07945784e+04  7.07945784e+04  0.00000000e+00 -4.00831300e+01  3.14158218e+00 
 7.28618175e+04  7.28618175e+04  0.00000000e+00 -4.00831300e+01  3.14158188e+00 
 7.49894209e+04  7.49894209e+04  0.00000000e+00 -4.00831300e+01  3.14158156e+00 
 7.71791516e+04  7.71791516e+04  0.00000000e+00 -4.00831300e+01  3.14158124e+00 
 7.94328235e+04  7.94328235e+04  0.00000000e+00 -4.00831300e+01  3.14158090e+00 
 8.17523038e+04  8.17523038e+04  0.00000000e+00 -4.00831300e+01  3.14158056e+00 
 8.41395142e+04  8.41395142e+04  0.00000000e+00 -4.00831300e+01  3.14158021e+00 
 8.65964323e+04  8.65964323e+04  0.00000000e+00 -4.00831300e+01  3.14157985e+00 
 8.91250938e+04  8.91250938e+04  0.00000000e+00 -4.00831300e+01  3.14157947e+00 
 9.17275935e+04  9.17275935e+04  0.00000000e+00 -4.00831300e+01  3.14157909e+00 
 9.44060876e+04  9.44060876e+04  0.00000000e+00 -4.00831300e+01  3.14157869e+00 
 9.71627952e+04  9.71627952e+04  0.00000000e+00 -4.00831300e+01  3.14157828e+00 
 1.00000000e+05  1.00000000e+05  0.00000000e+00 -4.00831300e+01  3.14157786e+00 
 1.02920053e+05  1.02920053e+05  0.00000000e+00 -4.00831300e+01  3.14157743e+00 
 1.05925373e+05  1.05925373e+05  0.00000000e+00 -4.00831300e+01  3.14157699e+00 
 1.09018449e+05  1.09018449e+05  0.00000000e+00 -4.00831300e+01  3.14157653e+00 
 1.12201845e+05  1.12201845e+05  0.00000000e+00 -4.00831300e+01  3.14157606e+00 
 1.15478198e+05  1.15478198e+05  0.00000000e+00 -4.00831300e+01  3.14157557e+00 
 1.18850223e+05  1.18850223e+05  0.00000000e+00 -4.00831300e+01  3.14157507e+00 
 1.22320712e+05  1.22320712e+05  0.00000000e+00 -4.00831300e+01  3.14157456e+00 
 1.25892541e+05  1.25892541e+05  0.00000000e+00 -4.00831300e+01  3.14157403e+00 
 1.29568670e+05  1.29568670e+05  0.00000000e+00 -4.00831300e+01  3.14157349e+00 
 1.33352143e+05  1.33352143e+05  0.00000000e+00 -4.00831300e+01  3.14157293e+00 
 1.37246096e+05  1.37246096e+05  0.00000000e+00 -4.00831300e+01  3.14157235e+00 
 1.41253754e+05  1.41253754e+05  0.00000000e+00 -4.00831300e+01  3.14157176e+00 
 1.45378439e+05  1.45378439e+05  0.00000000e+00 -4.00831300e+01  3.14157115e+00 
 1.49623566e+05  1.49623566e+05  0.00000000e+00 -4.00831300e+01  3.14157052e+00 
 1.53992653e+05  1.53992653e+05  0.00000000e+00 -4.00831300e+01  3.14156988e+00 
 1.58489319e+05  1.58489319e+05  0.00000000e+00 -4.00831300e+01  3.14156921e+00 
 1.63117291e+05  1.63117291e+05  0.00000000e+00 -4.00831300e+01  3.14156853e+00 
 1.67880402e+05  1.67880402e+05  0.00000000e+00 -4.00831300e+01  3.14156782e+00 
 1.72782598e+05  1.72782598e+05  0.00000000e+00 -4.00831300e+01  3.14156710e+00 
 1.77827941e+05  1.77827941e+05  0.00000000e+00 -4.00831300e+01  3.14156635e+00 
 1.83020611e+05  1.83020611e+05  0.00000000e+00 -4.00831300e+01  3.14156558e+00 
 1.88364909e+05  1.88364909e+05  0.00000000e+00 -4.00831300e+01  3.14156479e+00 
 1.93865264e+05  1.93865264e+05  0.00000000e+00 -4.00831300e+01  3.14156398e+00 
 1.99526231e+05  1.99526231e+05  0.00000000e+00 -4.00831300e+01  3.14156314e+00 
 2.05352503e+05  2.05352503e+05  0.00000000e+00 -4.00831300e+01  3.14156228e+00 
 2.11348904e+05  2.11348904e+05  0.00000000e+00 -4.00831300e+01  3.14156139e+00 
 2.17520403e+05  2.17520403e+05  0.00000000e+00 -4.00831300e+01  3.14156048e+00 
 2.23872114e+05  2.23872114e+05  0.00000000e+00 -4.00831300e+01  3.14155954e+00 
 2.30409298e+05  2.30409298e+05  0.00000000e+00 -4.00831300e+01  3.14155857e+00 
 2.37137371e+05  2.37137371e+05  0.00000000e+00 -4.00831300e+01  3.14155758e+00 
 2.44061907e+05  2.44061907e+05  0.00000000e+00 -4.00831300e+01  3.14155655e+00 
 2.51188643e+05  2.51188643e+05  0.00000000e+00 -4.00831300e+01  3.14155550e+00 
 2.58523484e+05  2.58523484e+05  0.00000000e+00 -4.00831300e+01  3.14155442e+00 
 2.66072506e+05  2.66072506e+05  0.00000000e+00 -4.00831300e+01  3.14155330e+00 
 2.73841963e+05  2.73841963e+05  0.00000000e+00 -4.00831300e+01  3.14155215e+00 
 2.81838293e+05  2.81838293e+05  0.00000000e+00 -4.00831300e+01  3.14155097e+00 
 2.90068120e+05  2.90068120e+05  0.00000000e+00 -4.00831300e+01  3.14154975e+00 
 2.98538262e+05  2.98538262e+05  0.00000000e+00 -4.00831300e+01  3.14154850e+00 
 3.07255737e+05  3.07255737e+05  0.00000000e+00 -4.00831300e+01  3.14154721e+00 
 3.16227766e+05  3.16227766e+05  0.00000000e+00 -4.00831300e+01  3.14154588e+00 
 3.25461783e+05  3.25461783e+05  0.00000000e+00 -4.00831300e+01  3.14154451e+00 
 3.34965439e+05  3.34965439e+05  0.00000000e+00 -4.00831300e+01  3.14154311e+00 
 3.44746607e+05  3.44746607e+05  0.00000000e+00 -4.00831300e+01  3.14154166e+00 
 3.54813389e+05  3.54813389e+05  0.00000000e+00 -4.00831300e+01  3.14154017e+00 
 3.65174127e+05  3.65174127e+05  0.00000000e+00 -4.00831300e+01  3.14153864e+00 
 3.75837404e+05  3.75837404e+05  0.00000000e+00 -4.00831300e+01  3.14153706e+00 
 3.86812055e+05  3.86812055e+05  0.00000000e+00 -4.00831300e+01  3.14153544e+00 
 3.98107171e+05  3.98107171e+05  0.00000000e+00 -4.00831300e+01  3.14153377e+00 
 4.09732110e+05  4.09732110e+05  0.00000000e+00 -4.00831300e+01  3.14153205e+00 
 4.21696503e+05  4.21696503e+05  0.00000000e+00 -4.00831300e+01  3.14153028e+00 
 4.34010264e+05  4.34010264e+05  0.00000000e+00 -4.00831300e+01  3.14152846e+00 
 4.46683592e+05  4.46683592e+05  0.00000000e+00 -4.00831300e+01  3.14152658e+00 
 4.59726989e+05  4.59726989e+05  0.00000000e+00 -4.00831300e+01  3.14152466e+00 
 4.73151259e+05  4.73151259e+05  0.00000000e+00 -4.00831300e+01  3.14152267e+00 
 4.86967525e+05  4.86967525e+05  0.00000000e+00 -4.00831300e+01  3.14152063e+00 
 5.01187234e+05  5.01187234e+05  0.00000000e+00 -4.00831300e+01  3.14151852e+00 
 5.15822165e+05  5.15822165e+05  0.00000000e+00 -4.00831300e+01  3.14151636e+00 
 5.30884444e+05  5.30884444e+05  0.00000000e+00 -4.00831300e+01  3.14151413e+00 
 5.46386550e+05  5.46386550e+05  0.00000000e+00 -4.00831300e+01  3.14151184e+00 
 5.62341325e+05  5.62341325e+05  0.00000000e+00 -4.00831300e+01  3.14150948e+00 
 5.78761988e+05  5.78761988e+05  0.00000000e+00 -4.00831300e+01  3.14150705e+00 
 5.95662144e+05  5.95662144e+05  0.00000000e+00 -4.00831300e+01  3.14150455e+00 
 6.13055792e+05  6.13055792e+05  0.00000000e+00 -4.00831300e+01  3.14150198e+00 
 6.30957344e+05  6.30957344e+05  0.00000000e+00 -4.00831300e+01  3.14149933e+00 
 6.49381632e+05  6.49381632e+05  0.00000000e+00 -4.00831300e+01  3.14149660e+00 
 6.68343918e+05  6.68343918e+05  0.00000000e+00 -4.00831300e+01  3.14149380e+00 
 6.87859912e+05  6.87859912e+05  0.00000000e+00 -4.00831300e+01  3.14149091e+00 
 7.07945784e+05  7.07945784e+05  0.00000000e+00 -4.00831300e+01  3.14148794e+00 
 7.28618175e+05  7.28618175e+05  0.00000000e+00 -4.00831300e+01  3.14148488e+00 
 7.49894209e+05  7.49894209e+05  0.00000000e+00 -4.00831300e+01  3.14148174e+00 
 7.71791516e+05  7.71791516e+05  0.00000000e+00 -4.00831300e+01  3.14147850e+00 
 7.94328235e+05  7.94328235e+05  0.00000000e+00 -4.00831300e+01  3.14147516e+00 
 8.17523038e+05  8.17523038e+05  0.00000000e+00 -4.00831300e+01  3.14147173e+00 
 8.41395142e+05  8.41395142e+05  0.00000000e+00 -4.00831300e+01  3.14146820e+00 
 8.65964323e+05  8.65964323e+05  0.00000000e+00 -4.00831300e+01  3.14146457e+00 
 8.91250938e+05  8.91250938e+05  0.00000000e+00 -4.00831300e+01  3.14146083e+00 
 9.17275935e+05  9.17275935e+05  0.00000000e+00 -4.00831301e+01  3.14145698e+00 
 9.44060876e+05  9.44060876e+05  0.00000000e+00 -4.00831301e+01  3.14145302e+00 
 9.71627952e+05  9.71627952e+05  0.00000000e+00 -4.00831301e+01  3.14144894e+00 
 1.00000000e+06  1.00000000e+06  0.00000000e+00 -4.00831301e+01  3.14144474e+00 
 1.02920053e+06  1.02920053e+06  0.00000000e+00 -4.00831301e+01  3.14144042e+00 
 1.05925373e+06  1.05925373e+06  0.00000000e+00 -4.00831301e+01  3.14143598e+00 
 1.09018449e+06  1.09018449e+06  0.00000000e+00 -4.00831301e+01  3.14143140e+00 
 1.12201845e+06  1.12201845e+06  0.00000000e+00 -4.00831301e+01  3.14142670e+00 
 1.15478198e+06  1.15478198e+06  0.00000000e+00 -4.00831301e+01  3.14142185e+00 
 1.18850223e+06  1.18850223e+06  0.00000000e+00 -4.00831301e+01  3.14141686e+00 
 1.22320712e+06  1.22320712e+06  0.00000000e+00 -4.00831301e+01  3.14141173e+00 
 1.25892541e+06  1.25892541e+06  0.00000000e+00 -4.00831301e+01  3.14140645e+00 
 1.29568670e+06  1.29568670e+06  0.00000000e+00 -4.00831301e+01  3.14140101e+00 
 1.33352143e+06  1.33352143e+06  0.00000000e+00 -4.00831301e+01  3.14139541e+00 
 1.37246096e+06  1.37246096e+06  0.00000000e+00 -4.00831301e+01  3.14138965e+00 
 1.41253754e+06  1.41253754e+06  0.00000000e+00 -4.00831301e+01  3.14138372e+00 
 1.45378439e+06  1.45378439e+06  0.00000000e+00 -4.00831302e+01  3.14137762e+00 
 1.49623566e+06  1.49623566e+06  0.00000000e+00 -4.00831302e+01  3.14137134e+00 
 1.53992653e+06  1.53992653e+06  0.00000000e+00 -4.00831302e+01  3.14136488e+00 
 1.58489319e+06  1.58489319e+06  0.00000000e+00 -4.00831302e+01  3.14135823e+00 
 1.63117291e+06  1.63117291e+06  0.00000000e+00 -4.00831302e+01  3.14135139e+00 
 1.67880402e+06  1.67880402e+06  0.00000000e+00 -4.00831302e+01  3.14134434e+00 
 1.72782598e+06  1.72782598e+06  0.00000000e+00 -4.00831302e+01  3.14133709e+00 
 1.77827941e+06  1.77827941e+06  0.00000000e+00 -4.00831302e+01  3.14132963e+00 
 1.83020611e+06  1.83020611e+06  0.00000000e+00 -4.00831302e+01  3.14132195e+00 
 1.88364909e+06  1.88364909e+06  0.00000000e+00 -4.00831303e+01  3.14131404e+00 
 1.93865264e+06  1.93865264e+06  0.00000000e+00 -4.00831303e+01  3.14130591e+00 
 1.99526231e+06  1.99526231e+06  0.00000000e+00 -4.00831303e+01  3.14129753e+00 
 2.05352503e+06  2.05352503e+06  0.00000000e+00 -4.00831303e+01  3.14128892e+00 
 2.11348904e+06  2.11348904e+06  0.00000000e+00 -4.00831303e+01  3.14128005e+00 
 2.17520403e+06  2.17520403e+06  0.00000000e+00 -4.00831304e+01  3.14127092e+00 
 2.23872114e+06  2.23872114e+06  0.00000000e+00 -4.00831304e+01  3.14126152e+00 
 2.30409298e+06  2.30409298e+06  0.00000000e+00 -4.00831304e+01  3.14125185e+00 
 2.37137371e+06  2.37137371e+06  0.00000000e+00 -4.00831304e+01  3.14124190e+00 
 2.44061907e+06  2.44061907e+06  0.00000000e+00 -4.00831305e+01  3.14123166e+00 
 2.51188643e+06  2.51188643e+06  0.00000000e+00 -4.00831305e+01  3.14122112e+00 
 2.58523484e+06  2.58523484e+06  0.00000000e+00 -4.00831305e+01  3.14121027e+00 
 2.66072506e+06  2.66072506e+06  0.00000000e+00 -4.00831305e+01  3.14119910e+00 
 2.73841963e+06  2.73841963e+06  0.00000000e+00 -4.00831306e+01  3.14118761e+00 
 2.81838293e+06  2.81838293e+06  0.00000000e+00 -4.00831306e+01  3.14117578e+00 
 2.90068120e+06  2.90068120e+06  0.00000000e+00 -4.00831306e+01  3.14116361e+00 
 2.98538262e+06  2.98538262e+06  0.00000000e+00 -4.00831307e+01  3.14115108e+00 
 3.07255737e+06  3.07255737e+06  0.00000000e+00 -4.00831307e+01  3.14113819e+00 
 3.16227766e+06  3.16227766e+06  0.00000000e+00 -4.00831308e+01  3.14112492e+00 
 3.25461783e+06  3.25461783e+06  0.00000000e+00 -4.00831308e+01  3.14111126e+00 
 3.34965439e+06  3.34965439e+06  0.00000000e+00 -4.00831309e+01  3.14109720e+00 
 3.44746607e+06  3.44746607e+06  0.00000000e+00 -4.00831309e+01  3.14108274e+00 
 3.54813389e+06  3.54813389e+06  0.00000000e+00 -4.00831310e+01  3.14106785e+00 
 3.65174127e+06  3.65174127e+06  0.00000000e+00 -4.00831310e+01  3.14105252e+00 
 3.75837404e+06  3.75837404e+06  0.00000000e+00 -4.00831311e+01  3.14103675e+00 
 3.86812055e+06  3.86812055e+06  0.00000000e+00 -4.00831311e+01  3.14102052e+00 
 3.98107171e+06  3.98107171e+06  0.00000000e+00 -4.00831312e+01  3.14100381e+00 
 4.09732110e+06  4.09732110e+06  0.00000000e+00 -4.00831313e+01  3.14098662e+00 
 4.21696503e+06  4.21696503e+06  0.00000000e+00 -4.00831314e+01  3.14096892e+00 
 4.34010264e+06  4.34010264e+06  0.00000000e+00 -4.00831314e+01  3.14095071e+00 
 4.46683592e+06  4.46683592e+06  0.00000000e+00 -4.00831315e+01  3.14093196e+00 
 4.59726989e+06  4.59726989e+06  0.00000000e+00 -4.00831316e+01  3.14091267e+00 
 4.73151259e+06  4.73151259e+06  0.00000000e+00 -4.00831317e+01  3.14089281e+00 
 4.86967525e+06  4.86967525e+06  0.00000000e+00 -4.00831318e+01  3.14087238e+00 
 5.01187234e+06  5.01187234e+06  0.00000000e+00 -4.00831319e+01  3.14085134e+00 
 5.15822165e+06  5.15822165e+06  0.00000000e+00 -4.00831321e+01  3.14082970e+00 
 5.30884444e+06  5.30884444e+06  0.00000000e+00 -4.00831322e+01  3.14080742e+00 
 5.46386550e+06  5.46386550e+06  0.00000000e+00 -4.00831323e+01  3.14078449e+00 
 5.62341325e+06  5.62341325e+06  0.00000000e+00 -4.00831324e+01  3.14076089e+00 
 5.78761988e+06  5.78761988e+06  0.00000000e+00 -4.00831326e+01  3.14073660e+00 
 5.95662144e+06  5.95662144e+06  0.00000000e+00 -4.00831327e+01  3.14071161e+00 
 6.13055792e+06  6.13055792e+06  0.00000000e+00 -4.00831329e+01  3.14068588e+00 
 6.30957344e+06  6.30957344e+06  0.00000000e+00 -4.00831331e+01  3.14065940e+00 
 6.49381632e+06  6.49381632e+06  0.00000000e+00 -4.00831333e+01  3.14063215e+00 
 6.68343918e+06  6.68343918e+06  0.00000000e+00 -4.00831335e+01  3.14060410e+00 
 6.87859912e+06  6.87859912e+06  0.00000000e+00 -4.00831337e+01  3.14057524e+00 
 7.07945784e+06  7.07945784e+06  0.00000000e+00 -4.00831339e+01  3.14054553e+00 
 7.28618175e+06  7.28618175e+06  0.00000000e+00 -4.00831341e+01  3.14051495e+00 
 7.49894209e+06  7.49894209e+06  0.00000000e+00 -4.00831344e+01  3.14048348e+00 
 7.71791516e+06  7.71791516e+06  0.00000000e+00 -4.00831346e+01  3.14045109e+00 
 7.94328235e+06  7.94328235e+06  0.00000000e+00 -4.00831349e+01  3.14041776e+00 
 8.17523038e+06  8.17523038e+06  0.00000000e+00 -4.00831352e+01  3.14038345e+00 
 8.41395142e+06  8.41395142e+06  0.00000000e+00 -4.00831355e+01  3.14034814e+00 
 8.65964323e+06  8.65964323e+06  0.00000000e+00 -4.00831358e+01  3.14031180e+00 
 8.91250938e+06  8.91250938e+06  0.00000000e+00 -4.00831362e+01  3.14027440e+00 
 9.17275935e+06  9.17275935e+06  0.00000000e+00 -4.00831365e+01  3.14023591e+00 
 9.44060876e+06  9.44060876e+06  0.00000000e+00 -4.00831369e+01  3.14019629e+00 
 9.71627952e+06  9.71627952e+06  0.00000000e+00 -4.00831373e+01  3.14015551e+00 
 1.00000000e+07  1.00000000e+07  0.00000000e+00 -4.00831377e+01  3.14011355e+00 
 1.02920053e+07  1.02920053e+07  0.00000000e+00 -4.00831382e+01  3.14007036e+00 
 1.05925373e+07  1.05925373e+07  0.00000000e+00 -4.00831387e+01  3.14002591e+00 
 1.09018449e+07  1.09018449e+07  0.00000000e+00 -4.00831392e+01  3.13998016e+00 
 1.12201845e+07  1.12201845e+07  0.00000000e+00 -4.00831398e+01  3.13993307e+00 
 1.15478198e+07  1.15478198e+07  0.00000000e+00 -4.00831403e+01  3.13988461e+00 
 1.18850223e+07  1.18850223e+07  0.00000000e+00 -4.00831409e+01  3.13983473e+00 
 1.22320712e+07  1.22320712e+07  0.00000000e+00 -4.00831416e+01  3.13978340e+00 
 1.25892541e+07  1.25892541e+07  0.00000000e+00 -4.00831423e+01  3.13973057e+00 
 1.29568670e+07  1.29568670e+07  0.00000000e+00 -4.00831430e+01  3.13967620e+00 
 1.33352143e+07  1.33352143e+07  0.00000000e+00 -4.00831438e+01  3.13962024e+00 
 1.37246096e+07  1.37246096e+07  0.00000000e+00 -4.00831446e+01  3.13956264e+00 
 1.41253754e+07  1.41253754e+07  0.00000000e+00 -4.00831455e+01  3.13950336e+00 
 1.45378439e+07  1.45378439e+07  0.00000000e+00 -4.00831464e+01  3.13944235e+00 
 1.49623566e+07  1.49623566e+07  0.00000000e+00 -4.00831474e+01  3.13937956e+00 
 1.53992653e+07  1.53992653e+07  0.00000000e+00 -4.00831484e+01  3.13931494e+00 
 1.58489319e+07  1.58489319e+07  0.00000000e+00 -4.00831495e+01  3.13924843e+00 
 1.63117291e+07  1.63117291e+07  0.00000000e+00 -4.00831506e+01  3.13917998e+00 
 1.67880402e+07  1.67880402e+07  0.00000000e+00 -4.00831519e+01  3.13910953e+00 
 1.72782598e+07  1.72782598e+07  0.00000000e+00 -4.00831532e+01  3.13903702e+00 
 1.77827941e+07  1.77827941e+07  0.00000000e+00 -4.00831545e+01  3.13896239e+00 
 1.83020611e+07  1.83020611e+07  0.00000000e+00 -4.00831560e+01  3.13888559e+00 
 1.88364909e+07  1.88364909e+07  0.00000000e+00 -4.00831575e+01  3.13880654e+00 
 1.93865264e+07  1.93865264e+07  0.00000000e+00 -4.00831591e+01  3.13872519e+00 
 1.99526231e+07  1.99526231e+07  0.00000000e+00 -4.00831609e+01  3.13864146e+00 
 2.05352503e+07  2.05352503e+07  0.00000000e+00 -4.00831627e+01  3.13855528e+00 
 2.11348904e+07  2.11348904e+07  0.00000000e+00 -4.00831646e+01  3.13846659e+00 
 2.17520403e+07  2.17520403e+07  0.00000000e+00 -4.00831667e+01  3.13837530e+00 
 2.23872114e+07  2.23872114e+07  0.00000000e+00 -4.00831689e+01  3.13828136e+00 
 2.30409298e+07  2.30409298e+07  0.00000000e+00 -4.00831712e+01  3.13818467e+00 
 2.37137371e+07  2.37137371e+07  0.00000000e+00 -4.00831736e+01  3.13808515e+00 
 2.44061907e+07  2.44061907e+07  0.00000000e+00 -4.00831762e+01  3.13798273e+00 
 2.51188643e+07  2.51188643e+07  0.00000000e+00 -4.00831789e+01  3.13787732e+00 
 2.58523484e+07  2.58523484e+07  0.00000000e+00 -4.00831818e+01  3.13776883e+00 
 2.66072506e+07  2.66072506e+07  0.00000000e+00 -4.00831849e+01  3.13765717e+00 
 2.73841963e+07  2.73841963e+07  0.00000000e+00 -4.00831882e+01  3.13754226e+00 
 2.81838293e+07  2.81838293e+07  0.00000000e+00 -4.00831916e+01  3.13742398e+00 
 2.90068120e+07  2.90068120e+07  0.00000000e+00 -4.00831953e+01  3.13730226e+00 
 2.98538262e+07  2.98538262e+07  0.00000000e+00 -4.00831991e+01  3.13717698e+00 
 3.07255737e+07  3.07255737e+07  0.00000000e+00 -4.00832032e+01  3.13704804e+00 
 3.16227766e+07  3.16227766e+07  0.00000000e+00 -4.00832076e+01  3.13691533e+00 
 3.25461783e+07  3.25461783e+07  0.00000000e+00 -4.00832122e+01  3.13677876e+00 
 3.34965439e+07  3.34965439e+07  0.00000000e+00 -4.00832170e+01  3.13663819e+00 
 3.44746607e+07  3.44746607e+07  0.00000000e+00 -4.00832222e+01  3.13649352e+00 
 3.54813389e+07  3.54813389e+07  0.00000000e+00 -4.00832277e+01  3.13634462e+00 
 3.65174127e+07  3.65174127e+07  0.00000000e+00 -4.00832335e+01  3.13619138e+00 
 3.75837404e+07  3.75837404e+07  0.00000000e+00 -4.00832396e+01  3.13603366e+00 
 3.86812055e+07  3.86812055e+07  0.00000000e+00 -4.00832461e+01  3.13587134e+00 
 3.98107171e+07  3.98107171e+07  0.00000000e+00 -4.00832530e+01  3.13570428e+00 
 4.09732110e+07  4.09732110e+07  0.00000000e+00 -4.00832602e+01  3.13553234e+00 
 4.21696503e+07  4.21696503e+07  0.00000000e+00 -4.00832680e+01  3.13535537e+00 
 4.34010264e+07  4.34010264e+07  0.00000000e+00 -4.00832761e+01  3.13517325e+00 
 4.46683592e+07  4.46683592e+07  0.00000000e+00 -4.00832848e+01  3.13498580e+00 
 4.59726989e+07  4.59726989e+07  0.00000000e+00 -4.00832940e+01  3.13479288e+00 
 4.73151259e+07  4.73151259e+07  0.00000000e+00 -4.00833037e+01  3.13459433e+00 
 4.86967525e+07  4.86967525e+07  0.00000000e+00 -4.00833140e+01  3.13438998e+00 
 5.01187234e+07  5.01187234e+07  0.00000000e+00 -4.00833249e+01  3.13417966e+00 
 5.15822165e+07  5.15822165e+07  0.00000000e+00 -4.00833364e+01  3.13396321e+00 
 5.30884444e+07  5.30884444e+07  0.00000000e+00 -4.00833487e+01  3.13374043e+00 
 5.46386550e+07  5.46386550e+07  0.00000000e+00 -4.00833616e+01  3.13351115e+00 
 5.62341325e+07  5.62341325e+07  0.00000000e+00 -4.00833753e+01  3.13327517e+00 
 5.78761988e+07  5.78761988e+07  0.00000000e+00 -4.00833899e+01  3.13303231e+00 
 5.95662144e+07  5.95662144e+07  0.00000000e+00 -4.00834053e+01  3.13278235e+00 
 6.13055792e+07  6.13055792e+07  0.00000000e+00 -4.00834216e+01  3.13252509e+00 
 6.30957344e+07  6.30957344e+07  0.00000000e+00 -4.00834389e+01  3.13226033e+00 
 6.49381632e+07  6.49381632e+07  0.00000000e+00 -4.00834572e+01  3.13198783e+00 
 6.68343918e+07  6.68343918e+07  0.00000000e+00 -4.00834765e+01  3.13170738e+00 
 6.87859912e+07  6.87859912e+07  0.00000000e+00 -4.00834971e+01  3.13141874e+00 
 7.07945784e+07  7.07945784e+07  0.00000000e+00 -4.00835188e+01  3.13112167e+00 
 7.28618175e+07  7.28618175e+07  0.00000000e+00 -4.00835419e+01  3.13081593e+00 
 7.49894209e+07  7.49894209e+07  0.00000000e+00 -4.00835663e+01  3.13050126e+00 
 7.71791516e+07  7.71791516e+07  0.00000000e+00 -4.00835921e+01  3.13017741e+00 
 7.94328235e+07  7.94328235e+07  0.00000000e+00 -4.00836195e+01  3.12984410e+00 
 8.17523038e+07  8.17523038e+07  0.00000000e+00 -4.00836485e+01  3.12950106e+00 
 8.41395142e+07  8.41395142e+07  0.00000000e+00 -4.00836792e+01  3.12914801e+00 
 8.65964323e+07  8.65964323e+07  0.00000000e+00 -4.00837118e+01  3.12878465e+00 
 8.91250938e+07  8.91250938e+07  0.00000000e+00 -4.00837462e+01  3.12841068e+00 
 9.17275935e+07  9.17275935e+07  0.00000000e+00 -4.00837828e+01  3.12802579e+00 
 9.44060876e+07  9.44060876e+07  0.00000000e+00 -4.00838214e+01  3.12762967e+00 
 9.71627952e+07  9.71627952e+07  0.00000000e+00 -4.00838624e+01  3.12722199e+00 
 1.00000000e+08  1.00000000e+08  0.00000000e+00 -4.00839058e+01  3.12680240e+00 
 1.02920053e+08  1.02920053e+08  0.00000000e+00 -4.00839518e+01  3.12637057e+00 
 1.05925373e+08  1.05925373e+08  0.00000000e+00 -4.00840004e+01  3.12592613e+00 
 1.09018449e+08  1.09018449e+08  0.00000000e+00 -4.00840520e+01  3.12546871e+00 
 1.12201845e+08  1.12201845e+08  0.00000000e+00 -4.00841066e+01  3.12499795e+00 
 1.15478198e+08  1.15478198e+08  0.00000000e+00 -4.00841645e+01  3.12451345e+00 
 1.18850223e+08  1.18850223e+08  0.00000000e+00 -4.00842258e+01  3.12401480e+00 
 1.22320712e+08  1.22320712e+08  0.00000000e+00 -4.00842907e+01  3.12350160e+00 
 1.25892541e+08  1.25892541e+08  0.00000000e+00 -4.00843595e+01  3.12297342e+00 
 1.29568670e+08  1.29568670e+08  0.00000000e+00 -4.00844323e+01  3.12242983e+00 
 1.33352143e+08  1.33352143e+08  0.00000000e+00 -4.00845095e+01  3.12187037e+00 
 1.37246096e+08  1.37246096e+08  0.00000000e+00 -4.00845912e+01  3.12129459e+00 
 1.41253754e+08  1.41253754e+08  0.00000000e+00 -4.00846778e+01  3.12070200e+00 
 1.45378439e+08  1.45378439e+08  0.00000000e+00 -4.00847695e+01  3.12009212e+00 
 1.49623566e+08  1.49623566e+08  0.00000000e+00 -4.00848666e+01  3.11946445e+00 
 1.53992653e+08  1.53992653e+08  0.00000000e+00 -4.00849695e+01  3.11881846e+00 
 1.58489319e+08  1.58489319e+08  0.00000000e+00 -4.00850784e+01  3.11815362e+00 
 1.63117291e+08  1.63117291e+08  0.00000000e+00 -4.00851939e+01  3.11746938e+00 
 1.67880402e+08  1.67880402e+08  0.00000000e+00 -4.00853161e+01  3.11676519e+00 
 1.72782598e+08  1.72782598e+08  0.00000000e+00 -4.00854456e+01  3.11604044e+00 
 1.77827941e+08  1.77827941e+08  0.00000000e+00 -4.00855828e+01  3.11529456e+00 
 1.83020611e+08  1.83020611e+08  0.00000000e+00 -4.00857281e+01  3.11452692e+00 
 1.88364909e+08  1.88364909e+08  0.00000000e+00 -4.00858820e+01  3.11373689e+00 
 1.93865264e+08  1.93865264e+08  0.00000000e+00 -4.00860450e+01  3.11292381e+00 
 1.99526231e+08  1.99526231e+08  0.00000000e+00 -4.00862177e+01  3.11208703e+00 
 2.05352503e+08  2.05352503e+08  0.00000000e+00 -4.00864005e+01  3.11122584e+00 
 2.11348904e+08  2.11348904e+08  0.00000000e+00 -4.00865943e+01  3.11033954e+00 
 2.17520403e+08  2.17520403e+08  0.00000000e+00 -4.00867994e+01  3.10942740e+00 
 2.23872114e+08  2.23872114e+08  0.00000000e+00 -4.00870168e+01  3.10848866e+00 
 2.30409298e+08  2.30409298e+08  0.00000000e+00 -4.00872470e+01  3.10752256e+00 
 2.37137371e+08  2.37137371e+08  0.00000000e+00 -4.00874908e+01  3.10652830e+00 
 2.44061907e+08  2.44061907e+08  0.00000000e+00 -4.00877490e+01  3.10550506e+00 
 2.51188643e+08  2.51188643e+08  0.00000000e+00 -4.00880226e+01  3.10445200e+00 
 2.58523484e+08  2.58523484e+08  0.00000000e+00 -4.00883123e+01  3.10336825e+00 
 2.66072506e+08  2.66072506e+08  0.00000000e+00 -4.00886192e+01  3.10225293e+00 
 2.73841963e+08  2.73841963e+08  0.00000000e+00 -4.00889442e+01  3.10110512e+00 
 2.81838293e+08  2.81838293e+08  0.00000000e+00 -4.00892885e+01  3.09992387e+00 
 2.90068120e+08  2.90068120e+08  0.00000000e+00 -4.00896531e+01  3.09870823e+00 
 2.98538262e+08  2.98538262e+08  0.00000000e+00 -4.00900393e+01  3.09745718e+00 
 3.07255737e+08  3.07255737e+08  0.00000000e+00 -4.00904484e+01  3.09616971e+00 
 3.16227766e+08  3.16227766e+08  0.00000000e+00 -4.00908816e+01  3.09484477e+00 
 3.25461783e+08  3.25461783e+08  0.00000000e+00 -4.00913405e+01  3.09348126e+00 
 3.34965439e+08  3.34965439e+08  0.00000000e+00 -4.00918265e+01  3.09207808e+00 
 3.44746607e+08  3.44746607e+08  0.00000000e+00 -4.00923412e+01  3.09063408e+00 
 3.54813389e+08  3.54813389e+08  0.00000000e+00 -4.00928864e+01  3.08914808e+00 
 3.65174127e+08  3.65174127e+08  0.00000000e+00 -4.00934638e+01  3.08761886e+00 
 3.75837404e+08  3.75837404e+08  0.00000000e+00 -4.00940754e+01  3.08604520e+00 
 3.86812055e+08  3.86812055e+08  0.00000000e+00 -4.00947230e+01  3.08442579e+00 
 3.98107171e+08  3.98107171e+08  0.00000000e+00 -4.00954090e+01  3.08275934e+00 
 4.09732110e+08  4.09732110e+08  0.00000000e+00 -4.00961354e+01  3.08104447e+00 
 4.21696503e+08  4.21696503e+08  0.00000000e+00 -4.00969048e+01  3.07927982e+00 
 4.34010264e+08  4.34010264e+08  0.00000000e+00 -4.00977196e+01  3.07746394e+00 
 4.46683592e+08  4.46683592e+08  0.00000000e+00 -4.00985825e+01  3.07559536e+00 
 4.59726989e+08  4.59726989e+08  0.00000000e+00 -4.00994964e+01  3.07367258e+00 
 4.73151259e+08  4.73151259e+08  0.00000000e+00 -4.01004642e+01  3.07169405e+00 
 4.86967525e+08  4.86967525e+08  0.00000000e+00 -4.01014891e+01  3.06965818e+00 
 5.01187234e+08  5.01187234e+08  0.00000000e+00 -4.01025745e+01  3.06756332e+00 
 5.15822165e+08  5.15822165e+08  0.00000000e+00 -4.01037238e+01  3.06540780e+00 
 5.30884444e+08  5.30884444e+08  0.00000000e+00 -4.01049410e+01  3.06318990e+00 
 5.46386550e+08  5.46386550e+08  0.00000000e+00 -4.01062299e+01  3.06090783e+00 
 5.62341325e+08  5.62341325e+08  0.00000000e+00 -4.01075947e+01  3.05855979e+00 
 5.78761988e+08  5.78761988e+08  0.00000000e+00 -4.01090399e+01  3.05614390e+00 
 5.95662144e+08  5.95662144e+08  0.00000000e+00 -4.01105702e+01  3.05365824e+00 
 6.13055792e+08  6.13055792e+08  0.00000000e+00 -4.01121906e+01  3.05110086e+00 
 6.30957344e+08  6.30957344e+08  0.00000000e+00 -4.01139064e+01  3.04846973e+00 
 6.49381632e+08  6.49381632e+08  0.00000000e+00 -4.01157230e+01  3.04576277e+00 
 6.68343918e+08  6.68343918e+08  0.00000000e+00 -4.01176465e+01  3.04297788e+00 
 6.87859912e+08  6.87859912e+08  0.00000000e+00 -4.01196829e+01  3.04011286e+00 
 7.07945784e+08  7.07945784e+08  0.00000000e+00 -4.01218390e+01  3.03716548e+00 
 7.28618175e+08  7.28618175e+08  0.00000000e+00 -4.01241216e+01  3.03413347e+00 
 7.49894209e+08  7.49894209e+08  0.00000000e+00 -4.01265382e+01  3.03101447e+00 
 7.71791516e+08  7.71791516e+08  0.00000000e+00 -4.01290965e+01  3.02780608e+00 
 7.94328235e+08  7.94328235e+08  0.00000000e+00 -4.01318046e+01  3.02450584e+00 
 8.17523038e+08  8.17523038e+08  0.00000000e+00 -4.01346714e+01  3.02111123e+00 
 8.41395142e+08  8.41395142e+08  0.00000000e+00 -4.01377059e+01  3.01761967e+00 
 8.65964323e+08  8.65964323e+08  0.00000000e+00 -4.01409178e+01  3.01402853e+00 
 8.91250938e+08  8.91250938e+08  0.00000000e+00 -4.01443175e+01  3.01033510e+00 
 9.17275935e+08  9.17275935e+08  0.00000000e+00 -4.01479156e+01  3.00653664e+00 
 9.44060876e+08  9.44060876e+08  0.00000000e+00 -4.01517236e+01  3.00263031e+00 
 9.71627952e+08  9.71627952e+08  0.00000000e+00 -4.01557535e+01  2.99861324e+00 
 1.00000000e+09  1.00000000e+09  0.00000000e+00 -4.01600181e+01  2.99448249e+00 
 1.02920053e+09  1.02920053e+09  0.00000000e+00 -4.01645307e+01  2.99023506e+00 
 1.05925373e+09  1.05925373e+09  0.00000000e+00 -4.01693054e+01  2.98586789e+00 
 1.09018449e+09  1.09018449e+09  0.00000000e+00 -4.01743573e+01  2.98137786e+00 
 1.12201845e+09  1.12201845e+09  0.00000000e+00 -4.01797019e+01  2.97676178e+00 
 1.15478198e+09  1.15478198e+09  0.00000000e+00 -4.01853560e+01  2.97201642e+00 
 1.18850223e+09  1.18850223e+09  0.00000000e+00 -4.01913368e+01  2.96713849e+00 
 1.22320712e+09  1.22320712e+09  0.00000000e+00 -4.01976629e+01  2.96212464e+00 
 1.25892541e+09  1.25892541e+09  0.00000000e+00 -4.02043536e+01  2.95697146e+00 
 1.29568670e+09  1.29568670e+09  0.00000000e+00 -4.02114293e+01  2.95167551e+00 
 1.33352143e+09  1.33352143e+09  0.00000000e+00 -4.02189114e+01  2.94623328e+00 
 1.37246096e+09  1.37246096e+09  0.00000000e+00 -4.02268225e+01  2.94064121e+00 
 1.41253754e+09  1.41253754e+09  0.00000000e+00 -4.02351864e+01  2.93489573e+00 
 1.45378439e+09  1.45378439e+09  0.00000000e+00 -4.02440279e+01  2.92899319e+00 
 1.49623566e+09  1.49623566e+09  0.00000000e+00 -4.02533734e+01  2.92292993e+00 
 1.53992653e+09  1.53992653e+09  0.00000000e+00 -4.02632502e+01  2.91670226e+00 
 1.58489319e+09  1.58489319e+09  0.00000000e+00 -4.02736873e+01  2.91030643e+00 
 1.63117291e+09  1.63117291e+09  0.00000000e+00 -4.02847150e+01  2.90373872e+00 
 1.67880402e+09  1.67880402e+09  0.00000000e+00 -4.02963650e+01  2.89699536e+00 
 1.72782598e+09  1.72782598e+09  0.00000000e+00 -4.03086706e+01  2.89007258e+00 
 1.77827941e+09  1.77827941e+09  0.00000000e+00 -4.03216666e+01  2.88296660e+00 
 1.83020611e+09  1.83020611e+09  0.00000000e+00 -4.03353895e+01  2.87567367e+00 
 1.88364909e+09  1.88364909e+09  0.00000000e+00 -4.03498773e+01  2.86819004e+00 
 1.93865264e+09  1.93865264e+09  0.00000000e+00 -4.03651699e+01  2.86051197e+00 
 1.99526231e+09  1.99526231e+09  0.00000000e+00 -4.03813089e+01  2.85263579e+00 
 2.05352503e+09  2.05352503e+09  0.00000000e+00 -4.03983375e+01  2.84455784e+00 
 2.11348904e+09  2.11348904e+09  0.00000000e+00 -4.04163011e+01  2.83627453e+00 
 2.17520403e+09  2.17520403e+09  0.00000000e+00 -4.04352465e+01  2.82778235e+00 
 2.23872114e+09  2.23872114e+09  0.00000000e+00 -4.04552229e+01  2.81907785e+00 
 2.30409298e+09  2.30409298e+09  0.00000000e+00 -4.04762809e+01  2.81015769e+00 
 2.37137371e+09  2.37137371e+09  0.00000000e+00 -4.04984734e+01  2.80101864e+00 
 2.44061907e+09  2.44061907e+09  0.00000000e+00 -4.05218551e+01  2.79165759e+00 
 2.51188643e+09  2.51188643e+09  0.00000000e+00 -4.05464826e+01  2.78207157e+00 
 2.58523484e+09  2.58523484e+09  0.00000000e+00 -4.05724145e+01  2.77225779e+00 
 2.66072506e+09  2.66072506e+09  0.00000000e+00 -4.05997113e+01  2.76221359e+00 
 2.73841963e+09  2.73841963e+09  0.00000000e+00 -4.06284354e+01  2.75193656e+00 
 2.81838293e+09  2.81838293e+09  0.00000000e+00 -4.06586509e+01  2.74142447e+00 
 2.90068120e+09  2.90068120e+09  0.00000000e+00 -4.06904238e+01  2.73067533e+00 
 2.98538262e+09  2.98538262e+09  0.00000000e+00 -4.07238218e+01  2.71968740e+00 
 3.07255737e+09  3.07255737e+09  0.00000000e+00 -4.07589144e+01  2.70845921e+00 
 3.16227766e+09  3.16227766e+09  0.00000000e+00 -4.07957722e+01  2.69698961e+00 
 3.25461783e+09  3.25461783e+09  0.00000000e+00 -4.08344677e+01  2.68527772e+00 
 3.34965439e+09  3.34965439e+09  0.00000000e+00 -4.08750744e+01  2.67332303e+00 
 3.44746607e+09  3.44746607e+09  0.00000000e+00 -4.09176671e+01  2.66112537e+00 
 3.54813389e+09  3.54813389e+09  0.00000000e+00 -4.09623214e+01  2.64868493e+00 
 3.65174127e+09  3.65174127e+09  0.00000000e+00 -4.10091137e+01  2.63600231e+00 
 3.75837404e+09  3.75837404e+09  0.00000000e+00 -4.10581212e+01  2.62307851e+00 
 3.86812055e+09  3.86812055e+09  0.00000000e+00 -4.11094212e+01  2.60991497e+00 
 3.98107171e+09  3.98107171e+09  0.00000000e+00 -4.11630911e+01  2.59651354e+00 
 4.09732110e+09  4.09732110e+09  0.00000000e+00 -4.12192083e+01  2.58287654e+00 
 4.21696503e+09  4.21696503e+09  0.00000000e+00 -4.12778496e+01  2.56900677e+00 
 4.34010264e+09  4.34010264e+09  0.00000000e+00 -4.13390912e+01  2.55490747e+00 
 4.46683592e+09  4.46683592e+09  0.00000000e+00 -4.14030080e+01  2.54058240e+00 
 4.59726989e+09  4.59726989e+09  0.00000000e+00 -4.14696737e+01  2.52603577e+00 
 4.73151259e+09  4.73151259e+09  0.00000000e+00 -4.15391603e+01  2.51127229e+00 
 4.86967525e+09  4.86967525e+09  0.00000000e+00 -4.16115375e+01  2.49629715e+00 
 5.01187234e+09  5.01187234e+09  0.00000000e+00 -4.16868729e+01  2.48111602e+00 
 5.15822165e+09  5.15822165e+09  0.00000000e+00 -4.17652309e+01  2.46573504e+00 
 5.30884444e+09  5.30884444e+09  0.00000000e+00 -4.18466731e+01  2.45016080e+00 
 5.46386550e+09  5.46386550e+09  0.00000000e+00 -4.19312573e+01  2.43440032e+00 
 5.62341325e+09  5.62341325e+09  0.00000000e+00 -4.20190377e+01  2.41846105e+00 
 5.78761988e+09  5.78761988e+09  0.00000000e+00 -4.21100640e+01  2.40235083e+00 
 5.95662144e+09  5.95662144e+09  0.00000000e+00 -4.22043817e+01  2.38607788e+00 
 6.13055792e+09  6.13055792e+09  0.00000000e+00 -4.23020311e+01  2.36965072e+00 
 6.30957344e+09  6.30957344e+09  0.00000000e+00 -4.24030475e+01  2.35307820e+00 
 6.49381632e+09  6.49381632e+09  0.00000000e+00 -4.25074609e+01  2.33636941e+00 
 6.68343918e+09  6.68343918e+09  0.00000000e+00 -4.26152954e+01  2.31953369e+00 
 6.87859912e+09  6.87859912e+09  0.00000000e+00 -4.27265695e+01  2.30258052e+00 
 7.07945784e+09  7.07945784e+09  0.00000000e+00 -4.28412954e+01  2.28551954e+00 
 7.28618175e+09  7.28618175e+09  0.00000000e+00 -4.29594793e+01  2.26836046e+00 
 7.49894209e+09  7.49894209e+09  0.00000000e+00 -4.30811209e+01  2.25111302e+00 
 7.71791516e+09  7.71791516e+09  0.00000000e+00 -4.32062137e+01  2.23378696e+00 
 7.94328235e+09  7.94328235e+09  0.00000000e+00 -4.33347448e+01  2.21639196e+00 
 8.17523038e+09  8.17523038e+09  0.00000000e+00 -4.34666947e+01  2.19893756e+00 
 8.41395142e+09  8.41395142e+09  0.00000000e+00 -4.36020378e+01  2.18143316e+00 
 8.65964323e+09  8.65964323e+09  0.00000000e+00 -4.37407419e+01  2.16388795e+00 
 8.91250938e+09  8.91250938e+09  0.00000000e+00 -4.38827690e+01  2.14631086e+00 
 9.17275935e+09  9.17275935e+09  0.00000000e+00 -4.40280749e+01  2.12871050e+00 
 9.44060876e+09  9.44060876e+09  0.00000000e+00 -4.41766095e+01  2.11109518e+00 
 9.71627952e+09  9.71627952e+09  0.00000000e+00 -4.43283172e+01  2.09347279e+00 
 1.00000000e+10  1.00000000e+10  0.00000000e+00 -4.44831368e+01  2.07585083e+00 
