 frequency       frequency       frequency       vdb(outp,outn)  vp(outp,outn)  
 1.00000000e+01  1.00000000e+01  0.00000000e+00 -5.80028815e+01  3.14159265e+00 
 1.02920053e+01  1.02920053e+01  0.00000000e+00 -5.80028815e+01  3.14159265e+00 
 1.05925373e+01  1.05925373e+01  0.00000000e+00 -5.80028815e+01  3.14159265e+00 
 1.09018449e+01  1.09018449e+01  0.00000000e+00 -5.80028815e+01  3.14159265e+00 
 1.12201845e+01  1.12201845e+01  0.00000000e+00 -5.80028815e+01  3.14159265e+00 
 1.15478198e+01  1.15478198e+01  0.00000000e+00 -5.80028815e+01  3.14159265e+00 
 1.18850223e+01  1.18850223e+01  0.00000000e+00 -5.80028815e+01  3.14159265e+00 
 1.22320712e+01  1.22320712e+01  0.00000000e+00 -5.80028815e+01  3.14159265e+00 
 1.25892541e+01  1.25892541e+01  0.00000000e+00 -5.80028815e+01  3.14159265e+00 
 1.29568670e+01  1.29568670e+01  0.00000000e+00 -5.80028815e+01  3.14159265e+00 
 1.33352143e+01  1.33352143e+01  0.00000000e+00 -5.80028815e+01  3.14159265e+00 
 1.37246096e+01  1.37246096e+01  0.00000000e+00 -5.80028815e+01  3.14159265e+00 
 1.41253754e+01  1.41253754e+01  0.00000000e+00 -5.80028815e+01  3.14159265e+00 
 1.45378439e+01  1.45378439e+01  0.00000000e+00 -5.80028815e+01  3.14159265e+00 
 1.49623566e+01  1.49623566e+01  0.00000000e+00 -5.80028815e+01  3.14159265e+00 
 1.53992653e+01  1.53992653e+01  0.00000000e+00 -5.80028815e+01  3.14159265e+00 
 1.58489319e+01  1.58489319e+01  0.00000000e+00 -5.80028815e+01  3.14159265e+00 
 1.63117291e+01  1.63117291e+01  0.00000000e+00 -5.80028815e+01  3.14159265e+00 
 1.67880402e+01  1.67880402e+01  0.00000000e+00 -5.80028815e+01  3.14159265e+00 
 1.72782598e+01  1.72782598e+01  0.00000000e+00 -5.80028815e+01  3.14159265e+00 
 1.77827941e+01  1.77827941e+01  0.00000000e+00 -5.80028815e+01  3.14159265e+00 
 1.83020611e+01  1.83020611e+01  0.00000000e+00 -5.80028815e+01  3.14159265e+00 
 1.88364909e+01  1.88364909e+01  0.00000000e+00 -5.80028815e+01  3.14159265e+00 
 1.93865264e+01  1.93865264e+01  0.00000000e+00 -5.80028815e+01  3.14159265e+00 
 1.99526231e+01  1.99526231e+01  0.00000000e+00 -5.80028815e+01  3.14159265e+00 
 2.05352503e+01  2.05352503e+01  0.00000000e+00 -5.80028815e+01  3.14159265e+00 
 2.11348904e+01  2.11348904e+01  0.00000000e+00 -5.80028815e+01  3.14159265e+00 
 2.17520403e+01  2.17520403e+01  0.00000000e+00 -5.80028815e+01  3.14159265e+00 
 2.23872114e+01  2.23872114e+01  0.00000000e+00 -5.80028815e+01  3.14159265e+00 
 2.30409298e+01  2.30409298e+01  0.00000000e+00 -5.80028815e+01  3.14159265e+00 
 2.37137371e+01  2.37137371e+01  0.00000000e+00 -5.80028815e+01  3.14159265e+00 
 2.44061907e+01  2.44061907e+01  0.00000000e+00 -5.80028815e+01  3.14159265e+00 
 2.51188643e+01  2.51188643e+01  0.00000000e+00 -5.80028815e+01  3.14159265e+00 
 2.58523484e+01  2.58523484e+01  0.00000000e+00 -5.80028815e+01  3.14159265e+00 
 2.66072506e+01  2.66072506e+01  0.00000000e+00 -5.80028815e+01  3.14159265e+00 
 2.73841963e+01  2.73841963e+01  0.00000000e+00 -5.80028815e+01  3.14159265e+00 
 2.81838293e+01  2.81838293e+01  0.00000000e+00 -5.80028815e+01  3.14159265e+00 
 2.90068120e+01  2.90068120e+01  0.00000000e+00 -5.80028815e+01  3.14159265e+00 
 2.98538262e+01  2.98538262e+01  0.00000000e+00 -5.80028815e+01  3.14159265e+00 
 3.07255737e+01  3.07255737e+01  0.00000000e+00 -5.80028815e+01  3.14159265e+00 
 3.16227766e+01  3.16227766e+01  0.00000000e+00 -5.80028815e+01  3.14159265e+00 
 3.25461783e+01  3.25461783e+01  0.00000000e+00 -5.80028815e+01  3.14159265e+00 
 3.34965439e+01  3.34965439e+01  0.00000000e+00 -5.80028815e+01  3.14159265e+00 
 3.44746607e+01  3.44746607e+01  0.00000000e+00 -5.80028815e+01  3.14159265e+00 
 3.54813389e+01  3.54813389e+01  0.00000000e+00 -5.80028815e+01  3.14159265e+00 
 3.65174127e+01  3.65174127e+01  0.00000000e+00 -5.80028815e+01  3.14159265e+00 
 3.75837404e+01  3.75837404e+01  0.00000000e+00 -5.80028815e+01  3.14159265e+00 
 3.86812055e+01  3.86812055e+01  0.00000000e+00 -5.80028815e+01  3.14159265e+00 
 3.98107171e+01  3.98107171e+01  0.00000000e+00 -5.80028815e+01  3.14159265e+00 
 4.09732110e+01  4.09732110e+01  0.00000000e+00 -5.80028815e+01  3.14159265e+00 
 4.21696503e+01  4.21696503e+01  0.00000000e+00 -5.80028815e+01  3.14159265e+00 
 4.34010264e+01  4.34010264e+01  0.00000000e+00 -5.80028815e+01  3.14159265e+00 
 4.46683592e+01  4.46683592e+01  0.00000000e+00 -5.80028815e+01  3.14159265e+00 
 4.59726989e+01  4.59726989e+01  0.00000000e+00 -5.80028815e+01  3.14159265e+00 
 4.73151259e+01  4.73151259e+01  0.00000000e+00 -5.80028815e+01  3.14159265e+00 
 4.86967525e+01  4.86967525e+01  0.00000000e+00 -5.80028815e+01  3.14159265e+00 
 5.01187234e+01  5.01187234e+01  0.00000000e+00 -5.80028815e+01  3.14159265e+00 
 5.15822165e+01  5.15822165e+01  0.00000000e+00 -5.80028815e+01  3.14159265e+00 
 5.30884444e+01  5.30884444e+01  0.00000000e+00 -5.80028815e+01  3.14159265e+00 
 5.46386550e+01  5.46386550e+01  0.00000000e+00 -5.80028815e+01  3.14159265e+00 
 5.62341325e+01  5.62341325e+01  0.00000000e+00 -5.80028815e+01  3.14159265e+00 
 5.78761988e+01  5.78761988e+01  0.00000000e+00 -5.80028815e+01  3.14159265e+00 
 5.95662144e+01  5.95662144e+01  0.00000000e+00 -5.80028815e+01  3.14159265e+00 
 6.13055792e+01  6.13055792e+01  0.00000000e+00 -5.80028815e+01  3.14159265e+00 
 6.30957344e+01  6.30957344e+01  0.00000000e+00 -5.80028815e+01  3.14159265e+00 
 6.49381632e+01  6.49381632e+01  0.00000000e+00 -5.80028815e+01  3.14159265e+00 
 6.68343918e+01  6.68343918e+01  0.00000000e+00 -5.80028815e+01  3.14159265e+00 
 6.87859912e+01  6.87859912e+01  0.00000000e+00 -5.80028815e+01  3.14159265e+00 
 7.07945784e+01  7.07945784e+01  0.00000000e+00 -5.80028815e+01  3.14159265e+00 
 7.28618175e+01  7.28618175e+01  0.00000000e+00 -5.80028815e+01  3.14159265e+00 
 7.49894209e+01  7.49894209e+01  0.00000000e+00 -5.80028815e+01  3.14159265e+00 
 7.71791516e+01  7.71791516e+01  0.00000000e+00 -5.80028815e+01  3.14159265e+00 
 7.94328235e+01  7.94328235e+01  0.00000000e+00 -5.80028815e+01  3.14159265e+00 
 8.17523038e+01  8.17523038e+01  0.00000000e+00 -5.80028815e+01  3.14159265e+00 
 8.41395142e+01  8.41395142e+01  0.00000000e+00 -5.80028815e+01  3.14159265e+00 
 8.65964323e+01  8.65964323e+01  0.00000000e+00 -5.80028815e+01  3.14159265e+00 
 8.91250938e+01  8.91250938e+01  0.00000000e+00 -5.80028815e+01  3.14159265e+00 
 9.17275935e+01  9.17275935e+01  0.00000000e+00 -5.80028815e+01  3.14159265e+00 
 9.44060876e+01  9.44060876e+01  0.00000000e+00 -5.80028815e+01  3.14159264e+00 
 9.71627952e+01  9.71627952e+01  0.00000000e+00 -5.80028815e+01  3.14159264e+00 
 1.00000000e+02  1.00000000e+02  0.00000000e+00 -5.80028815e+01  3.14159264e+00 
 1.02920053e+02  1.02920053e+02  0.00000000e+00 -5.80028815e+01  3.14159264e+00 
 1.05925373e+02  1.05925373e+02  0.00000000e+00 -5.80028815e+01  3.14159264e+00 
 1.09018449e+02  1.09018449e+02  0.00000000e+00 -5.80028815e+01  3.14159264e+00 
 1.12201845e+02  1.12201845e+02  0.00000000e+00 -5.80028815e+01  3.14159264e+00 
 1.15478198e+02  1.15478198e+02  0.00000000e+00 -5.80028815e+01  3.14159264e+00 
 1.18850223e+02  1.18850223e+02  0.00000000e+00 -5.80028815e+01  3.14159264e+00 
 1.22320712e+02  1.22320712e+02  0.00000000e+00 -5.80028815e+01  3.14159264e+00 
 1.25892541e+02  1.25892541e+02  0.00000000e+00 -5.80028815e+01  3.14159264e+00 
 1.29568670e+02  1.29568670e+02  0.00000000e+00 -5.80028815e+01  3.14159264e+00 
 1.33352143e+02  1.33352143e+02  0.00000000e+00 -5.80028815e+01  3.14159264e+00 
 1.37246096e+02  1.37246096e+02  0.00000000e+00 -5.80028815e+01  3.14159264e+00 
 1.41253754e+02  1.41253754e+02  0.00000000e+00 -5.80028815e+01  3.14159264e+00 
 1.45378439e+02  1.45378439e+02  0.00000000e+00 -5.80028815e+01  3.14159264e+00 
 1.49623566e+02  1.49623566e+02  0.00000000e+00 -5.80028815e+01  3.14159264e+00 
 1.53992653e+02  1.53992653e+02  0.00000000e+00 -5.80028815e+01  3.14159264e+00 
 1.58489319e+02  1.58489319e+02  0.00000000e+00 -5.80028815e+01  3.14159264e+00 
 1.63117291e+02  1.63117291e+02  0.00000000e+00 -5.80028815e+01  3.14159264e+00 
 1.67880402e+02  1.67880402e+02  0.00000000e+00 -5.80028815e+01  3.14159264e+00 
 1.72782598e+02  1.72782598e+02  0.00000000e+00 -5.80028815e+01  3.14159264e+00 
 1.77827941e+02  1.77827941e+02  0.00000000e+00 -5.80028815e+01  3.14159264e+00 
 1.83020611e+02  1.83020611e+02  0.00000000e+00 -5.80028815e+01  3.14159264e+00 
 1.88364909e+02  1.88364909e+02  0.00000000e+00 -5.80028815e+01  3.14159264e+00 
 1.93865264e+02  1.93865264e+02  0.00000000e+00 -5.80028815e+01  3.14159264e+00 
 1.99526231e+02  1.99526231e+02  0.00000000e+00 -5.80028815e+01  3.14159264e+00 
 2.05352503e+02  2.05352503e+02  0.00000000e+00 -5.80028815e+01  3.14159263e+00 
 2.11348904e+02  2.11348904e+02  0.00000000e+00 -5.80028815e+01  3.14159263e+00 
 2.17520403e+02  2.17520403e+02  0.00000000e+00 -5.80028815e+01  3.14159263e+00 
 2.23872114e+02  2.23872114e+02  0.00000000e+00 -5.80028815e+01  3.14159263e+00 
 2.30409298e+02  2.30409298e+02  0.00000000e+00 -5.80028815e+01  3.14159263e+00 
 2.37137371e+02  2.37137371e+02  0.00000000e+00 -5.80028815e+01  3.14159263e+00 
 2.44061907e+02  2.44061907e+02  0.00000000e+00 -5.80028815e+01  3.14159263e+00 
 2.51188643e+02  2.51188643e+02  0.00000000e+00 -5.80028815e+01  3.14159263e+00 
 2.58523484e+02  2.58523484e+02  0.00000000e+00 -5.80028815e+01  3.14159263e+00 
 2.66072506e+02  2.66072506e+02  0.00000000e+00 -5.80028815e+01  3.14159263e+00 
 2.73841963e+02  2.73841963e+02  0.00000000e+00 -5.80028815e+01  3.14159263e+00 
 2.81838293e+02  2.81838293e+02  0.00000000e+00 -5.80028815e+01  3.14159263e+00 
 2.90068120e+02  2.90068120e+02  0.00000000e+00 -5.80028815e+01  3.14159263e+00 
 2.98538262e+02  2.98538262e+02  0.00000000e+00 -5.80028815e+01  3.14159263e+00 
 3.07255737e+02  3.07255737e+02  0.00000000e+00 -5.80028815e+01  3.14159262e+00 
 3.16227766e+02  3.16227766e+02  0.00000000e+00 -5.80028815e+01  3.14159262e+00 
 3.25461783e+02  3.25461783e+02  0.00000000e+00 -5.80028815e+01  3.14159262e+00 
 3.34965439e+02  3.34965439e+02  0.00000000e+00 -5.80028815e+01  3.14159262e+00 
 3.44746607e+02  3.44746607e+02  0.00000000e+00 -5.80028815e+01  3.14159262e+00 
 3.54813389e+02  3.54813389e+02  0.00000000e+00 -5.80028815e+01  3.14159262e+00 
 3.65174127e+02  3.65174127e+02  0.00000000e+00 -5.80028815e+01  3.14159262e+00 
 3.75837404e+02  3.75837404e+02  0.00000000e+00 -5.80028815e+01  3.14159262e+00 
 3.86812055e+02  3.86812055e+02  0.00000000e+00 -5.80028815e+01  3.14159262e+00 
 3.98107171e+02  3.98107171e+02  0.00000000e+00 -5.80028815e+01  3.14159262e+00 
 4.09732110e+02  4.09732110e+02  0.00000000e+00 -5.80028815e+01  3.14159262e+00 
 4.21696503e+02  4.21696503e+02  0.00000000e+00 -5.80028815e+01  3.14159261e+00 
 4.34010264e+02  4.34010264e+02  0.00000000e+00 -5.80028815e+01  3.14159261e+00 
 4.46683592e+02  4.46683592e+02  0.00000000e+00 -5.80028815e+01  3.14159261e+00 
 4.59726989e+02  4.59726989e+02  0.00000000e+00 -5.80028815e+01  3.14159261e+00 
 4.73151259e+02  4.73151259e+02  0.00000000e+00 -5.80028815e+01  3.14159261e+00 
 4.86967525e+02  4.86967525e+02  0.00000000e+00 -5.80028815e+01  3.14159261e+00 
 5.01187234e+02  5.01187234e+02  0.00000000e+00 -5.80028815e+01  3.14159261e+00 
 5.15822165e+02  5.15822165e+02  0.00000000e+00 -5.80028815e+01  3.14159261e+00 
 5.30884444e+02  5.30884444e+02  0.00000000e+00 -5.80028815e+01  3.14159260e+00 
 5.46386550e+02  5.46386550e+02  0.00000000e+00 -5.80028815e+01  3.14159260e+00 
 5.62341325e+02  5.62341325e+02  0.00000000e+00 -5.80028815e+01  3.14159260e+00 
 5.78761988e+02  5.78761988e+02  0.00000000e+00 -5.80028815e+01  3.14159260e+00 
 5.95662144e+02  5.95662144e+02  0.00000000e+00 -5.80028815e+01  3.14159260e+00 
 6.13055792e+02  6.13055792e+02  0.00000000e+00 -5.80028815e+01  3.14159260e+00 
 6.30957344e+02  6.30957344e+02  0.00000000e+00 -5.80028815e+01  3.14159259e+00 
 6.49381632e+02  6.49381632e+02  0.00000000e+00 -5.80028815e+01  3.14159259e+00 
 6.68343918e+02  6.68343918e+02  0.00000000e+00 -5.80028815e+01  3.14159259e+00 
 6.87859912e+02  6.87859912e+02  0.00000000e+00 -5.80028815e+01  3.14159259e+00 
 7.07945784e+02  7.07945784e+02  0.00000000e+00 -5.80028815e+01  3.14159259e+00 
 7.28618175e+02  7.28618175e+02  0.00000000e+00 -5.80028815e+01  3.14159259e+00 
 7.49894209e+02  7.49894209e+02  0.00000000e+00 -5.80028815e+01  3.14159258e+00 
 7.71791516e+02  7.71791516e+02  0.00000000e+00 -5.80028815e+01  3.14159258e+00 
 7.94328235e+02  7.94328235e+02  0.00000000e+00 -5.80028815e+01  3.14159258e+00 
 8.17523038e+02  8.17523038e+02  0.00000000e+00 -5.80028815e+01  3.14159258e+00 
 8.41395142e+02  8.41395142e+02  0.00000000e+00 -5.80028815e+01  3.14159258e+00 
 8.65964323e+02  8.65964323e+02  0.00000000e+00 -5.80028815e+01  3.14159257e+00 
 8.91250938e+02  8.91250938e+02  0.00000000e+00 -5.80028815e+01  3.14159257e+00 
 9.17275935e+02  9.17275935e+02  0.00000000e+00 -5.80028815e+01  3.14159257e+00 
 9.44060876e+02  9.44060876e+02  0.00000000e+00 -5.80028815e+01  3.14159257e+00 
 9.71627952e+02  9.71627952e+02  0.00000000e+00 -5.80028815e+01  3.14159256e+00 
 1.00000000e+03  1.00000000e+03  0.00000000e+00 -5.80028815e+01  3.14159256e+00 
 1.02920053e+03  1.02920053e+03  0.00000000e+00 -5.80028815e+01  3.14159256e+00 
 1.05925373e+03  1.05925373e+03  0.00000000e+00 -5.80028815e+01  3.14159255e+00 
 1.09018449e+03  1.09018449e+03  0.00000000e+00 -5.80028815e+01  3.14159255e+00 
 1.12201845e+03  1.12201845e+03  0.00000000e+00 -5.80028815e+01  3.14159255e+00 
 1.15478198e+03  1.15478198e+03  0.00000000e+00 -5.80028815e+01  3.14159255e+00 
 1.18850223e+03  1.18850223e+03  0.00000000e+00 -5.80028815e+01  3.14159254e+00 
 1.22320712e+03  1.22320712e+03  0.00000000e+00 -5.80028815e+01  3.14159254e+00 
 1.25892541e+03  1.25892541e+03  0.00000000e+00 -5.80028815e+01  3.14159254e+00 
 1.29568670e+03  1.29568670e+03  0.00000000e+00 -5.80028815e+01  3.14159253e+00 
 1.33352143e+03  1.33352143e+03  0.00000000e+00 -5.80028815e+01  3.14159253e+00 
 1.37246096e+03  1.37246096e+03  0.00000000e+00 -5.80028815e+01  3.14159253e+00 
 1.41253754e+03  1.41253754e+03  0.00000000e+00 -5.80028815e+01  3.14159252e+00 
 1.45378439e+03  1.45378439e+03  0.00000000e+00 -5.80028815e+01  3.14159252e+00 
 1.49623566e+03  1.49623566e+03  0.00000000e+00 -5.80028815e+01  3.14159251e+00 
 1.53992653e+03  1.53992653e+03  0.00000000e+00 -5.80028815e+01  3.14159251e+00 
 1.58489319e+03  1.58489319e+03  0.00000000e+00 -5.80028815e+01  3.14159251e+00 
 1.63117291e+03  1.63117291e+03  0.00000000e+00 -5.80028815e+01  3.14159250e+00 
 1.67880402e+03  1.67880402e+03  0.00000000e+00 -5.80028815e+01  3.14159250e+00 
 1.72782598e+03  1.72782598e+03  0.00000000e+00 -5.80028815e+01  3.14159249e+00 
 1.77827941e+03  1.77827941e+03  0.00000000e+00 -5.80028815e+01  3.14159249e+00 
 1.83020611e+03  1.83020611e+03  0.00000000e+00 -5.80028815e+01  3.14159248e+00 
 1.88364909e+03  1.88364909e+03  0.00000000e+00 -5.80028815e+01  3.14159248e+00 
 1.93865264e+03  1.93865264e+03  0.00000000e+00 -5.80028815e+01  3.14159247e+00 
 1.99526231e+03  1.99526231e+03  0.00000000e+00 -5.80028815e+01  3.14159247e+00 
 2.05352503e+03  2.05352503e+03  0.00000000e+00 -5.80028815e+01  3.14159246e+00 
 2.11348904e+03  2.11348904e+03  0.00000000e+00 -5.80028815e+01  3.14159246e+00 
 2.17520403e+03  2.17520403e+03  0.00000000e+00 -5.80028815e+01  3.14159245e+00 
 2.23872114e+03  2.23872114e+03  0.00000000e+00 -5.80028815e+01  3.14159245e+00 
 2.30409298e+03  2.30409298e+03  0.00000000e+00 -5.80028815e+01  3.14159244e+00 
 2.37137371e+03  2.37137371e+03  0.00000000e+00 -5.80028815e+01  3.14159243e+00 
 2.44061907e+03  2.44061907e+03  0.00000000e+00 -5.80028815e+01  3.14159243e+00 
 2.51188643e+03  2.51188643e+03  0.00000000e+00 -5.80028815e+01  3.14159242e+00 
 2.58523484e+03  2.58523484e+03  0.00000000e+00 -5.80028815e+01  3.14159241e+00 
 2.66072506e+03  2.66072506e+03  0.00000000e+00 -5.80028815e+01  3.14159241e+00 
 2.73841963e+03  2.73841963e+03  0.00000000e+00 -5.80028815e+01  3.14159240e+00 
 2.81838293e+03  2.81838293e+03  0.00000000e+00 -5.80028815e+01  3.14159239e+00 
 2.90068120e+03  2.90068120e+03  0.00000000e+00 -5.80028815e+01  3.14159238e+00 
 2.98538262e+03  2.98538262e+03  0.00000000e+00 -5.80028815e+01  3.14159238e+00 
 3.07255737e+03  3.07255737e+03  0.00000000e+00 -5.80028815e+01  3.14159237e+00 
 3.16227766e+03  3.16227766e+03  0.00000000e+00 -5.80028815e+01  3.14159236e+00 
 3.25461783e+03  3.25461783e+03  0.00000000e+00 -5.80028815e+01  3.14159235e+00 
 3.34965439e+03  3.34965439e+03  0.00000000e+00 -5.80028815e+01  3.14159234e+00 
 3.44746607e+03  3.44746607e+03  0.00000000e+00 -5.80028815e+01  3.14159233e+00 
 3.54813389e+03  3.54813389e+03  0.00000000e+00 -5.80028815e+01  3.14159232e+00 
 3.65174127e+03  3.65174127e+03  0.00000000e+00 -5.80028815e+01  3.14159231e+00 
 3.75837404e+03  3.75837404e+03  0.00000000e+00 -5.80028815e+01  3.14159230e+00 
 3.86812055e+03  3.86812055e+03  0.00000000e+00 -5.80028815e+01  3.14159229e+00 
 3.98107171e+03  3.98107171e+03  0.00000000e+00 -5.80028815e+01  3.14159228e+00 
 4.09732110e+03  4.09732110e+03  0.00000000e+00 -5.80028815e+01  3.14159227e+00 
 4.21696503e+03  4.21696503e+03  0.00000000e+00 -5.80028815e+01  3.14159226e+00 
 4.34010264e+03  4.34010264e+03  0.00000000e+00 -5.80028815e+01  3.14159225e+00 
 4.46683592e+03  4.46683592e+03  0.00000000e+00 -5.80028815e+01  3.14159224e+00 
 4.59726989e+03  4.59726989e+03  0.00000000e+00 -5.80028815e+01  3.14159223e+00 
 4.73151259e+03  4.73151259e+03  0.00000000e+00 -5.80028815e+01  3.14159221e+00 
 4.86967525e+03  4.86967525e+03  0.00000000e+00 -5.80028815e+01  3.14159220e+00 
 5.01187234e+03  5.01187234e+03  0.00000000e+00 -5.80028815e+01  3.14159219e+00 
 5.15822165e+03  5.15822165e+03  0.00000000e+00 -5.80028815e+01  3.14159217e+00 
 5.30884444e+03  5.30884444e+03  0.00000000e+00 -5.80028815e+01  3.14159216e+00 
 5.46386550e+03  5.46386550e+03  0.00000000e+00 -5.80028815e+01  3.14159214e+00 
 5.62341325e+03  5.62341325e+03  0.00000000e+00 -5.80028815e+01  3.14159213e+00 
 5.78761988e+03  5.78761988e+03  0.00000000e+00 -5.80028815e+01  3.14159211e+00 
 5.95662144e+03  5.95662144e+03  0.00000000e+00 -5.80028815e+01  3.14159210e+00 
 6.13055792e+03  6.13055792e+03  0.00000000e+00 -5.80028815e+01  3.14159208e+00 
 6.30957344e+03  6.30957344e+03  0.00000000e+00 -5.80028815e+01  3.14159207e+00 
 6.49381632e+03  6.49381632e+03  0.00000000e+00 -5.80028815e+01  3.14159205e+00 
 6.68343918e+03  6.68343918e+03  0.00000000e+00 -5.80028815e+01  3.14159203e+00 
 6.87859912e+03  6.87859912e+03  0.00000000e+00 -5.80028815e+01  3.14159201e+00 
 7.07945784e+03  7.07945784e+03  0.00000000e+00 -5.80028815e+01  3.14159199e+00 
 7.28618175e+03  7.28618175e+03  0.00000000e+00 -5.80028815e+01  3.14159197e+00 
 7.49894209e+03  7.49894209e+03  0.00000000e+00 -5.80028815e+01  3.14159196e+00 
 7.71791516e+03  7.71791516e+03  0.00000000e+00 -5.80028815e+01  3.14159193e+00 
 7.94328235e+03  7.94328235e+03  0.00000000e+00 -5.80028815e+01  3.14159191e+00 
 8.17523038e+03  8.17523038e+03  0.00000000e+00 -5.80028815e+01  3.14159189e+00 
 8.41395142e+03  8.41395142e+03  0.00000000e+00 -5.80028815e+01  3.14159187e+00 
 8.65964323e+03  8.65964323e+03  0.00000000e+00 -5.80028815e+01  3.14159185e+00 
 8.91250938e+03  8.91250938e+03  0.00000000e+00 -5.80028815e+01  3.14159182e+00 
 9.17275935e+03  9.17275935e+03  0.00000000e+00 -5.80028815e+01  3.14159180e+00 
 9.44060876e+03  9.44060876e+03  0.00000000e+00 -5.80028815e+01  3.14159177e+00 
 9.71627952e+03  9.71627952e+03  0.00000000e+00 -5.80028815e+01  3.14159175e+00 
 1.00000000e+04  1.00000000e+04  0.00000000e+00 -5.80028815e+01  3.14159172e+00 
 1.02920053e+04  1.02920053e+04  0.00000000e+00 -5.80028815e+01  3.14159169e+00 
 1.05925373e+04  1.05925373e+04  0.00000000e+00 -5.80028815e+01  3.14159167e+00 
 1.09018449e+04  1.09018449e+04  0.00000000e+00 -5.80028815e+01  3.14159164e+00 
 1.12201845e+04  1.12201845e+04  0.00000000e+00 -5.80028815e+01  3.14159161e+00 
 1.15478198e+04  1.15478198e+04  0.00000000e+00 -5.80028815e+01  3.14159158e+00 
 1.18850223e+04  1.18850223e+04  0.00000000e+00 -5.80028815e+01  3.14159155e+00 
 1.22320712e+04  1.22320712e+04  0.00000000e+00 -5.80028815e+01  3.14159151e+00 
 1.25892541e+04  1.25892541e+04  0.00000000e+00 -5.80028815e+01  3.14159148e+00 
 1.29568670e+04  1.29568670e+04  0.00000000e+00 -5.80028815e+01  3.14159145e+00 
 1.33352143e+04  1.33352143e+04  0.00000000e+00 -5.80028815e+01  3.14159141e+00 
 1.37246096e+04  1.37246096e+04  0.00000000e+00 -5.80028815e+01  3.14159138e+00 
 1.41253754e+04  1.41253754e+04  0.00000000e+00 -5.80028815e+01  3.14159134e+00 
 1.45378439e+04  1.45378439e+04  0.00000000e+00 -5.80028815e+01  3.14159130e+00 
 1.49623566e+04  1.49623566e+04  0.00000000e+00 -5.80028815e+01  3.14159126e+00 
 1.53992653e+04  1.53992653e+04  0.00000000e+00 -5.80028815e+01  3.14159122e+00 
 1.58489319e+04  1.58489319e+04  0.00000000e+00 -5.80028815e+01  3.14159118e+00 
 1.63117291e+04  1.63117291e+04  0.00000000e+00 -5.80028815e+01  3.14159113e+00 
 1.67880402e+04  1.67880402e+04  0.00000000e+00 -5.80028815e+01  3.14159109e+00 
 1.72782598e+04  1.72782598e+04  0.00000000e+00 -5.80028815e+01  3.14159104e+00 
 1.77827941e+04  1.77827941e+04  0.00000000e+00 -5.80028815e+01  3.14159100e+00 
 1.83020611e+04  1.83020611e+04  0.00000000e+00 -5.80028815e+01  3.14159095e+00 
 1.88364909e+04  1.88364909e+04  0.00000000e+00 -5.80028815e+01  3.14159090e+00 
 1.93865264e+04  1.93865264e+04  0.00000000e+00 -5.80028815e+01  3.14159085e+00 
 1.99526231e+04  1.99526231e+04  0.00000000e+00 -5.80028815e+01  3.14159080e+00 
 2.05352503e+04  2.05352503e+04  0.00000000e+00 -5.80028815e+01  3.14159074e+00 
 2.11348904e+04  2.11348904e+04  0.00000000e+00 -5.80028815e+01  3.14159068e+00 
 2.17520403e+04  2.17520403e+04  0.00000000e+00 -5.80028815e+01  3.14159063e+00 
 2.23872114e+04  2.23872114e+04  0.00000000e+00 -5.80028815e+01  3.14159057e+00 
 2.30409298e+04  2.30409298e+04  0.00000000e+00 -5.80028815e+01  3.14159051e+00 
 2.37137371e+04  2.37137371e+04  0.00000000e+00 -5.80028815e+01  3.14159044e+00 
 2.44061907e+04  2.44061907e+04  0.00000000e+00 -5.80028815e+01  3.14159038e+00 
 2.51188643e+04  2.51188643e+04  0.00000000e+00 -5.80028815e+01  3.14159031e+00 
 2.58523484e+04  2.58523484e+04  0.00000000e+00 -5.80028815e+01  3.14159025e+00 
 2.66072506e+04  2.66072506e+04  0.00000000e+00 -5.80028815e+01  3.14159018e+00 
 2.73841963e+04  2.73841963e+04  0.00000000e+00 -5.80028815e+01  3.14159010e+00 
 2.81838293e+04  2.81838293e+04  0.00000000e+00 -5.80028815e+01  3.14159003e+00 
 2.90068120e+04  2.90068120e+04  0.00000000e+00 -5.80028815e+01  3.14158995e+00 
 2.98538262e+04  2.98538262e+04  0.00000000e+00 -5.80028815e+01  3.14158987e+00 
 3.07255737e+04  3.07255737e+04  0.00000000e+00 -5.80028815e+01  3.14158979e+00 
 3.16227766e+04  3.16227766e+04  0.00000000e+00 -5.80028815e+01  3.14158971e+00 
 3.25461783e+04  3.25461783e+04  0.00000000e+00 -5.80028815e+01  3.14158962e+00 
 3.34965439e+04  3.34965439e+04  0.00000000e+00 -5.80028815e+01  3.14158953e+00 
 3.44746607e+04  3.44746607e+04  0.00000000e+00 -5.80028815e+01  3.14158944e+00 
 3.54813389e+04  3.54813389e+04  0.00000000e+00 -5.80028815e+01  3.14158935e+00 
 3.65174127e+04  3.65174127e+04  0.00000000e+00 -5.80028815e+01  3.14158925e+00 
 3.75837404e+04  3.75837404e+04  0.00000000e+00 -5.80028815e+01  3.14158915e+00 
 3.86812055e+04  3.86812055e+04  0.00000000e+00 -5.80028815e+01  3.14158905e+00 
 3.98107171e+04  3.98107171e+04  0.00000000e+00 -5.80028815e+01  3.14158895e+00 
 4.09732110e+04  4.09732110e+04  0.00000000e+00 -5.80028815e+01  3.14158884e+00 
 4.21696503e+04  4.21696503e+04  0.00000000e+00 -5.80028815e+01  3.14158873e+00 
 4.34010264e+04  4.34010264e+04  0.00000000e+00 -5.80028815e+01  3.14158861e+00 
 4.46683592e+04  4.46683592e+04  0.00000000e+00 -5.80028815e+01  3.14158849e+00 
 4.59726989e+04  4.59726989e+04  0.00000000e+00 -5.80028815e+01  3.14158837e+00 
 4.73151259e+04  4.73151259e+04  0.00000000e+00 -5.80028815e+01  3.14158825e+00 
 4.86967525e+04  4.86967525e+04  0.00000000e+00 -5.80028815e+01  3.14158812e+00 
 5.01187234e+04  5.01187234e+04  0.00000000e+00 -5.80028815e+01  3.14158799e+00 
 5.15822165e+04  5.15822165e+04  0.00000000e+00 -5.80028815e+01  3.14158785e+00 
 5.30884444e+04  5.30884444e+04  0.00000000e+00 -5.80028815e+01  3.14158771e+00 
 5.46386550e+04  5.46386550e+04  0.00000000e+00 -5.80028815e+01  3.14158756e+00 
 5.62341325e+04  5.62341325e+04  0.00000000e+00 -5.80028815e+01  3.14158742e+00 
 5.78761988e+04  5.78761988e+04  0.00000000e+00 -5.80028815e+01  3.14158726e+00 
 5.95662144e+04  5.95662144e+04  0.00000000e+00 -5.80028815e+01  3.14158711e+00 
 6.13055792e+04  6.13055792e+04  0.00000000e+00 -5.80028815e+01  3.14158694e+00 
 6.30957344e+04  6.30957344e+04  0.00000000e+00 -5.80028815e+01  3.14158678e+00 
 6.49381632e+04  6.49381632e+04  0.00000000e+00 -5.80028815e+01  3.14158660e+00 
 6.68343918e+04  6.68343918e+04  0.00000000e+00 -5.80028815e+01  3.14158643e+00 
 6.87859912e+04  6.87859912e+04  0.00000000e+00 -5.80028815e+01  3.14158625e+00 
 7.07945784e+04  7.07945784e+04  0.00000000e+00 -5.80028815e+01  3.14158606e+00 
 7.28618175e+04  7.28618175e+04  0.00000000e+00 -5.80028815e+01  3.14158587e+00 
 7.49894209e+04  7.49894209e+04  0.00000000e+00 -5.80028815e+01  3.14158567e+00 
 7.71791516e+04  7.71791516e+04  0.00000000e+00 -5.80028815e+01  3.14158546e+00 
 7.94328235e+04  7.94328235e+04  0.00000000e+00 -5.80028815e+01  3.14158525e+00 
 8.17523038e+04  8.17523038e+04  0.00000000e+00 -5.80028815e+01  3.14158504e+00 
 8.41395142e+04  8.41395142e+04  0.00000000e+00 -5.80028815e+01  3.14158482e+00 
 8.65964323e+04  8.65964323e+04  0.00000000e+00 -5.80028815e+01  3.14158459e+00 
 8.91250938e+04  8.91250938e+04  0.00000000e+00 -5.80028815e+01  3.14158435e+00 
 9.17275935e+04  9.17275935e+04  0.00000000e+00 -5.80028815e+01  3.14158411e+00 
 9.44060876e+04  9.44060876e+04  0.00000000e+00 -5.80028815e+01  3.14158386e+00 
 9.71627952e+04  9.71627952e+04  0.00000000e+00 -5.80028815e+01  3.14158360e+00 
 1.00000000e+05  1.00000000e+05  0.00000000e+00 -5.80028815e+01  3.14158334e+00 
 1.02920053e+05  1.02920053e+05  0.00000000e+00 -5.80028815e+01  3.14158307e+00 
 1.05925373e+05  1.05925373e+05  0.00000000e+00 -5.80028815e+01  3.14158279e+00 
 1.09018449e+05  1.09018449e+05  0.00000000e+00 -5.80028815e+01  3.14158250e+00 
 1.12201845e+05  1.12201845e+05  0.00000000e+00 -5.80028815e+01  3.14158220e+00 
 1.15478198e+05  1.15478198e+05  0.00000000e+00 -5.80028815e+01  3.14158190e+00 
 1.18850223e+05  1.18850223e+05  0.00000000e+00 -5.80028815e+01  3.14158158e+00 
 1.22320712e+05  1.22320712e+05  0.00000000e+00 -5.80028815e+01  3.14158126e+00 
 1.25892541e+05  1.25892541e+05  0.00000000e+00 -5.80028815e+01  3.14158093e+00 
 1.29568670e+05  1.29568670e+05  0.00000000e+00 -5.80028815e+01  3.14158058e+00 
 1.33352143e+05  1.33352143e+05  0.00000000e+00 -5.80028815e+01  3.14158023e+00 
 1.37246096e+05  1.37246096e+05  0.00000000e+00 -5.80028815e+01  3.14157987e+00 
 1.41253754e+05  1.41253754e+05  0.00000000e+00 -5.80028815e+01  3.14157950e+00 
 1.45378439e+05  1.45378439e+05  0.00000000e+00 -5.80028815e+01  3.14157911e+00 
 1.49623566e+05  1.49623566e+05  0.00000000e+00 -5.80028815e+01  3.14157872e+00 
 1.53992653e+05  1.53992653e+05  0.00000000e+00 -5.80028815e+01  3.14157831e+00 
 1.58489319e+05  1.58489319e+05  0.00000000e+00 -5.80028815e+01  3.14157789e+00 
 1.63117291e+05  1.63117291e+05  0.00000000e+00 -5.80028815e+01  3.14157746e+00 
 1.67880402e+05  1.67880402e+05  0.00000000e+00 -5.80028815e+01  3.14157702e+00 
 1.72782598e+05  1.72782598e+05  0.00000000e+00 -5.80028815e+01  3.14157656e+00 
 1.77827941e+05  1.77827941e+05  0.00000000e+00 -5.80028815e+01  3.14157609e+00 
 1.83020611e+05  1.83020611e+05  0.00000000e+00 -5.80028815e+01  3.14157561e+00 
 1.88364909e+05  1.88364909e+05  0.00000000e+00 -5.80028815e+01  3.14157511e+00 
 1.93865264e+05  1.93865264e+05  0.00000000e+00 -5.80028815e+01  3.14157460e+00 
 1.99526231e+05  1.99526231e+05  0.00000000e+00 -5.80028815e+01  3.14157407e+00 
 2.05352503e+05  2.05352503e+05  0.00000000e+00 -5.80028815e+01  3.14157353e+00 
 2.11348904e+05  2.11348904e+05  0.00000000e+00 -5.80028815e+01  3.14157297e+00 
 2.17520403e+05  2.17520403e+05  0.00000000e+00 -5.80028815e+01  3.14157239e+00 
 2.23872114e+05  2.23872114e+05  0.00000000e+00 -5.80028815e+01  3.14157180e+00 
 2.30409298e+05  2.30409298e+05  0.00000000e+00 -5.80028815e+01  3.14157119e+00 
 2.37137371e+05  2.37137371e+05  0.00000000e+00 -5.80028815e+01  3.14157056e+00 
 2.44061907e+05  2.44061907e+05  0.00000000e+00 -5.80028815e+01  3.14156992e+00 
 2.51188643e+05  2.51188643e+05  0.00000000e+00 -5.80028815e+01  3.14156926e+00 
 2.58523484e+05  2.58523484e+05  0.00000000e+00 -5.80028815e+01  3.14156857e+00 
 2.66072506e+05  2.66072506e+05  0.00000000e+00 -5.80028815e+01  3.14156787e+00 
 2.73841963e+05  2.73841963e+05  0.00000000e+00 -5.80028815e+01  3.14156715e+00 
 2.81838293e+05  2.81838293e+05  0.00000000e+00 -5.80028815e+01  3.14156640e+00 
 2.90068120e+05  2.90068120e+05  0.00000000e+00 -5.80028815e+01  3.14156563e+00 
 2.98538262e+05  2.98538262e+05  0.00000000e+00 -5.80028815e+01  3.14156485e+00 
 3.07255737e+05  3.07255737e+05  0.00000000e+00 -5.80028815e+01  3.14156403e+00 
 3.16227766e+05  3.16227766e+05  0.00000000e+00 -5.80028815e+01  3.14156320e+00 
 3.25461783e+05  3.25461783e+05  0.00000000e+00 -5.80028815e+01  3.14156234e+00 
 3.34965439e+05  3.34965439e+05  0.00000000e+00 -5.80028815e+01  3.14156145e+00 
 3.44746607e+05  3.44746607e+05  0.00000000e+00 -5.80028815e+01  3.14156054e+00 
 3.54813389e+05  3.54813389e+05  0.00000000e+00 -5.80028815e+01  3.14155960e+00 
 3.65174127e+05  3.65174127e+05  0.00000000e+00 -5.80028815e+01  3.14155864e+00 
 3.75837404e+05  3.75837404e+05  0.00000000e+00 -5.80028815e+01  3.14155765e+00 
 3.86812055e+05  3.86812055e+05  0.00000000e+00 -5.80028815e+01  3.14155662e+00 
 3.98107171e+05  3.98107171e+05  0.00000000e+00 -5.80028815e+01  3.14155557e+00 
 4.09732110e+05  4.09732110e+05  0.00000000e+00 -5.80028815e+01  3.14155449e+00 
 4.21696503e+05  4.21696503e+05  0.00000000e+00 -5.80028815e+01  3.14155337e+00 
 4.34010264e+05  4.34010264e+05  0.00000000e+00 -5.80028815e+01  3.14155223e+00 
 4.46683592e+05  4.46683592e+05  0.00000000e+00 -5.80028815e+01  3.14155105e+00 
 4.59726989e+05  4.59726989e+05  0.00000000e+00 -5.80028815e+01  3.14154983e+00 
 4.73151259e+05  4.73151259e+05  0.00000000e+00 -5.80028815e+01  3.14154858e+00 
 4.86967525e+05  4.86967525e+05  0.00000000e+00 -5.80028815e+01  3.14154729e+00 
 5.01187234e+05  5.01187234e+05  0.00000000e+00 -5.80028815e+01  3.14154597e+00 
 5.15822165e+05  5.15822165e+05  0.00000000e+00 -5.80028815e+01  3.14154461e+00 
 5.30884444e+05  5.30884444e+05  0.00000000e+00 -5.80028815e+01  3.14154320e+00 
 5.46386550e+05  5.46386550e+05  0.00000000e+00 -5.80028815e+01  3.14154176e+00 
 5.62341325e+05  5.62341325e+05  0.00000000e+00 -5.80028815e+01  3.14154027e+00 
 5.78761988e+05  5.78761988e+05  0.00000000e+00 -5.80028815e+01  3.14153874e+00 
 5.95662144e+05  5.95662144e+05  0.00000000e+00 -5.80028815e+01  3.14153717e+00 
 6.13055792e+05  6.13055792e+05  0.00000000e+00 -5.80028815e+01  3.14153555e+00 
 6.30957344e+05  6.30957344e+05  0.00000000e+00 -5.80028815e+01  3.14153388e+00 
 6.49381632e+05  6.49381632e+05  0.00000000e+00 -5.80028815e+01  3.14153217e+00 
 6.68343918e+05  6.68343918e+05  0.00000000e+00 -5.80028815e+01  3.14153040e+00 
 6.87859912e+05  6.87859912e+05  0.00000000e+00 -5.80028815e+01  3.14152858e+00 
 7.07945784e+05  7.07945784e+05  0.00000000e+00 -5.80028815e+01  3.14152671e+00 
 7.28618175e+05  7.28618175e+05  0.00000000e+00 -5.80028815e+01  3.14152478e+00 
 7.49894209e+05  7.49894209e+05  0.00000000e+00 -5.80028815e+01  3.14152280e+00 
 7.71791516e+05  7.71791516e+05  0.00000000e+00 -5.80028815e+01  3.14152076e+00 
 7.94328235e+05  7.94328235e+05  0.00000000e+00 -5.80028815e+01  3.14151866e+00 
 8.17523038e+05  8.17523038e+05  0.00000000e+00 -5.80028815e+01  3.14151650e+00 
 8.41395142e+05  8.41395142e+05  0.00000000e+00 -5.80028815e+01  3.14151428e+00 
 8.65964323e+05  8.65964323e+05  0.00000000e+00 -5.80028815e+01  3.14151199e+00 
 8.91250938e+05  8.91250938e+05  0.00000000e+00 -5.80028815e+01  3.14150964e+00 
 9.17275935e+05  9.17275935e+05  0.00000000e+00 -5.80028815e+01  3.14150721e+00 
 9.44060876e+05  9.44060876e+05  0.00000000e+00 -5.80028815e+01  3.14150472e+00 
 9.71627952e+05  9.71627952e+05  0.00000000e+00 -5.80028815e+01  3.14150215e+00 
 1.00000000e+06  1.00000000e+06  0.00000000e+00 -5.80028815e+01  3.14149951e+00 
 1.02920053e+06  1.02920053e+06  0.00000000e+00 -5.80028815e+01  3.14149679e+00 
 1.05925373e+06  1.05925373e+06  0.00000000e+00 -5.80028815e+01  3.14149399e+00 
 1.09018449e+06  1.09018449e+06  0.00000000e+00 -5.80028815e+01  3.14149111e+00 
 1.12201845e+06  1.12201845e+06  0.00000000e+00 -5.80028815e+01  3.14148814e+00 
 1.15478198e+06  1.15478198e+06  0.00000000e+00 -5.80028815e+01  3.14148509e+00 
 1.18850223e+06  1.18850223e+06  0.00000000e+00 -5.80028815e+01  3.14148195e+00 
 1.22320712e+06  1.22320712e+06  0.00000000e+00 -5.80028815e+01  3.14147871e+00 
 1.25892541e+06  1.25892541e+06  0.00000000e+00 -5.80028815e+01  3.14147539e+00 
 1.29568670e+06  1.29568670e+06  0.00000000e+00 -5.80028815e+01  3.14147196e+00 
 1.33352143e+06  1.33352143e+06  0.00000000e+00 -5.80028815e+01  3.14146844e+00 
 1.37246096e+06  1.37246096e+06  0.00000000e+00 -5.80028815e+01  3.14146481e+00 
 1.41253754e+06  1.41253754e+06  0.00000000e+00 -5.80028815e+01  3.14146108e+00 
 1.45378439e+06  1.45378439e+06  0.00000000e+00 -5.80028815e+01  3.14145724e+00 
 1.49623566e+06  1.49623566e+06  0.00000000e+00 -5.80028815e+01  3.14145328e+00 
 1.53992653e+06  1.53992653e+06  0.00000000e+00 -5.80028815e+01  3.14144921e+00 
 1.58489319e+06  1.58489319e+06  0.00000000e+00 -5.80028816e+01  3.14144502e+00 
 1.63117291e+06  1.63117291e+06  0.00000000e+00 -5.80028816e+01  3.14144071e+00 
 1.67880402e+06  1.67880402e+06  0.00000000e+00 -5.80028816e+01  3.14143628e+00 
 1.72782598e+06  1.72782598e+06  0.00000000e+00 -5.80028816e+01  3.14143171e+00 
 1.77827941e+06  1.77827941e+06  0.00000000e+00 -5.80028816e+01  3.14142701e+00 
 1.83020611e+06  1.83020611e+06  0.00000000e+00 -5.80028816e+01  3.14142217e+00 
 1.88364909e+06  1.88364909e+06  0.00000000e+00 -5.80028816e+01  3.14141720e+00 
 1.93865264e+06  1.93865264e+06  0.00000000e+00 -5.80028816e+01  3.14141207e+00 
 1.99526231e+06  1.99526231e+06  0.00000000e+00 -5.80028816e+01  3.14140680e+00 
 2.05352503e+06  2.05352503e+06  0.00000000e+00 -5.80028816e+01  3.14140137e+00 
 2.11348904e+06  2.11348904e+06  0.00000000e+00 -5.80028816e+01  3.14139579e+00 
 2.17520403e+06  2.17520403e+06  0.00000000e+00 -5.80028816e+01  3.14139004e+00 
 2.23872114e+06  2.23872114e+06  0.00000000e+00 -5.80028816e+01  3.14138412e+00 
 2.30409298e+06  2.30409298e+06  0.00000000e+00 -5.80028816e+01  3.14137803e+00 
 2.37137371e+06  2.37137371e+06  0.00000000e+00 -5.80028816e+01  3.14137177e+00 
 2.44061907e+06  2.44061907e+06  0.00000000e+00 -5.80028816e+01  3.14136532e+00 
 2.51188643e+06  2.51188643e+06  0.00000000e+00 -5.80028817e+01  3.14135868e+00 
 2.58523484e+06  2.58523484e+06  0.00000000e+00 -5.80028817e+01  3.14135185e+00 
 2.66072506e+06  2.66072506e+06  0.00000000e+00 -5.80028817e+01  3.14134481e+00 
 2.73841963e+06  2.73841963e+06  0.00000000e+00 -5.80028817e+01  3.14133758e+00 
 2.81838293e+06  2.81838293e+06  0.00000000e+00 -5.80028817e+01  3.14133013e+00 
 2.90068120e+06  2.90068120e+06  0.00000000e+00 -5.80028817e+01  3.14132246e+00 
 2.98538262e+06  2.98538262e+06  0.00000000e+00 -5.80028817e+01  3.14131457e+00 
 3.07255737e+06  3.07255737e+06  0.00000000e+00 -5.80028817e+01  3.14130645e+00 
 3.16227766e+06  3.16227766e+06  0.00000000e+00 -5.80028818e+01  3.14129809e+00 
 3.25461783e+06  3.25461783e+06  0.00000000e+00 -5.80028818e+01  3.14128949e+00 
 3.34965439e+06  3.34965439e+06  0.00000000e+00 -5.80028818e+01  3.14128064e+00 
 3.44746607e+06  3.44746607e+06  0.00000000e+00 -5.80028818e+01  3.14127153e+00 
 3.54813389e+06  3.54813389e+06  0.00000000e+00 -5.80028818e+01  3.14126215e+00 
 3.65174127e+06  3.65174127e+06  0.00000000e+00 -5.80028818e+01  3.14125250e+00 
 3.75837404e+06  3.75837404e+06  0.00000000e+00 -5.80028819e+01  3.14124257e+00 
 3.86812055e+06  3.86812055e+06  0.00000000e+00 -5.80028819e+01  3.14123235e+00 
 3.98107171e+06  3.98107171e+06  0.00000000e+00 -5.80028819e+01  3.14122183e+00 
 4.09732110e+06  4.09732110e+06  0.00000000e+00 -5.80028819e+01  3.14121100e+00 
 4.21696503e+06  4.21696503e+06  0.00000000e+00 -5.80028820e+01  3.14119985e+00 
 4.34010264e+06  4.34010264e+06  0.00000000e+00 -5.80028820e+01  3.14118838e+00 
 4.46683592e+06  4.46683592e+06  0.00000000e+00 -5.80028820e+01  3.14117658e+00 
 4.59726989e+06  4.59726989e+06  0.00000000e+00 -5.80028821e+01  3.14116443e+00 
 4.73151259e+06  4.73151259e+06  0.00000000e+00 -5.80028821e+01  3.14115192e+00 
 4.86967525e+06  4.86967525e+06  0.00000000e+00 -5.80028821e+01  3.14113905e+00 
 5.01187234e+06  5.01187234e+06  0.00000000e+00 -5.80028822e+01  3.14112581e+00 
 5.15822165e+06  5.15822165e+06  0.00000000e+00 -5.80028822e+01  3.14111218e+00 
 5.30884444e+06  5.30884444e+06  0.00000000e+00 -5.80028822e+01  3.14109815e+00 
 5.46386550e+06  5.46386550e+06  0.00000000e+00 -5.80028823e+01  3.14108371e+00 
 5.62341325e+06  5.62341325e+06  0.00000000e+00 -5.80028823e+01  3.14106885e+00 
 5.78761988e+06  5.78761988e+06  0.00000000e+00 -5.80028824e+01  3.14105355e+00 
 5.95662144e+06  5.95662144e+06  0.00000000e+00 -5.80028824e+01  3.14103781e+00 
 6.13055792e+06  6.13055792e+06  0.00000000e+00 -5.80028825e+01  3.14102161e+00 
 6.30957344e+06  6.30957344e+06  0.00000000e+00 -5.80028826e+01  3.14100493e+00 
 6.49381632e+06  6.49381632e+06  0.00000000e+00 -5.80028826e+01  3.14098777e+00 
 6.68343918e+06  6.68343918e+06  0.00000000e+00 -5.80028827e+01  3.14097011e+00 
 6.87859912e+06  6.87859912e+06  0.00000000e+00 -5.80028828e+01  3.14095193e+00 
 7.07945784e+06  7.07945784e+06  0.00000000e+00 -5.80028828e+01  3.14093322e+00 
 7.28618175e+06  7.28618175e+06  0.00000000e+00 -5.80028829e+01  3.14091396e+00 
 7.49894209e+06  7.49894209e+06  0.00000000e+00 -5.80028830e+01  3.14089414e+00 
 7.71791516e+06  7.71791516e+06  0.00000000e+00 -5.80028831e+01  3.14087375e+00 
 7.94328235e+06  7.94328235e+06  0.00000000e+00 -5.80028832e+01  3.14085276e+00 
 8.17523038e+06  8.17523038e+06  0.00000000e+00 -5.80028833e+01  3.14083115e+00 
 8.41395142e+06  8.41395142e+06  0.00000000e+00 -5.80028834e+01  3.14080891e+00 
 8.65964323e+06  8.65964323e+06  0.00000000e+00 -5.80028835e+01  3.14078603e+00 
 8.91250938e+06  8.91250938e+06  0.00000000e+00 -5.80028836e+01  3.14076247e+00 
 9.17275935e+06  9.17275935e+06  0.00000000e+00 -5.80028838e+01  3.14073823e+00 
 9.44060876e+06  9.44060876e+06  0.00000000e+00 -5.80028839e+01  3.14071328e+00 
 9.71627952e+06  9.71627952e+06  0.00000000e+00 -5.80028840e+01  3.14068761e+00 
 1.00000000e+07  1.00000000e+07  0.00000000e+00 -5.80028842e+01  3.14066118e+00 
 1.02920053e+07  1.02920053e+07  0.00000000e+00 -5.80028843e+01  3.14063398e+00 
 1.05925373e+07  1.05925373e+07  0.00000000e+00 -5.80028845e+01  3.14060598e+00 
 1.09018449e+07  1.09018449e+07  0.00000000e+00 -5.80028847e+01  3.14057717e+00 
 1.12201845e+07  1.12201845e+07  0.00000000e+00 -5.80028849e+01  3.14054752e+00 
 1.15478198e+07  1.15478198e+07  0.00000000e+00 -5.80028851e+01  3.14051700e+00 
 1.18850223e+07  1.18850223e+07  0.00000000e+00 -5.80028853e+01  3.14048559e+00 
 1.22320712e+07  1.22320712e+07  0.00000000e+00 -5.80028855e+01  3.14045327e+00 
 1.25892541e+07  1.25892541e+07  0.00000000e+00 -5.80028858e+01  3.14041999e+00 
 1.29568670e+07  1.29568670e+07  0.00000000e+00 -5.80028860e+01  3.14038575e+00 
 1.33352143e+07  1.33352143e+07  0.00000000e+00 -5.80028863e+01  3.14035051e+00 
 1.37246096e+07  1.37246096e+07  0.00000000e+00 -5.80028866e+01  3.14031424e+00 
 1.41253754e+07  1.41253754e+07  0.00000000e+00 -5.80028869e+01  3.14027691e+00 
 1.45378439e+07  1.45378439e+07  0.00000000e+00 -5.80028872e+01  3.14023849e+00 
 1.49623566e+07  1.49623566e+07  0.00000000e+00 -5.80028875e+01  3.14019895e+00 
 1.53992653e+07  1.53992653e+07  0.00000000e+00 -5.80028879e+01  3.14015825e+00 
 1.58489319e+07  1.58489319e+07  0.00000000e+00 -5.80028883e+01  3.14011636e+00 
 1.63117291e+07  1.63117291e+07  0.00000000e+00 -5.80028887e+01  3.14007326e+00 
 1.67880402e+07  1.67880402e+07  0.00000000e+00 -5.80028891e+01  3.14002889e+00 
 1.72782598e+07  1.72782598e+07  0.00000000e+00 -5.80028895e+01  3.13998323e+00 
 1.77827941e+07  1.77827941e+07  0.00000000e+00 -5.80028900e+01  3.13993623e+00 
 1.83020611e+07  1.83020611e+07  0.00000000e+00 -5.80028905e+01  3.13988786e+00 
 1.88364909e+07  1.88364909e+07  0.00000000e+00 -5.80028910e+01  3.13983808e+00 
 1.93865264e+07  1.93865264e+07  0.00000000e+00 -5.80028916e+01  3.13978685e+00 
 1.99526231e+07  1.99526231e+07  0.00000000e+00 -5.80028922e+01  3.13973412e+00 
 2.05352503e+07  2.05352503e+07  0.00000000e+00 -5.80028928e+01  3.13967984e+00 
 2.11348904e+07  2.11348904e+07  0.00000000e+00 -5.80028935e+01  3.13962399e+00 
 2.17520403e+07  2.17520403e+07  0.00000000e+00 -5.80028942e+01  3.13956650e+00 
 2.23872114e+07  2.23872114e+07  0.00000000e+00 -5.80028950e+01  3.13950734e+00 
 2.30409298e+07  2.30409298e+07  0.00000000e+00 -5.80028958e+01  3.13944645e+00 
 2.37137371e+07  2.37137371e+07  0.00000000e+00 -5.80028966e+01  3.13938378e+00 
 2.44061907e+07  2.44061907e+07  0.00000000e+00 -5.80028975e+01  3.13931928e+00 
 2.51188643e+07  2.51188643e+07  0.00000000e+00 -5.80028985e+01  3.13925289e+00 
 2.58523484e+07  2.58523484e+07  0.00000000e+00 -5.80028995e+01  3.13918457e+00 
 2.66072506e+07  2.66072506e+07  0.00000000e+00 -5.80029006e+01  3.13911425e+00 
 2.73841963e+07  2.73841963e+07  0.00000000e+00 -5.80029017e+01  3.13904188e+00 
 2.81838293e+07  2.81838293e+07  0.00000000e+00 -5.80029029e+01  3.13896740e+00 
 2.90068120e+07  2.90068120e+07  0.00000000e+00 -5.80029041e+01  3.13889074e+00 
 2.98538262e+07  2.98538262e+07  0.00000000e+00 -5.80029055e+01  3.13881184e+00 
 3.07255737e+07  3.07255737e+07  0.00000000e+00 -5.80029069e+01  3.13873064e+00 
 3.16227766e+07  3.16227766e+07  0.00000000e+00 -5.80029084e+01  3.13864707e+00 
 3.25461783e+07  3.25461783e+07  0.00000000e+00 -5.80029100e+01  3.13856106e+00 
 3.34965439e+07  3.34965439e+07  0.00000000e+00 -5.80029117e+01  3.13847254e+00 
 3.44746607e+07  3.44746607e+07  0.00000000e+00 -5.80029135e+01  3.13838143e+00 
 3.54813389e+07  3.54813389e+07  0.00000000e+00 -5.80029154e+01  3.13828766e+00 
 3.65174127e+07  3.65174127e+07  0.00000000e+00 -5.80029174e+01  3.13819115e+00 
 3.75837404e+07  3.75837404e+07  0.00000000e+00 -5.80029195e+01  3.13809183e+00 
 3.86812055e+07  3.86812055e+07  0.00000000e+00 -5.80029218e+01  3.13798960e+00 
 3.98107171e+07  3.98107171e+07  0.00000000e+00 -5.80029242e+01  3.13788439e+00 
 4.09732110e+07  4.09732110e+07  0.00000000e+00 -5.80029267e+01  3.13777611e+00 
 4.21696503e+07  4.21696503e+07  0.00000000e+00 -5.80029294e+01  3.13766466e+00 
 4.34010264e+07  4.34010264e+07  0.00000000e+00 -5.80029322e+01  3.13754996e+00 
 4.46683592e+07  4.46683592e+07  0.00000000e+00 -5.80029352e+01  3.13743192e+00 
 4.59726989e+07  4.59726989e+07  0.00000000e+00 -5.80029384e+01  3.13731042e+00 
 4.73151259e+07  4.73151259e+07  0.00000000e+00 -5.80029418e+01  3.13718538e+00 
 4.86967525e+07  4.86967525e+07  0.00000000e+00 -5.80029454e+01  3.13705669e+00 
 5.01187234e+07  5.01187234e+07  0.00000000e+00 -5.80029491e+01  3.13692423e+00 
 5.15822165e+07  5.15822165e+07  0.00000000e+00 -5.80029531e+01  3.13678791e+00 
 5.30884444e+07  5.30884444e+07  0.00000000e+00 -5.80029574e+01  3.13664762e+00 
 5.46386550e+07  5.46386550e+07  0.00000000e+00 -5.80029619e+01  3.13650322e+00 
 5.62341325e+07  5.62341325e+07  0.00000000e+00 -5.80029667e+01  3.13635461e+00 
 5.78761988e+07  5.78761988e+07  0.00000000e+00 -5.80029717e+01  3.13620165e+00 
 5.95662144e+07  5.95662144e+07  0.00000000e+00 -5.80029770e+01  3.13604424e+00 
 6.13055792e+07  6.13055792e+07  0.00000000e+00 -5.80029827e+01  3.13588222e+00 
 6.30957344e+07  6.30957344e+07  0.00000000e+00 -5.80029887e+01  3.13571548e+00 
 6.49381632e+07  6.49381632e+07  0.00000000e+00 -5.80029951e+01  3.13554386e+00 
 6.68343918e+07  6.68343918e+07  0.00000000e+00 -5.80030018e+01  3.13536724e+00 
 6.87859912e+07  6.87859912e+07  0.00000000e+00 -5.80030089e+01  3.13518546e+00 
 7.07945784e+07  7.07945784e+07  0.00000000e+00 -5.80030165e+01  3.13499837e+00 
 7.28618175e+07  7.28618175e+07  0.00000000e+00 -5.80030245e+01  3.13480581e+00 
 7.49894209e+07  7.49894209e+07  0.00000000e+00 -5.80030329e+01  3.13460764e+00 
 7.71791516e+07  7.71791516e+07  0.00000000e+00 -5.80030419e+01  3.13440368e+00 
 7.94328235e+07  7.94328235e+07  0.00000000e+00 -5.80030514e+01  3.13419376e+00 
 8.17523038e+07  8.17523038e+07  0.00000000e+00 -5.80030615e+01  3.13397771e+00 
 8.41395142e+07  8.41395142e+07  0.00000000e+00 -5.80030722e+01  3.13375536e+00 
 8.65964323e+07  8.65964323e+07  0.00000000e+00 -5.80030835e+01  3.13352651e+00 
 8.91250938e+07  8.91250938e+07  0.00000000e+00 -5.80030954e+01  3.13329098e+00 
 9.17275935e+07  9.17275935e+07  0.00000000e+00 -5.80031081e+01  3.13304858e+00 
 9.44060876e+07  9.44060876e+07  0.00000000e+00 -5.80031215e+01  3.13279909e+00 
 9.71627952e+07  9.71627952e+07  0.00000000e+00 -5.80031357e+01  3.13254232e+00 
 1.00000000e+08  1.00000000e+08  0.00000000e+00 -5.80031508e+01  3.13227806e+00 
 1.02920053e+08  1.02920053e+08  0.00000000e+00 -5.80031668e+01  3.13200608e+00 
 1.05925373e+08  1.05925373e+08  0.00000000e+00 -5.80031837e+01  3.13172616e+00 
 1.09018449e+08  1.09018449e+08  0.00000000e+00 -5.80032016e+01  3.13143806e+00 
 1.12201845e+08  1.12201845e+08  0.00000000e+00 -5.80032205e+01  3.13114156e+00 
 1.15478198e+08  1.15478198e+08  0.00000000e+00 -5.80032406e+01  3.13083639e+00 
 1.18850223e+08  1.18850223e+08  0.00000000e+00 -5.80032619e+01  3.13052232e+00 
 1.22320712e+08  1.22320712e+08  0.00000000e+00 -5.80032844e+01  3.13019908e+00 
 1.25892541e+08  1.25892541e+08  0.00000000e+00 -5.80033083e+01  3.12986640e+00 
 1.29568670e+08  1.29568670e+08  0.00000000e+00 -5.80033336e+01  3.12952401e+00 
 1.33352143e+08  1.33352143e+08  0.00000000e+00 -5.80033604e+01  3.12917162e+00 
 1.37246096e+08  1.37246096e+08  0.00000000e+00 -5.80033888e+01  3.12880894e+00 
 1.41253754e+08  1.41253754e+08  0.00000000e+00 -5.80034188e+01  3.12843568e+00 
 1.45378439e+08  1.45378439e+08  0.00000000e+00 -5.80034507e+01  3.12805152e+00 
 1.49623566e+08  1.49623566e+08  0.00000000e+00 -5.80034844e+01  3.12765614e+00 
 1.53992653e+08  1.53992653e+08  0.00000000e+00 -5.80035201e+01  3.12724922e+00 
 1.58489319e+08  1.58489319e+08  0.00000000e+00 -5.80035580e+01  3.12683043e+00 
 1.63117291e+08  1.63117291e+08  0.00000000e+00 -5.80035980e+01  3.12639940e+00 
 1.67880402e+08  1.67880402e+08  0.00000000e+00 -5.80036405e+01  3.12595580e+00 
 1.72782598e+08  1.72782598e+08  0.00000000e+00 -5.80036855e+01  3.12549924e+00 
 1.77827941e+08  1.77827941e+08  0.00000000e+00 -5.80037331e+01  3.12502936e+00 
 1.83020611e+08  1.83020611e+08  0.00000000e+00 -5.80037836e+01  3.12454576e+00 
 1.88364909e+08  1.88364909e+08  0.00000000e+00 -5.80038370e+01  3.12404805e+00 
 1.93865264e+08  1.93865264e+08  0.00000000e+00 -5.80038936e+01  3.12353580e+00 
 1.99526231e+08  1.99526231e+08  0.00000000e+00 -5.80039536e+01  3.12300861e+00 
 2.05352503e+08  2.05352503e+08  0.00000000e+00 -5.80040171e+01  3.12246603e+00 
 2.11348904e+08  2.11348904e+08  0.00000000e+00 -5.80040844e+01  3.12190761e+00 
 2.17520403e+08  2.17520403e+08  0.00000000e+00 -5.80041556e+01  3.12133290e+00 
 2.23872114e+08  2.23872114e+08  0.00000000e+00 -5.80042311e+01  3.12074141e+00 
 2.30409298e+08  2.30409298e+08  0.00000000e+00 -5.80043111e+01  3.12013266e+00 
 2.37137371e+08  2.37137371e+08  0.00000000e+00 -5.80043958e+01  3.11950614e+00 
 2.44061907e+08  2.44061907e+08  0.00000000e+00 -5.80044855e+01  3.11886134e+00 
 2.51188643e+08  2.51188643e+08  0.00000000e+00 -5.80045805e+01  3.11819773e+00 
 2.58523484e+08  2.58523484e+08  0.00000000e+00 -5.80046812e+01  3.11751475e+00 
 2.66072506e+08  2.66072506e+08  0.00000000e+00 -5.80047878e+01  3.11681184e+00 
 2.73841963e+08  2.73841963e+08  0.00000000e+00 -5.80049007e+01  3.11608842e+00 
 2.81838293e+08  2.81838293e+08  0.00000000e+00 -5.80050203e+01  3.11534390e+00 
 2.90068120e+08  2.90068120e+08  0.00000000e+00 -5.80051470e+01  3.11457765e+00 
 2.98538262e+08  2.98538262e+08  0.00000000e+00 -5.80052812e+01  3.11378905e+00 
 3.07255737e+08  3.07255737e+08  0.00000000e+00 -5.80054234e+01  3.11297745e+00 
 3.16227766e+08  3.16227766e+08  0.00000000e+00 -5.80055739e+01  3.11214217e+00 
 3.25461783e+08  3.25461783e+08  0.00000000e+00 -5.80057334e+01  3.11128253e+00 
 3.34965439e+08  3.34965439e+08  0.00000000e+00 -5.80059023e+01  3.11039782e+00 
 3.44746607e+08  3.44746607e+08  0.00000000e+00 -5.80060813e+01  3.10948730e+00 
 3.54813389e+08  3.54813389e+08  0.00000000e+00 -5.80062708e+01  3.10855024e+00 
 3.65174127e+08  3.65174127e+08  0.00000000e+00 -5.80064715e+01  3.10758585e+00 
 3.75837404e+08  3.75837404e+08  0.00000000e+00 -5.80066841e+01  3.10659333e+00 
 3.86812055e+08  3.86812055e+08  0.00000000e+00 -5.80069094e+01  3.10557189e+00 
 3.98107171e+08  3.98107171e+08  0.00000000e+00 -5.80071479e+01  3.10452066e+00 
 4.09732110e+08  4.09732110e+08  0.00000000e+00 -5.80074006e+01  3.10343880e+00 
 4.21696503e+08  4.21696503e+08  0.00000000e+00 -5.80076682e+01  3.10232540e+00 
 4.34010264e+08  4.34010264e+08  0.00000000e+00 -5.80079516e+01  3.10117955e+00 
 4.46683592e+08  4.46683592e+08  0.00000000e+00 -5.80082519e+01  3.10000032e+00 
 4.59726989e+08  4.59726989e+08  0.00000000e+00 -5.80085698e+01  3.09878673e+00 
 4.73151259e+08  4.73151259e+08  0.00000000e+00 -5.80089067e+01  3.09753778e+00 
 4.86967525e+08  4.86967525e+08  0.00000000e+00 -5.80092634e+01  3.09625245e+00 
 5.01187234e+08  5.01187234e+08  0.00000000e+00 -5.80096412e+01  3.09492970e+00 
 5.15822165e+08  5.15822165e+08  0.00000000e+00 -5.80100414e+01  3.09356842e+00 
 5.30884444e+08  5.30884444e+08  0.00000000e+00 -5.80104653e+01  3.09216751e+00 
 5.46386550e+08  5.46386550e+08  0.00000000e+00 -5.80109142e+01  3.09072582e+00 
 5.62341325e+08  5.62341325e+08  0.00000000e+00 -5.80113897e+01  3.08924218e+00 
 5.78761988e+08  5.78761988e+08  0.00000000e+00 -5.80118933e+01  3.08771536e+00 
 5.95662144e+08  5.95662144e+08  0.00000000e+00 -5.80124266e+01  3.08614413e+00 
 6.13055792e+08  6.13055792e+08  0.00000000e+00 -5.80129915e+01  3.08452719e+00 
 6.30957344e+08  6.30957344e+08  0.00000000e+00 -5.80135898e+01  3.08286324e+00 
 6.49381632e+08  6.49381632e+08  0.00000000e+00 -5.80142234e+01  3.08115092e+00 
 6.68343918e+08  6.68343918e+08  0.00000000e+00 -5.80148945e+01  3.07938883e+00 
 6.87859912e+08  6.87859912e+08  0.00000000e+00 -5.80156052e+01  3.07757554e+00 
 7.07945784e+08  7.07945784e+08  0.00000000e+00 -5.80163579e+01  3.07570958e+00 
 7.28618175e+08  7.28618175e+08  0.00000000e+00 -5.80171551e+01  3.07378943e+00 
 7.49894209e+08  7.49894209e+08  0.00000000e+00 -5.80179993e+01  3.07181355e+00 
 7.71791516e+08  7.71791516e+08  0.00000000e+00 -5.80188933e+01  3.06978033e+00 
 7.94328235e+08  7.94328235e+08  0.00000000e+00 -5.80198401e+01  3.06768813e+00 
 8.17523038e+08  8.17523038e+08  0.00000000e+00 -5.80208428e+01  3.06553527e+00 
 8.41395142e+08  8.41395142e+08  0.00000000e+00 -5.80219046e+01  3.06332001e+00 
 8.65964323e+08  8.65964323e+08  0.00000000e+00 -5.80230290e+01  3.06104057e+00 
 8.91250938e+08  8.91250938e+08  0.00000000e+00 -5.80242198e+01  3.05869512e+00 
 9.17275935e+08  9.17275935e+08  0.00000000e+00 -5.80254807e+01  3.05628179e+00 
 9.44060876e+08  9.44060876e+08  0.00000000e+00 -5.80268159e+01  3.05379864e+00 
 9.71627952e+08  9.71627952e+08  0.00000000e+00 -5.80282297e+01  3.05124370e+00 
 1.00000000e+09  1.00000000e+09  0.00000000e+00 -5.80297268e+01  3.04861493e+00 
 1.02920053e+09  1.02920053e+09  0.00000000e+00 -5.80313120e+01  3.04591026e+00 
 1.05925373e+09  1.05925373e+09  0.00000000e+00 -5.80329904e+01  3.04312753e+00 
 1.09018449e+09  1.09018449e+09  0.00000000e+00 -5.80347676e+01  3.04026455e+00 
 1.12201845e+09  1.12201845e+09  0.00000000e+00 -5.80366492e+01  3.03731907e+00 
 1.15478198e+09  1.15478198e+09  0.00000000e+00 -5.80386414e+01  3.03428877e+00 
 1.18850223e+09  1.18850223e+09  0.00000000e+00 -5.80407506e+01  3.03117129e+00 
 1.22320712e+09  1.22320712e+09  0.00000000e+00 -5.80429835e+01  3.02796420e+00 
 1.25892541e+09  1.25892541e+09  0.00000000e+00 -5.80453475e+01  3.02466501e+00 
 1.29568670e+09  1.29568670e+09  0.00000000e+00 -5.80478500e+01  3.02127116e+00 
 1.33352143e+09  1.33352143e+09  0.00000000e+00 -5.80504992e+01  3.01778004e+00 
 1.37246096e+09  1.37246096e+09  0.00000000e+00 -5.80533035e+01  3.01418898e+00 
 1.41253754e+09  1.41253754e+09  0.00000000e+00 -5.80562718e+01  3.01049522e+00 
 1.45378439e+09  1.45378439e+09  0.00000000e+00 -5.80594137e+01  3.00669597e+00 
 1.49623566e+09  1.49623566e+09  0.00000000e+00 -5.80627392e+01  3.00278836e+00 
 1.53992653e+09  1.53992653e+09  0.00000000e+00 -5.80662587e+01  2.99876944e+00 
 1.58489319e+09  1.58489319e+09  0.00000000e+00 -5.80699835e+01  2.99463622e+00 
 1.63117291e+09  1.63117291e+09  0.00000000e+00 -5.80739254e+01  2.99038562e+00 
 1.67880402e+09  1.67880402e+09  0.00000000e+00 -5.80780967e+01  2.98601452e+00 
 1.72782598e+09  1.72782598e+09  0.00000000e+00 -5.80825105e+01  2.98151971e+00 
 1.77827941e+09  1.77827941e+09  0.00000000e+00 -5.80871807e+01  2.97689792e+00 
 1.83020611e+09  1.83020611e+09  0.00000000e+00 -5.80921219e+01  2.97214582e+00 
 1.88364909e+09  1.88364909e+09  0.00000000e+00 -5.80973493e+01  2.96726002e+00 
 1.93865264e+09  1.93865264e+09  0.00000000e+00 -5.81028793e+01  2.96223705e+00 
 1.99526231e+09  1.99526231e+09  0.00000000e+00 -5.81087287e+01  2.95707338e+00 
 2.05352503e+09  2.05352503e+09  0.00000000e+00 -5.81149158e+01  2.95176544e+00 
 2.11348904e+09  2.11348904e+09  0.00000000e+00 -5.81214592e+01  2.94630957e+00 
 2.17520403e+09  2.17520403e+09  0.00000000e+00 -5.81283790e+01  2.94070207e+00 
 2.23872114e+09  2.23872114e+09  0.00000000e+00 -5.81356962e+01  2.93493917e+00 
 2.30409298e+09  2.30409298e+09  0.00000000e+00 -5.81434327e+01  2.92901706e+00 
 2.37137371e+09  2.37137371e+09  0.00000000e+00 -5.81516117e+01  2.92293187e+00 
 2.44061907e+09  2.44061907e+09  0.00000000e+00 -5.81602576e+01  2.91667969e+00 
 2.51188643e+09  2.51188643e+09  0.00000000e+00 -5.81693960e+01  2.91025656e+00 
 2.58523484e+09  2.58523484e+09  0.00000000e+00 -5.81790537e+01  2.90365847e+00 
 2.66072506e+09  2.66072506e+09  0.00000000e+00 -5.81892589e+01  2.89688140e+00 
 2.73841963e+09  2.73841963e+09  0.00000000e+00 -5.82000412e+01  2.88992128e+00 
 2.81838293e+09  2.81838293e+09  0.00000000e+00 -5.82114315e+01  2.88277402e+00 
 2.90068120e+09  2.90068120e+09  0.00000000e+00 -5.82234623e+01  2.87543551e+00 
 2.98538262e+09  2.98538262e+09  0.00000000e+00 -5.82361675e+01  2.86790164e+00 
 3.07255737e+09  3.07255737e+09  0.00000000e+00 -5.82495827e+01  2.86016828e+00 
 3.16227766e+09  3.16227766e+09  0.00000000e+00 -5.82637451e+01  2.85223132e+00 
 3.25461783e+09  3.25461783e+09  0.00000000e+00 -5.82786934e+01  2.84408665e+00 
 3.34965439e+09  3.34965439e+09  0.00000000e+00 -5.82944682e+01  2.83573020e+00 
 3.44746607e+09  3.44746607e+09  0.00000000e+00 -5.83111116e+01  2.82715792e+00 
 3.54813389e+09  3.54813389e+09  0.00000000e+00 -5.83286678e+01  2.81836581e+00 
 3.65174127e+09  3.65174127e+09  0.00000000e+00 -5.83471824e+01  2.80934991e+00 
 3.75837404e+09  3.75837404e+09  0.00000000e+00 -5.83667030e+01  2.80010636e+00 
 3.86812055e+09  3.86812055e+09  0.00000000e+00 -5.83872792e+01  2.79063137e+00 
 3.98107171e+09  3.98107171e+09  0.00000000e+00 -5.84089623e+01  2.78092123e+00 
 4.09732110e+09  4.09732110e+09  0.00000000e+00 -5.84318054e+01  2.77097238e+00 
 4.21696503e+09  4.21696503e+09  0.00000000e+00 -5.84558635e+01  2.76078134e+00 
 4.34010264e+09  4.34010264e+09  0.00000000e+00 -5.84811936e+01  2.75034482e+00 
 4.46683592e+09  4.46683592e+09  0.00000000e+00 -5.85078542e+01  2.73965967e+00 
 4.59726989e+09  4.59726989e+09  0.00000000e+00 -5.85359059e+01  2.72872292e+00 
 4.73151259e+09  4.73151259e+09  0.00000000e+00 -5.85654109e+01  2.71753181e+00 
 4.86967525e+09  4.86967525e+09  0.00000000e+00 -5.85964331e+01  2.70608378e+00 
 5.01187234e+09  5.01187234e+09  0.00000000e+00 -5.86290379e+01  2.69437653e+00 
 5.15822165e+09  5.15822165e+09  0.00000000e+00 -5.86632925e+01  2.68240801e+00 
 5.30884444e+09  5.30884444e+09  0.00000000e+00 -5.86992652e+01  2.67017644e+00 
 5.46386550e+09  5.46386550e+09  0.00000000e+00 -5.87370258e+01  2.65768034e+00 
 5.62341325e+09  5.62341325e+09  0.00000000e+00 -5.87766451e+01  2.64491856e+00 
 5.78761988e+09  5.78761988e+09  0.00000000e+00 -5.88181951e+01  2.63189028e+00 
 5.95662144e+09  5.95662144e+09  0.00000000e+00 -5.88617485e+01  2.61859502e+00 
 6.13055792e+09  6.13055792e+09  0.00000000e+00 -5.89073785e+01  2.60503271e+00 
 6.30957344e+09  6.30957344e+09  0.00000000e+00 -5.89551590e+01  2.59120364e+00 
 6.49381632e+09  6.49381632e+09  0.00000000e+00 -5.90051639e+01  2.57710853e+00 
 6.68343918e+09  6.68343918e+09  0.00000000e+00 -5.90574669e+01  2.56274852e+00 
 6.87859912e+09  6.87859912e+09  0.00000000e+00 -5.91121417e+01  2.54812518e+00 
 7.07945784e+09  7.07945784e+09  0.00000000e+00 -5.91692609e+01  2.53324055e+00 
 7.28618175e+09  7.28618175e+09  0.00000000e+00 -5.92288965e+01  2.51809710e+00 
 7.49894209e+09  7.49894209e+09  0.00000000e+00 -5.92911191e+01  2.50269779e+00 
 7.71791516e+09  7.71791516e+09  0.00000000e+00 -5.93559976e+01  2.48704604e+00 
 7.94328235e+09  7.94328235e+09  0.00000000e+00 -5.94235991e+01  2.47114575e+00 
 8.17523038e+09  8.17523038e+09  0.00000000e+00 -5.94939883e+01  2.45500127e+00 
 8.41395142e+09  8.41395142e+09  0.00000000e+00 -5.95672269e+01  2.43861744e+00 
 8.65964323e+09  8.65964323e+09  0.00000000e+00 -5.96433741e+01  2.42199954e+00 
 8.91250938e+09  8.91250938e+09  0.00000000e+00 -5.97224850e+01  2.40515329e+00 
 9.17275935e+09  9.17275935e+09  0.00000000e+00 -5.98046114e+01  2.38808487e+00 
 9.44060876e+09  9.44060876e+09  0.00000000e+00 -5.98898006e+01  2.37080083e+00 
 9.71627952e+09  9.71627952e+09  0.00000000e+00 -5.99780954e+01  2.35330813e+00 
 1.00000000e+10  1.00000000e+10  0.00000000e+00 -6.00695337e+01  2.33561408e+00 
