 frequency       frequency       frequency       vdb(out)        vp(out)        
 1.00000000e+01  1.00000000e+01  0.00000000e+00 -2.25877438e+02  3.09936719e+00 
 1.02920053e+01  1.02920053e+01  0.00000000e+00 -2.25876979e+02  3.09813572e+00 
 1.05925373e+01  1.05925373e+01  0.00000000e+00 -2.25876494e+02  3.09686842e+00 
 1.09018449e+01  1.09018449e+01  0.00000000e+00 -2.25875979e+02  3.09556427e+00 
 1.12201845e+01  1.12201845e+01  0.00000000e+00 -2.25875435e+02  3.09422220e+00 
 1.15478198e+01  1.15478198e+01  0.00000000e+00 -2.25874858e+02  3.09284111e+00 
 1.18850223e+01  1.18850223e+01  0.00000000e+00 -2.25874247e+02  3.09141990e+00 
 1.22320712e+01  1.22320712e+01  0.00000000e+00 -2.25873599e+02  3.08995739e+00 
 1.25892541e+01  1.25892541e+01  0.00000000e+00 -2.25872914e+02  3.08845241e+00 
 1.29568670e+01  1.29568670e+01  0.00000000e+00 -2.25872188e+02  3.08690374e+00 
 1.33352143e+01  1.33352143e+01  0.00000000e+00 -2.25871419e+02  3.08531011e+00 
 1.37246096e+01  1.37246096e+01  0.00000000e+00 -2.25870605e+02  3.08367026e+00 
 1.41253754e+01  1.41253754e+01  0.00000000e+00 -2.25869743e+02  3.08198284e+00 
 1.45378439e+01  1.45378439e+01  0.00000000e+00 -2.25868829e+02  3.08024650e+00 
 1.49623566e+01  1.49623566e+01  0.00000000e+00 -2.25867862e+02  3.07845985e+00 
 1.53992653e+01  1.53992653e+01  0.00000000e+00 -2.25866838e+02  3.07662145e+00 
 1.58489319e+01  1.58489319e+01  0.00000000e+00 -2.25865753e+02  3.07472983e+00 
 1.63117291e+01  1.63117291e+01  0.00000000e+00 -2.25864605e+02  3.07278347e+00 
 1.67880402e+01  1.67880402e+01  0.00000000e+00 -2.25863389e+02  3.07078082e+00 
 1.72782598e+01  1.72782598e+01  0.00000000e+00 -2.25862101e+02  3.06872028e+00 
 1.77827941e+01  1.77827941e+01  0.00000000e+00 -2.25860737e+02  3.06660023e+00 
 1.83020611e+01  1.83020611e+01  0.00000000e+00 -2.25859292e+02  3.06441897e+00 
 1.88364909e+01  1.88364909e+01  0.00000000e+00 -2.25857763e+02  3.06217479e+00 
 1.93865264e+01  1.93865264e+01  0.00000000e+00 -2.25856144e+02  3.05986592e+00 
 1.99526231e+01  1.99526231e+01  0.00000000e+00 -2.25854429e+02  3.05749053e+00 
 2.05352503e+01  2.05352503e+01  0.00000000e+00 -2.25852613e+02  3.05504678e+00 
 2.11348904e+01  2.11348904e+01  0.00000000e+00 -2.25850691e+02  3.05253275e+00 
 2.17520403e+01  2.17520403e+01  0.00000000e+00 -2.25848656e+02  3.04994648e+00 
 2.23872114e+01  2.23872114e+01  0.00000000e+00 -2.25846501e+02  3.04728598e+00 
 2.30409298e+01  2.30409298e+01  0.00000000e+00 -2.25844220e+02  3.04454919e+00 
 2.37137371e+01  2.37137371e+01  0.00000000e+00 -2.25841805e+02  3.04173401e+00 
 2.44061907e+01  2.44061907e+01  0.00000000e+00 -2.25839248e+02  3.03883828e+00 
 2.51188643e+01  2.51188643e+01  0.00000000e+00 -2.25836541e+02  3.03585980e+00 
 2.58523484e+01  2.58523484e+01  0.00000000e+00 -2.25833676e+02  3.03279631e+00 
 2.66072506e+01  2.66072506e+01  0.00000000e+00 -2.25830643e+02  3.02964550e+00 
 2.73841963e+01  2.73841963e+01  0.00000000e+00 -2.25827433e+02  3.02640502e+00 
 2.81838293e+01  2.81838293e+01  0.00000000e+00 -2.25824035e+02  3.02307245e+00 
 2.90068120e+01  2.90068120e+01  0.00000000e+00 -2.25820438e+02  3.01964533e+00 
 2.98538262e+01  2.98538262e+01  0.00000000e+00 -2.25816632e+02  3.01612114e+00 
 3.07255737e+01  3.07255737e+01  0.00000000e+00 -2.25812604e+02  3.01249731e+00 
 3.16227766e+01  3.16227766e+01  0.00000000e+00 -2.25808341e+02  3.00877122e+00 
 3.25461783e+01  3.25461783e+01  0.00000000e+00 -2.25803830e+02  3.00494020e+00 
 3.34965439e+01  3.34965439e+01  0.00000000e+00 -2.25799057e+02  3.00100152e+00 
 3.44746607e+01  3.44746607e+01  0.00000000e+00 -2.25794007e+02  2.99695241e+00 
 3.54813389e+01  3.54813389e+01  0.00000000e+00 -2.25788664e+02  2.99279005e+00 
 3.65174127e+01  3.65174127e+01  0.00000000e+00 -2.25783012e+02  2.98851157e+00 
 3.75837404e+01  3.75837404e+01  0.00000000e+00 -2.25777033e+02  2.98411404e+00 
 3.86812055e+01  3.86812055e+01  0.00000000e+00 -2.25770708e+02  2.97959451e+00 
 3.98107171e+01  3.98107171e+01  0.00000000e+00 -2.25764019e+02  2.97494997e+00 
 4.09732110e+01  4.09732110e+01  0.00000000e+00 -2.25756944e+02  2.97017737e+00 
 4.21696503e+01  4.21696503e+01  0.00000000e+00 -2.25749463e+02  2.96527364e+00 
 4.34010264e+01  4.34010264e+01  0.00000000e+00 -2.25741553e+02  2.96023564e+00 
 4.46683592e+01  4.46683592e+01  0.00000000e+00 -2.25733189e+02  2.95506024e+00 
 4.59726989e+01  4.59726989e+01  0.00000000e+00 -2.25724348e+02  2.94974426e+00 
 4.73151259e+01  4.73151259e+01  0.00000000e+00 -2.25715002e+02  2.94428448e+00 
 4.86967525e+01  4.86967525e+01  0.00000000e+00 -2.25705124e+02  2.93867770e+00 
 5.01187234e+01  5.01187234e+01  0.00000000e+00 -2.25694686e+02  2.93292068e+00 
 5.15822165e+01  5.15822165e+01  0.00000000e+00 -2.25683656e+02  2.92701018e+00 
 5.30884444e+01  5.30884444e+01  0.00000000e+00 -2.25672003e+02  2.92094295e+00 
 5.46386550e+01  5.46386550e+01  0.00000000e+00 -2.25659694e+02  2.91471575e+00 
 5.62341325e+01  5.62341325e+01  0.00000000e+00 -2.25646694e+02  2.90832536e+00 
 5.78761988e+01  5.78761988e+01  0.00000000e+00 -2.25632965e+02  2.90176858e+00 
 5.95662144e+01  5.95662144e+01  0.00000000e+00 -2.25618470e+02  2.89504222e+00 
 6.13055792e+01  6.13055792e+01  0.00000000e+00 -2.25603168e+02  2.88814315e+00 
 6.30957344e+01  6.30957344e+01  0.00000000e+00 -2.25587019e+02  2.88106829e+00 
 6.49381632e+01  6.49381632e+01  0.00000000e+00 -2.25569978e+02  2.87381461e+00 
 6.68343918e+01  6.68343918e+01  0.00000000e+00 -2.25552000e+02  2.86637915e+00 
 6.87859912e+01  6.87859912e+01  0.00000000e+00 -2.25533037e+02  2.85875904e+00 
 7.07945784e+01  7.07945784e+01  0.00000000e+00 -2.25513041e+02  2.85095152e+00 
 7.28618175e+01  7.28618175e+01  0.00000000e+00 -2.25491960e+02  2.84295392e+00 
 7.49894209e+01  7.49894209e+01  0.00000000e+00 -2.25469740e+02  2.83476372e+00 
 7.71791516e+01  7.71791516e+01  0.00000000e+00 -2.25446328e+02  2.82637852e+00 
 7.94328235e+01  7.94328235e+01  0.00000000e+00 -2.25421665e+02  2.81779609e+00 
 8.17523038e+01  8.17523038e+01  0.00000000e+00 -2.25395692e+02  2.80901440e+00 
 8.41395142e+01  8.41395142e+01  0.00000000e+00 -2.25368349e+02  2.80003158e+00 
 8.65964323e+01  8.65964323e+01  0.00000000e+00 -2.25339572e+02  2.79084599e+00 
 8.91250938e+01  8.91250938e+01  0.00000000e+00 -2.25309297e+02  2.78145622e+00 
 9.17275935e+01  9.17275935e+01  0.00000000e+00 -2.25277456e+02  2.77186113e+00 
 9.44060876e+01  9.44060876e+01  0.00000000e+00 -2.25243981e+02  2.76205982e+00 
 9.71627952e+01  9.71627952e+01  0.00000000e+00 -2.25208802e+02  2.75205173e+00 
 1.00000000e+02  1.00000000e+02  0.00000000e+00 -2.25171847e+02  2.74183658e+00 
 1.02920053e+02  1.02920053e+02  0.00000000e+00 -2.25133042e+02  2.73141443e+00 
 1.05925373e+02  1.05925373e+02  0.00000000e+00 -2.25092312e+02  2.72078571e+00 
 1.09018449e+02  1.09018449e+02  0.00000000e+00 -2.25049581e+02  2.70995123e+00 
 1.12201845e+02  1.12201845e+02  0.00000000e+00 -2.25004772e+02  2.69891219e+00 
 1.15478198e+02  1.15478198e+02  0.00000000e+00 -2.24957808e+02  2.68767020e+00 
 1.18850223e+02  1.18850223e+02  0.00000000e+00 -2.24908608e+02  2.67622733e+00 
 1.22320712e+02  1.22320712e+02  0.00000000e+00 -2.24857093e+02  2.66458607e+00 
 1.25892541e+02  1.25892541e+02  0.00000000e+00 -2.24803184e+02  2.65274942e+00 
 1.29568670e+02  1.29568670e+02  0.00000000e+00 -2.24746802e+02  2.64072083e+00 
 1.33352143e+02  1.33352143e+02  0.00000000e+00 -2.24687867e+02  2.62850426e+00 
 1.37246096e+02  1.37246096e+02  0.00000000e+00 -2.24626299e+02  2.61610419e+00 
 1.41253754e+02  1.41253754e+02  0.00000000e+00 -2.24562022e+02  2.60352558e+00 
 1.45378439e+02  1.45378439e+02  0.00000000e+00 -2.24494957e+02  2.59077395e+00 
 1.49623566e+02  1.49623566e+02  0.00000000e+00 -2.24425031e+02  2.57785532e+00 
 1.53992653e+02  1.53992653e+02  0.00000000e+00 -2.24352169e+02  2.56477624e+00 
 1.58489319e+02  1.58489319e+02  0.00000000e+00 -2.24276300e+02  2.55154377e+00 
 1.63117291e+02  1.63117291e+02  0.00000000e+00 -2.24197355e+02  2.53816548e+00 
 1.67880402e+02  1.67880402e+02  0.00000000e+00 -2.24115269e+02  2.52464944e+00 
 1.72782598e+02  1.72782598e+02  0.00000000e+00 -2.24029978e+02  2.51100422e+00 
 1.77827941e+02  1.77827941e+02  0.00000000e+00 -2.23941423e+02  2.49723882e+00 
 1.83020611e+02  1.83020611e+02  0.00000000e+00 -2.23849551e+02  2.48336272e+00 
 1.88364909e+02  1.88364909e+02  0.00000000e+00 -2.23754308e+02  2.46938578e+00 
 1.93865264e+02  1.93865264e+02  0.00000000e+00 -2.23655649e+02  2.45531827e+00 
 1.99526231e+02  1.99526231e+02  0.00000000e+00 -2.23553533e+02  2.44117081e+00 
 2.05352503e+02  2.05352503e+02  0.00000000e+00 -2.23447922e+02  2.42695432e+00 
 2.11348904e+02  2.11348904e+02  0.00000000e+00 -2.23338785e+02  2.41268002e+00 
 2.17520403e+02  2.17520403e+02  0.00000000e+00 -2.23226097e+02  2.39835933e+00 
 2.23872114e+02  2.23872114e+02  0.00000000e+00 -2.23109837e+02  2.38400389e+00 
 2.30409298e+02  2.30409298e+02  0.00000000e+00 -2.22989991e+02  2.36962546e+00 
 2.37137371e+02  2.37137371e+02  0.00000000e+00 -2.22866550e+02  2.35523592e+00 
 2.44061907e+02  2.44061907e+02  0.00000000e+00 -2.22739512e+02  2.34084718e+00 
 2.51188643e+02  2.51188643e+02  0.00000000e+00 -2.22608879e+02  2.32647113e+00 
 2.58523484e+02  2.58523484e+02  0.00000000e+00 -2.22474663e+02  2.31211964e+00 
 2.66072506e+02  2.66072506e+02  0.00000000e+00 -2.22336877e+02  2.29780447e+00 
 2.73841963e+02  2.73841963e+02  0.00000000e+00 -2.22195542e+02  2.28353720e+00 
 2.81838293e+02  2.81838293e+02  0.00000000e+00 -2.22050685e+02  2.26932927e+00 
 2.90068120e+02  2.90068120e+02  0.00000000e+00 -2.21902339e+02  2.25519184e+00 
 2.98538262e+02  2.98538262e+02  0.00000000e+00 -2.21750540e+02  2.24113579e+00 
 3.07255737e+02  3.07255737e+02  0.00000000e+00 -2.21595331e+02  2.22717170e+00 
 3.16227766e+02  3.16227766e+02  0.00000000e+00 -2.21436759e+02  2.21330978e+00 
 3.25461783e+02  3.25461783e+02  0.00000000e+00 -2.21274875e+02  2.19955986e+00 
 3.34965439e+02  3.34965439e+02  0.00000000e+00 -2.21109735e+02  2.18593133e+00 
 3.44746607e+02  3.44746607e+02  0.00000000e+00 -2.20941400e+02  2.17243316e+00 
 3.54813389e+02  3.54813389e+02  0.00000000e+00 -2.20769931e+02  2.15907384e+00 
 3.65174127e+02  3.65174127e+02  0.00000000e+00 -2.20595395e+02  2.14586138e+00 
 3.75837404e+02  3.75837404e+02  0.00000000e+00 -2.20417862e+02  2.13280327e+00 
 3.86812055e+02  3.86812055e+02  0.00000000e+00 -2.20237403e+02  2.11990652e+00 
 3.98107171e+02  3.98107171e+02  0.00000000e+00 -2.20054092e+02  2.10717761e+00 
 4.09732110e+02  4.09732110e+02  0.00000000e+00 -2.19868004e+02  2.09462248e+00 
 4.21696503e+02  4.21696503e+02  0.00000000e+00 -2.19679216e+02  2.08224657e+00 
 4.34010264e+02  4.34010264e+02  0.00000000e+00 -2.19487807e+02  2.07005480e+00 
 4.46683592e+02  4.46683592e+02  0.00000000e+00 -2.19293855e+02  2.05805156e+00 
 4.59726989e+02  4.59726989e+02  0.00000000e+00 -2.19097440e+02  2.04624075e+00 
 4.73151259e+02  4.73151259e+02  0.00000000e+00 -2.18898642e+02  2.03462576e+00 
 4.86967525e+02  4.86967525e+02  0.00000000e+00 -2.18697539e+02  2.02320951e+00 
 5.01187234e+02  5.01187234e+02  0.00000000e+00 -2.18494213e+02  2.01199445e+00 
 5.15822165e+02  5.15822165e+02  0.00000000e+00 -2.18288740e+02  2.00098257e+00 
 5.30884444e+02  5.30884444e+02  0.00000000e+00 -2.18081200e+02  1.99017544e+00 
 5.46386550e+02  5.46386550e+02  0.00000000e+00 -2.17871669e+02  1.97957420e+00 
 5.62341325e+02  5.62341325e+02  0.00000000e+00 -2.17660223e+02  1.96917961e+00 
 5.78761988e+02  5.78761988e+02  0.00000000e+00 -2.17446938e+02  1.95899205e+00 
 5.95662144e+02  5.95662144e+02  0.00000000e+00 -2.17231886e+02  1.94901152e+00 
 6.13055792e+02  6.13055792e+02  0.00000000e+00 -2.17015139e+02  1.93923773e+00 
 6.30957344e+02  6.30957344e+02  0.00000000e+00 -2.16796767e+02  1.92967005e+00 
 6.49381632e+02  6.49381632e+02  0.00000000e+00 -2.16576839e+02  1.92030755e+00 
 6.68343918e+02  6.68343918e+02  0.00000000e+00 -2.16355421e+02  1.91114906e+00 
 6.87859912e+02  6.87859912e+02  0.00000000e+00 -2.16132578e+02  1.90219313e+00 
 7.07945784e+02  7.07945784e+02  0.00000000e+00 -2.15908373e+02  1.89343809e+00 
 7.28618175e+02  7.28618175e+02  0.00000000e+00 -2.15682866e+02  1.88488206e+00 
 7.49894209e+02  7.49894209e+02  0.00000000e+00 -2.15456116e+02  1.87652297e+00 
 7.71791516e+02  7.71791516e+02  0.00000000e+00 -2.15228181e+02  1.86835856e+00 
 7.94328235e+02  7.94328235e+02  0.00000000e+00 -2.14999114e+02  1.86038643e+00 
 8.17523038e+02  8.17523038e+02  0.00000000e+00 -2.14768970e+02  1.85260403e+00 
 8.41395142e+02  8.41395142e+02  0.00000000e+00 -2.14537799e+02  1.84500869e+00 
 8.65964323e+02  8.65964323e+02  0.00000000e+00 -2.14305649e+02  1.83759761e+00 
 8.91250938e+02  8.91250938e+02  0.00000000e+00 -2.14072569e+02  1.83036792e+00 
 9.17275935e+02  9.17275935e+02  0.00000000e+00 -2.13838603e+02  1.82331665e+00 
 9.44060876e+02  9.44060876e+02  0.00000000e+00 -2.13603795e+02  1.81644077e+00 
 9.71627952e+02  9.71627952e+02  0.00000000e+00 -2.13368185e+02  1.80973719e+00 
 1.00000000e+03  1.00000000e+03  0.00000000e+00 -2.13131815e+02  1.80320275e+00 
 1.02920053e+03  1.02920053e+03  0.00000000e+00 -2.12894721e+02  1.79683429e+00 
 1.05925373e+03  1.05925373e+03  0.00000000e+00 -2.12656941e+02  1.79062858e+00 
 1.09018449e+03  1.09018449e+03  0.00000000e+00 -2.12418509e+02  1.78458242e+00 
 1.12201845e+03  1.12201845e+03  0.00000000e+00 -2.12179458e+02  1.77869254e+00 
 1.15478198e+03  1.15478198e+03  0.00000000e+00 -2.11939820e+02  1.77295572e+00 
 1.18850223e+03  1.18850223e+03  0.00000000e+00 -2.11699625e+02  1.76736871e+00 
 1.22320712e+03  1.22320712e+03  0.00000000e+00 -2.11458902e+02  1.76192828e+00 
 1.25892541e+03  1.25892541e+03  0.00000000e+00 -2.11217679e+02  1.75663120e+00 
 1.29568670e+03  1.29568670e+03  0.00000000e+00 -2.10975980e+02  1.75147429e+00 
 1.33352143e+03  1.33352143e+03  0.00000000e+00 -2.10733832e+02  1.74645436e+00 
 1.37246096e+03  1.37246096e+03  0.00000000e+00 -2.10491258e+02  1.74156827e+00 
 1.41253754e+03  1.41253754e+03  0.00000000e+00 -2.10248280e+02  1.73681291e+00 
 1.45378439e+03  1.45378439e+03  0.00000000e+00 -2.10004919e+02  1.73218520e+00 
 1.49623566e+03  1.49623566e+03  0.00000000e+00 -2.09761197e+02  1.72768209e+00 
 1.53992653e+03  1.53992653e+03  0.00000000e+00 -2.09517131e+02  1.72330059e+00 
 1.58489319e+03  1.58489319e+03  0.00000000e+00 -2.09272742e+02  1.71903774e+00 
 1.63117291e+03  1.63117291e+03  0.00000000e+00 -2.09028045e+02  1.71489063e+00 
 1.67880402e+03  1.67880402e+03  0.00000000e+00 -2.08783057e+02  1.71085639e+00 
 1.72782598e+03  1.72782598e+03  0.00000000e+00 -2.08537794e+02  1.70693221e+00 
 1.77827941e+03  1.77827941e+03  0.00000000e+00 -2.08292271e+02  1.70311533e+00 
 1.83020611e+03  1.83020611e+03  0.00000000e+00 -2.08046502e+02  1.69940301e+00 
 1.88364909e+03  1.88364909e+03  0.00000000e+00 -2.07800500e+02  1.69579260e+00 
 1.93865264e+03  1.93865264e+03  0.00000000e+00 -2.07554277e+02  1.69228149e+00 
 1.99526231e+03  1.99526231e+03  0.00000000e+00 -2.07307847e+02  1.68886711e+00 
 2.05352503e+03  2.05352503e+03  0.00000000e+00 -2.07061219e+02  1.68554695e+00 
 2.11348904e+03  2.11348904e+03  0.00000000e+00 -2.06814405e+02  1.68231855e+00 
 2.17520403e+03  2.17520403e+03  0.00000000e+00 -2.06567415e+02  1.67917951e+00 
 2.23872114e+03  2.23872114e+03  0.00000000e+00 -2.06320259e+02  1.67612747e+00 
 2.30409298e+03  2.30409298e+03  0.00000000e+00 -2.06072945e+02  1.67316014e+00 
 2.37137371e+03  2.37137371e+03  0.00000000e+00 -2.05825483e+02  1.67027526e+00 
 2.44061907e+03  2.44061907e+03  0.00000000e+00 -2.05577879e+02  1.66747064e+00 
 2.51188643e+03  2.51188643e+03  0.00000000e+00 -2.05330144e+02  1.66474413e+00 
 2.58523484e+03  2.58523484e+03  0.00000000e+00 -2.05082282e+02  1.66209364e+00 
 2.66072506e+03  2.66072506e+03  0.00000000e+00 -2.04834302e+02  1.65951711e+00 
 2.73841963e+03  2.73841963e+03  0.00000000e+00 -2.04586209e+02  1.65701255e+00 
 2.81838293e+03  2.81838293e+03  0.00000000e+00 -2.04338011e+02  1.65457801e+00 
 2.90068120e+03  2.90068120e+03  0.00000000e+00 -2.04089713e+02  1.65221159e+00 
 2.98538262e+03  2.98538262e+03  0.00000000e+00 -2.03841320e+02  1.64991143e+00 
 3.07255737e+03  3.07255737e+03  0.00000000e+00 -2.03592838e+02  1.64767573e+00 
 3.16227766e+03  3.16227766e+03  0.00000000e+00 -2.03344271e+02  1.64550272e+00 
 3.25461783e+03  3.25461783e+03  0.00000000e+00 -2.03095625e+02  1.64339069e+00 
 3.34965439e+03  3.34965439e+03  0.00000000e+00 -2.02846903e+02  1.64133796e+00 
 3.44746607e+03  3.44746607e+03  0.00000000e+00 -2.02598110e+02  1.63934289e+00 
 3.54813389e+03  3.54813389e+03  0.00000000e+00 -2.02349250e+02  1.63740391e+00 
 3.65174127e+03  3.65174127e+03  0.00000000e+00 -2.02100326e+02  1.63551946e+00 
 3.75837404e+03  3.75837404e+03  0.00000000e+00 -2.01851342e+02  1.63368803e+00 
 3.86812055e+03  3.86812055e+03  0.00000000e+00 -2.01602302e+02  1.63190816e+00 
 3.98107171e+03  3.98107171e+03  0.00000000e+00 -2.01353208e+02  1.63017842e+00 
 4.09732110e+03  4.09732110e+03  0.00000000e+00 -2.01104064e+02  1.62849741e+00 
 4.21696503e+03  4.21696503e+03  0.00000000e+00 -2.00854872e+02  1.62686378e+00 
 4.34010264e+03  4.34010264e+03  0.00000000e+00 -2.00605635e+02  1.62527622e+00 
 4.46683592e+03  4.46683592e+03  0.00000000e+00 -2.00356356e+02  1.62373343e+00 
 4.59726989e+03  4.59726989e+03  0.00000000e+00 -2.00107036e+02  1.62223417e+00 
 4.73151259e+03  4.73151259e+03  0.00000000e+00 -1.99857678e+02  1.62077723e+00 
 4.86967525e+03  4.86967525e+03  0.00000000e+00 -1.99608285e+02  1.61936142e+00 
 5.01187234e+03  5.01187234e+03  0.00000000e+00 -1.99358857e+02  1.61798560e+00 
 5.15822165e+03  5.15822165e+03  0.00000000e+00 -1.99109398e+02  1.61664863e+00 
 5.30884444e+03  5.30884444e+03  0.00000000e+00 -1.98859908e+02  1.61534945e+00 
 5.46386550e+03  5.46386550e+03  0.00000000e+00 -1.98610390e+02  1.61408697e+00 
 5.62341325e+03  5.62341325e+03  0.00000000e+00 -1.98360845e+02  1.61286019e+00 
 5.78761988e+03  5.78761988e+03  0.00000000e+00 -1.98111275e+02  1.61166809e+00 
 5.95662144e+03  5.95662144e+03  0.00000000e+00 -1.97861680e+02  1.61050970e+00 
 6.13055792e+03  6.13055792e+03  0.00000000e+00 -1.97612063e+02  1.60938407e+00 
 6.30957344e+03  6.30957344e+03  0.00000000e+00 -1.97362425e+02  1.60829028e+00 
 6.49381632e+03  6.49381632e+03  0.00000000e+00 -1.97112766e+02  1.60722745e+00 
 6.68343918e+03  6.68343918e+03  0.00000000e+00 -1.96863089e+02  1.60619468e+00 
 6.87859912e+03  6.87859912e+03  0.00000000e+00 -1.96613393e+02  1.60519115e+00 
 7.07945784e+03  7.07945784e+03  0.00000000e+00 -1.96363680e+02  1.60421602e+00 
 7.28618175e+03  7.28618175e+03  0.00000000e+00 -1.96113952e+02  1.60326850e+00 
 7.49894209e+03  7.49894209e+03  0.00000000e+00 -1.95864208e+02  1.60234780e+00 
 7.71791516e+03  7.71791516e+03  0.00000000e+00 -1.95614449e+02  1.60145318e+00 
 7.94328235e+03  7.94328235e+03  0.00000000e+00 -1.95364678e+02  1.60058388e+00 
 8.17523038e+03  8.17523038e+03  0.00000000e+00 -1.95114893e+02  1.59973921e+00 
 8.41395142e+03  8.41395142e+03  0.00000000e+00 -1.94865097e+02  1.59891847e+00 
 8.65964323e+03  8.65964323e+03  0.00000000e+00 -1.94615289e+02  1.59812097e+00 
 8.91250938e+03  8.91250938e+03  0.00000000e+00 -1.94365470e+02  1.59734607e+00 
 9.17275935e+03  9.17275935e+03  0.00000000e+00 -1.94115641e+02  1.59659312e+00 
 9.44060876e+03  9.44060876e+03  0.00000000e+00 -1.93865803e+02  1.59586150e+00 
 9.71627952e+03  9.71627952e+03  0.00000000e+00 -1.93615956e+02  1.59515062e+00 
 1.00000000e+04  1.00000000e+04  0.00000000e+00 -1.93366100e+02  1.59445988e+00 
 1.02920053e+04  1.02920053e+04  0.00000000e+00 -1.93116236e+02  1.59378872e+00 
 1.05925373e+04  1.05925373e+04  0.00000000e+00 -1.92866364e+02  1.59313657e+00 
 1.09018449e+04  1.09018449e+04  0.00000000e+00 -1.92616485e+02  1.59250292e+00 
 1.12201845e+04  1.12201845e+04  0.00000000e+00 -1.92366600e+02  1.59188722e+00 
 1.15478198e+04  1.15478198e+04  0.00000000e+00 -1.92116708e+02  1.59128898e+00 
 1.18850223e+04  1.18850223e+04  0.00000000e+00 -1.91866810e+02  1.59070769e+00 
 1.22320712e+04  1.22320712e+04  0.00000000e+00 -1.91616906e+02  1.59014288e+00 
 1.25892541e+04  1.25892541e+04  0.00000000e+00 -1.91366997e+02  1.58959409e+00 
 1.29568670e+04  1.29568670e+04  0.00000000e+00 -1.91117083e+02  1.58906085e+00 
 1.33352143e+04  1.33352143e+04  0.00000000e+00 -1.90867164e+02  1.58854273e+00 
 1.37246096e+04  1.37246096e+04  0.00000000e+00 -1.90617240e+02  1.58803931e+00 
 1.41253754e+04  1.41253754e+04  0.00000000e+00 -1.90367313e+02  1.58755015e+00 
 1.45378439e+04  1.45378439e+04  0.00000000e+00 -1.90117381e+02  1.58707487e+00 
 1.49623566e+04  1.49623566e+04  0.00000000e+00 -1.89867445e+02  1.58661306e+00 
 1.53992653e+04  1.53992653e+04  0.00000000e+00 -1.89617506e+02  1.58616435e+00 
 1.58489319e+04  1.58489319e+04  0.00000000e+00 -1.89367563e+02  1.58572836e+00 
 1.63117291e+04  1.63117291e+04  0.00000000e+00 -1.89117618e+02  1.58530474e+00 
 1.67880402e+04  1.67880402e+04  0.00000000e+00 -1.88867669e+02  1.58489313e+00 
 1.72782598e+04  1.72782598e+04  0.00000000e+00 -1.88617717e+02  1.58449319e+00 
 1.77827941e+04  1.77827941e+04  0.00000000e+00 -1.88367762e+02  1.58410460e+00 
 1.83020611e+04  1.83020611e+04  0.00000000e+00 -1.88117806e+02  1.58372702e+00 
 1.88364909e+04  1.88364909e+04  0.00000000e+00 -1.87867846e+02  1.58336015e+00 
 1.93865264e+04  1.93865264e+04  0.00000000e+00 -1.87617884e+02  1.58300369e+00 
 1.99526231e+04  1.99526231e+04  0.00000000e+00 -1.87367921e+02  1.58265734e+00 
 2.05352503e+04  2.05352503e+04  0.00000000e+00 -1.87117955e+02  1.58232080e+00 
 2.11348904e+04  2.11348904e+04  0.00000000e+00 -1.86867987e+02  1.58199382e+00 
 2.17520403e+04  2.17520403e+04  0.00000000e+00 -1.86618018e+02  1.58167611e+00 
 2.23872114e+04  2.23872114e+04  0.00000000e+00 -1.86368046e+02  1.58136740e+00 
 2.30409298e+04  2.30409298e+04  0.00000000e+00 -1.86118074e+02  1.58106746e+00 
 2.37137371e+04  2.37137371e+04  0.00000000e+00 -1.85868099e+02  1.58077602e+00 
 2.44061907e+04  2.44061907e+04  0.00000000e+00 -1.85618123e+02  1.58049284e+00 
 2.51188643e+04  2.51188643e+04  0.00000000e+00 -1.85368146e+02  1.58021770e+00 
 2.58523484e+04  2.58523484e+04  0.00000000e+00 -1.85118168e+02  1.57995036e+00 
 2.66072506e+04  2.66072506e+04  0.00000000e+00 -1.84868188e+02  1.57969061e+00 
 2.73841963e+04  2.73841963e+04  0.00000000e+00 -1.84618207e+02  1.57943822e+00 
 2.81838293e+04  2.81838293e+04  0.00000000e+00 -1.84368225e+02  1.57919299e+00 
 2.90068120e+04  2.90068120e+04  0.00000000e+00 -1.84118243e+02  1.57895471e+00 
 2.98538262e+04  2.98538262e+04  0.00000000e+00 -1.83868259e+02  1.57872319e+00 
 3.07255737e+04  3.07255737e+04  0.00000000e+00 -1.83618274e+02  1.57849824e+00 
 3.16227766e+04  3.16227766e+04  0.00000000e+00 -1.83368288e+02  1.57827967e+00 
 3.25461783e+04  3.25461783e+04  0.00000000e+00 -1.83118302e+02  1.57806729e+00 
 3.34965439e+04  3.34965439e+04  0.00000000e+00 -1.82868315e+02  1.57786094e+00 
 3.44746607e+04  3.44746607e+04  0.00000000e+00 -1.82618327e+02  1.57766044e+00 
 3.54813389e+04  3.54813389e+04  0.00000000e+00 -1.82368339e+02  1.57746563e+00 
 3.65174127e+04  3.65174127e+04  0.00000000e+00 -1.82118349e+02  1.57727634e+00 
 3.75837404e+04  3.75837404e+04  0.00000000e+00 -1.81868360e+02  1.57709243e+00 
 3.86812055e+04  3.86812055e+04  0.00000000e+00 -1.81618369e+02  1.57691372e+00 
 3.98107171e+04  3.98107171e+04  0.00000000e+00 -1.81368378e+02  1.57674008e+00 
 4.09732110e+04  4.09732110e+04  0.00000000e+00 -1.81118387e+02  1.57657137e+00 
 4.21696503e+04  4.21696503e+04  0.00000000e+00 -1.80868395e+02  1.57640744e+00 
 4.34010264e+04  4.34010264e+04  0.00000000e+00 -1.80618403e+02  1.57624816e+00 
 4.46683592e+04  4.46683592e+04  0.00000000e+00 -1.80368410e+02  1.57609340e+00 
 4.59726989e+04  4.59726989e+04  0.00000000e+00 -1.80118417e+02  1.57594302e+00 
 4.73151259e+04  4.73151259e+04  0.00000000e+00 -1.79868423e+02  1.57579691e+00 
 4.86967525e+04  4.86967525e+04  0.00000000e+00 -1.79618429e+02  1.57565494e+00 
 5.01187234e+04  5.01187234e+04  0.00000000e+00 -1.79368435e+02  1.57551700e+00 
 5.15822165e+04  5.15822165e+04  0.00000000e+00 -1.79118440e+02  1.57538297e+00 
 5.30884444e+04  5.30884444e+04  0.00000000e+00 -1.78868445e+02  1.57525273e+00 
 5.46386550e+04  5.46386550e+04  0.00000000e+00 -1.78618450e+02  1.57512619e+00 
 5.62341325e+04  5.62341325e+04  0.00000000e+00 -1.78368455e+02  1.57500323e+00 
 5.78761988e+04  5.78761988e+04  0.00000000e+00 -1.78118459e+02  1.57488376e+00 
 5.95662144e+04  5.95662144e+04  0.00000000e+00 -1.77868463e+02  1.57476768e+00 
 6.13055792e+04  6.13055792e+04  0.00000000e+00 -1.77618467e+02  1.57465489e+00 
 6.30957344e+04  6.30957344e+04  0.00000000e+00 -1.77368471e+02  1.57454529e+00 
 6.49381632e+04  6.49381632e+04  0.00000000e+00 -1.77118474e+02  1.57443880e+00 
 6.68343918e+04  6.68343918e+04  0.00000000e+00 -1.76868477e+02  1.57433533e+00 
 6.87859912e+04  6.87859912e+04  0.00000000e+00 -1.76618480e+02  1.57423478e+00 
 7.07945784e+04  7.07945784e+04  0.00000000e+00 -1.76368483e+02  1.57413709e+00 
 7.28618175e+04  7.28618175e+04  0.00000000e+00 -1.76118486e+02  1.57404217e+00 
 7.49894209e+04  7.49894209e+04  0.00000000e+00 -1.75868489e+02  1.57394993e+00 
 7.71791516e+04  7.71791516e+04  0.00000000e+00 -1.75618491e+02  1.57386031e+00 
 7.94328235e+04  7.94328235e+04  0.00000000e+00 -1.75368493e+02  1.57377322e+00 
 8.17523038e+04  8.17523038e+04  0.00000000e+00 -1.75118495e+02  1.57368860e+00 
 8.41395142e+04  8.41395142e+04  0.00000000e+00 -1.74868497e+02  1.57360638e+00 
 8.65964323e+04  8.65964323e+04  0.00000000e+00 -1.74618499e+02  1.57352648e+00 
 8.91250938e+04  8.91250938e+04  0.00000000e+00 -1.74368501e+02  1.57344885e+00 
 9.17275935e+04  9.17275935e+04  0.00000000e+00 -1.74118503e+02  1.57337341e+00 
 9.44060876e+04  9.44060876e+04  0.00000000e+00 -1.73868504e+02  1.57330011e+00 
 9.71627952e+04  9.71627952e+04  0.00000000e+00 -1.73618506e+02  1.57322889e+00 
 1.00000000e+05  1.00000000e+05  0.00000000e+00 -1.73368507e+02  1.57315968e+00 
 1.02920053e+05  1.02920053e+05  0.00000000e+00 -1.73118509e+02  1.57309242e+00 
 1.05925373e+05  1.05925373e+05  0.00000000e+00 -1.72868510e+02  1.57302707e+00 
 1.09018449e+05  1.09018449e+05  0.00000000e+00 -1.72618511e+02  1.57296357e+00 
 1.12201845e+05  1.12201845e+05  0.00000000e+00 -1.72368512e+02  1.57290186e+00 
 1.15478198e+05  1.15478198e+05  0.00000000e+00 -1.72118514e+02  1.57284190e+00 
 1.18850223e+05  1.18850223e+05  0.00000000e+00 -1.71868515e+02  1.57278363e+00 
 1.22320712e+05  1.22320712e+05  0.00000000e+00 -1.71618516e+02  1.57272701e+00 
 1.25892541e+05  1.25892541e+05  0.00000000e+00 -1.71368516e+02  1.57267199e+00 
 1.29568670e+05  1.29568670e+05  0.00000000e+00 -1.71118517e+02  1.57261852e+00 
 1.33352143e+05  1.33352143e+05  0.00000000e+00 -1.70868518e+02  1.57256656e+00 
 1.37246096e+05  1.37246096e+05  0.00000000e+00 -1.70618519e+02  1.57251607e+00 
 1.41253754e+05  1.41253754e+05  0.00000000e+00 -1.70368520e+02  1.57246700e+00 
 1.45378439e+05  1.45378439e+05  0.00000000e+00 -1.70118520e+02  1.57241932e+00 
 1.49623566e+05  1.49623566e+05  0.00000000e+00 -1.69868521e+02  1.57237298e+00 
 1.53992653e+05  1.53992653e+05  0.00000000e+00 -1.69618522e+02  1.57232795e+00 
 1.58489319e+05  1.58489319e+05  0.00000000e+00 -1.69368522e+02  1.57228418e+00 
 1.63117291e+05  1.63117291e+05  0.00000000e+00 -1.69118523e+02  1.57224165e+00 
 1.67880402e+05  1.67880402e+05  0.00000000e+00 -1.68868523e+02  1.57220032e+00 
 1.72782598e+05  1.72782598e+05  0.00000000e+00 -1.68618524e+02  1.57216015e+00 
 1.77827941e+05  1.77827941e+05  0.00000000e+00 -1.68368524e+02  1.57212111e+00 
 1.83020611e+05  1.83020611e+05  0.00000000e+00 -1.68118525e+02  1.57208316e+00 
 1.88364909e+05  1.88364909e+05  0.00000000e+00 -1.67868525e+02  1.57204629e+00 
 1.93865264e+05  1.93865264e+05  0.00000000e+00 -1.67618525e+02  1.57201045e+00 
 1.99526231e+05  1.99526231e+05  0.00000000e+00 -1.67368526e+02  1.57197561e+00 
 2.05352503e+05  2.05352503e+05  0.00000000e+00 -1.67118526e+02  1.57194175e+00 
 2.11348904e+05  2.11348904e+05  0.00000000e+00 -1.66868526e+02  1.57190884e+00 
 2.17520403e+05  2.17520403e+05  0.00000000e+00 -1.66618527e+02  1.57187686e+00 
 2.23872114e+05  2.23872114e+05  0.00000000e+00 -1.66368527e+02  1.57184576e+00 
 2.30409298e+05  2.30409298e+05  0.00000000e+00 -1.66118527e+02  1.57181554e+00 
 2.37137371e+05  2.37137371e+05  0.00000000e+00 -1.65868527e+02  1.57178616e+00 
 2.44061907e+05  2.44061907e+05  0.00000000e+00 -1.65618528e+02  1.57175760e+00 
 2.51188643e+05  2.51188643e+05  0.00000000e+00 -1.65368528e+02  1.57172984e+00 
 2.58523484e+05  2.58523484e+05  0.00000000e+00 -1.65118528e+02  1.57170285e+00 
 2.66072506e+05  2.66072506e+05  0.00000000e+00 -1.64868528e+02  1.57167662e+00 
 2.73841963e+05  2.73841963e+05  0.00000000e+00 -1.64618529e+02  1.57165111e+00 
 2.81838293e+05  2.81838293e+05  0.00000000e+00 -1.64368529e+02  1.57162631e+00 
 2.90068120e+05  2.90068120e+05  0.00000000e+00 -1.64118529e+02  1.57160219e+00 
 2.98538262e+05  2.98538262e+05  0.00000000e+00 -1.63868529e+02  1.57157875e+00 
 3.07255737e+05  3.07255737e+05  0.00000000e+00 -1.63618529e+02  1.57155595e+00 
 3.16227766e+05  3.16227766e+05  0.00000000e+00 -1.63368529e+02  1.57153378e+00 
 3.25461783e+05  3.25461783e+05  0.00000000e+00 -1.63118529e+02  1.57151223e+00 
 3.34965439e+05  3.34965439e+05  0.00000000e+00 -1.62868530e+02  1.57149126e+00 
 3.44746607e+05  3.44746607e+05  0.00000000e+00 -1.62618530e+02  1.57147088e+00 
 3.54813389e+05  3.54813389e+05  0.00000000e+00 -1.62368530e+02  1.57145105e+00 
 3.65174127e+05  3.65174127e+05  0.00000000e+00 -1.62118530e+02  1.57143176e+00 
 3.75837404e+05  3.75837404e+05  0.00000000e+00 -1.61868530e+02  1.57141300e+00 
 3.86812055e+05  3.86812055e+05  0.00000000e+00 -1.61618530e+02  1.57139475e+00 
 3.98107171e+05  3.98107171e+05  0.00000000e+00 -1.61368530e+02  1.57137700e+00 
 4.09732110e+05  4.09732110e+05  0.00000000e+00 -1.61118530e+02  1.57135973e+00 
 4.21696503e+05  4.21696503e+05  0.00000000e+00 -1.60868530e+02  1.57134292e+00 
 4.34010264e+05  4.34010264e+05  0.00000000e+00 -1.60618530e+02  1.57132657e+00 
 4.46683592e+05  4.46683592e+05  0.00000000e+00 -1.60368531e+02  1.57131066e+00 
 4.59726989e+05  4.59726989e+05  0.00000000e+00 -1.60118531e+02  1.57129517e+00 
 4.73151259e+05  4.73151259e+05  0.00000000e+00 -1.59868531e+02  1.57128010e+00 
 4.86967525e+05  4.86967525e+05  0.00000000e+00 -1.59618531e+02  1.57126542e+00 
 5.01187234e+05  5.01187234e+05  0.00000000e+00 -1.59368531e+02  1.57125114e+00 
 5.15822165e+05  5.15822165e+05  0.00000000e+00 -1.59118531e+02  1.57123723e+00 
 5.30884444e+05  5.30884444e+05  0.00000000e+00 -1.58868531e+02  1.57122369e+00 
 5.46386550e+05  5.46386550e+05  0.00000000e+00 -1.58618531e+02  1.57121050e+00 
 5.62341325e+05  5.62341325e+05  0.00000000e+00 -1.58368531e+02  1.57119765e+00 
 5.78761988e+05  5.78761988e+05  0.00000000e+00 -1.58118531e+02  1.57118514e+00 
 5.95662144e+05  5.95662144e+05  0.00000000e+00 -1.57868531e+02  1.57117295e+00 
 6.13055792e+05  6.13055792e+05  0.00000000e+00 -1.57618531e+02  1.57116107e+00 
 6.30957344e+05  6.30957344e+05  0.00000000e+00 -1.57368531e+02  1.57114950e+00 
 6.49381632e+05  6.49381632e+05  0.00000000e+00 -1.57118531e+02  1.57113821e+00 
 6.68343918e+05  6.68343918e+05  0.00000000e+00 -1.56868531e+02  1.57112721e+00 
 6.87859912e+05  6.87859912e+05  0.00000000e+00 -1.56618531e+02  1.57111649e+00 
 7.07945784e+05  7.07945784e+05  0.00000000e+00 -1.56368531e+02  1.57110602e+00 
 7.28618175e+05  7.28618175e+05  0.00000000e+00 -1.56118531e+02  1.57109582e+00 
 7.49894209e+05  7.49894209e+05  0.00000000e+00 -1.55868531e+02  1.57108586e+00 
 7.71791516e+05  7.71791516e+05  0.00000000e+00 -1.55618531e+02  1.57107615e+00 
 7.94328235e+05  7.94328235e+05  0.00000000e+00 -1.55368531e+02  1.57106666e+00 
 8.17523038e+05  8.17523038e+05  0.00000000e+00 -1.55118531e+02  1.57105740e+00 
 8.41395142e+05  8.41395142e+05  0.00000000e+00 -1.54868531e+02  1.57104836e+00 
 8.65964323e+05  8.65964323e+05  0.00000000e+00 -1.54618531e+02  1.57103952e+00 
 8.91250938e+05  8.91250938e+05  0.00000000e+00 -1.54368531e+02  1.57103089e+00 
 9.17275935e+05  9.17275935e+05  0.00000000e+00 -1.54118531e+02  1.57102245e+00 
 9.44060876e+05  9.44060876e+05  0.00000000e+00 -1.53868532e+02  1.57101420e+00 
 9.71627952e+05  9.71627952e+05  0.00000000e+00 -1.53618532e+02  1.57100612e+00 
 1.00000000e+06  1.00000000e+06  0.00000000e+00 -1.53368532e+02  1.57099822e+00 
 1.02920053e+06  1.02920053e+06  0.00000000e+00 -1.53118532e+02  1.57099049e+00 
 1.05925373e+06  1.05925373e+06  0.00000000e+00 -1.52868532e+02  1.57098292e+00 
 1.09018449e+06  1.09018449e+06  0.00000000e+00 -1.52618532e+02  1.57097551e+00 
 1.12201845e+06  1.12201845e+06  0.00000000e+00 -1.52368532e+02  1.57096824e+00 
 1.15478198e+06  1.15478198e+06  0.00000000e+00 -1.52118532e+02  1.57096112e+00 
 1.18850223e+06  1.18850223e+06  0.00000000e+00 -1.51868532e+02  1.57095413e+00 
 1.22320712e+06  1.22320712e+06  0.00000000e+00 -1.51618532e+02  1.57094727e+00 
 1.25892541e+06  1.25892541e+06  0.00000000e+00 -1.51368532e+02  1.57094054e+00 
 1.29568670e+06  1.29568670e+06  0.00000000e+00 -1.51118532e+02  1.57093393e+00 
 1.33352143e+06  1.33352143e+06  0.00000000e+00 -1.50868532e+02  1.57092743e+00 
 1.37246096e+06  1.37246096e+06  0.00000000e+00 -1.50618532e+02  1.57092104e+00 
 1.41253754e+06  1.41253754e+06  0.00000000e+00 -1.50368532e+02  1.57091475e+00 
 1.45378439e+06  1.45378439e+06  0.00000000e+00 -1.50118532e+02  1.57090856e+00 
 1.49623566e+06  1.49623566e+06  0.00000000e+00 -1.49868532e+02  1.57090247e+00 
 1.53992653e+06  1.53992653e+06  0.00000000e+00 -1.49618532e+02  1.57089646e+00 
 1.58489319e+06  1.58489319e+06  0.00000000e+00 -1.49368532e+02  1.57089053e+00 
 1.63117291e+06  1.63117291e+06  0.00000000e+00 -1.49118532e+02  1.57088469e+00 
 1.67880402e+06  1.67880402e+06  0.00000000e+00 -1.48868532e+02  1.57087891e+00 
 1.72782598e+06  1.72782598e+06  0.00000000e+00 -1.48618532e+02  1.57087321e+00 
 1.77827941e+06  1.77827941e+06  0.00000000e+00 -1.48368532e+02  1.57086757e+00 
 1.83020611e+06  1.83020611e+06  0.00000000e+00 -1.48118532e+02  1.57086198e+00 
 1.88364909e+06  1.88364909e+06  0.00000000e+00 -1.47868532e+02  1.57085646e+00 
 1.93865264e+06  1.93865264e+06  0.00000000e+00 -1.47618532e+02  1.57085098e+00 
 1.99526231e+06  1.99526231e+06  0.00000000e+00 -1.47368532e+02  1.57084554e+00 
 2.05352503e+06  2.05352503e+06  0.00000000e+00 -1.47118532e+02  1.57084015e+00 
 2.11348904e+06  2.11348904e+06  0.00000000e+00 -1.46868532e+02  1.57083480e+00 
 2.17520403e+06  2.17520403e+06  0.00000000e+00 -1.46618532e+02  1.57082947e+00 
 2.23872114e+06  2.23872114e+06  0.00000000e+00 -1.46368532e+02  1.57082417e+00 
 2.30409298e+06  2.30409298e+06  0.00000000e+00 -1.46118532e+02  1.57081890e+00 
 2.37137371e+06  2.37137371e+06  0.00000000e+00 -1.45868532e+02  1.57081365e+00 
 2.44061907e+06  2.44061907e+06  0.00000000e+00 -1.45618532e+02  1.57080841e+00 
 2.51188643e+06  2.51188643e+06  0.00000000e+00 -1.45368532e+02  1.57080318e+00 
 2.58523484e+06  2.58523484e+06  0.00000000e+00 -1.45118532e+02  1.57079795e+00 
 2.66072506e+06  2.66072506e+06  0.00000000e+00 -1.44868532e+02  1.57079273e+00 
 2.73841963e+06  2.73841963e+06  0.00000000e+00 -1.44618532e+02  1.57078750e+00 
 2.81838293e+06  2.81838293e+06  0.00000000e+00 -1.44368532e+02  1.57078227e+00 
 2.90068120e+06  2.90068120e+06  0.00000000e+00 -1.44118532e+02  1.57077702e+00 
 2.98538262e+06  2.98538262e+06  0.00000000e+00 -1.43868532e+02  1.57077176e+00 
 3.07255737e+06  3.07255737e+06  0.00000000e+00 -1.43618532e+02  1.57076648e+00 
 3.16227766e+06  3.16227766e+06  0.00000000e+00 -1.43368532e+02  1.57076117e+00 
 3.25461783e+06  3.25461783e+06  0.00000000e+00 -1.43118532e+02  1.57075584e+00 
 3.34965439e+06  3.34965439e+06  0.00000000e+00 -1.42868532e+02  1.57075047e+00 
 3.44746607e+06  3.44746607e+06  0.00000000e+00 -1.42618532e+02  1.57074506e+00 
 3.54813389e+06  3.54813389e+06  0.00000000e+00 -1.42368532e+02  1.57073961e+00 
 3.65174127e+06  3.65174127e+06  0.00000000e+00 -1.42118532e+02  1.57073411e+00 
 3.75837404e+06  3.75837404e+06  0.00000000e+00 -1.41868532e+02  1.57072857e+00 
 3.86812055e+06  3.86812055e+06  0.00000000e+00 -1.41618532e+02  1.57072296e+00 
 3.98107171e+06  3.98107171e+06  0.00000000e+00 -1.41368532e+02  1.57071730e+00 
 4.09732110e+06  4.09732110e+06  0.00000000e+00 -1.41118532e+02  1.57071157e+00 
 4.21696503e+06  4.21696503e+06  0.00000000e+00 -1.40868532e+02  1.57070577e+00 
 4.34010264e+06  4.34010264e+06  0.00000000e+00 -1.40618532e+02  1.57069989e+00 
 4.46683592e+06  4.46683592e+06  0.00000000e+00 -1.40368532e+02  1.57069393e+00 
 4.59726989e+06  4.59726989e+06  0.00000000e+00 -1.40118532e+02  1.57068789e+00 
 4.73151259e+06  4.73151259e+06  0.00000000e+00 -1.39868532e+02  1.57068176e+00 
 4.86967525e+06  4.86967525e+06  0.00000000e+00 -1.39618532e+02  1.57067554e+00 
 5.01187234e+06  5.01187234e+06  0.00000000e+00 -1.39368532e+02  1.57066921e+00 
 5.15822165e+06  5.15822165e+06  0.00000000e+00 -1.39118532e+02  1.57066278e+00 
 5.30884444e+06  5.30884444e+06  0.00000000e+00 -1.38868532e+02  1.57065624e+00 
 5.46386550e+06  5.46386550e+06  0.00000000e+00 -1.38618532e+02  1.57064958e+00 
 5.62341325e+06  5.62341325e+06  0.00000000e+00 -1.38368532e+02  1.57064280e+00 
 5.78761988e+06  5.78761988e+06  0.00000000e+00 -1.38118532e+02  1.57063590e+00 
 5.95662144e+06  5.95662144e+06  0.00000000e+00 -1.37868532e+02  1.57062886e+00 
 6.13055792e+06  6.13055792e+06  0.00000000e+00 -1.37618532e+02  1.57062168e+00 
 6.30957344e+06  6.30957344e+06  0.00000000e+00 -1.37368532e+02  1.57061436e+00 
 6.49381632e+06  6.49381632e+06  0.00000000e+00 -1.37118532e+02  1.57060689e+00 
 6.68343918e+06  6.68343918e+06  0.00000000e+00 -1.36868532e+02  1.57059926e+00 
 6.87859912e+06  6.87859912e+06  0.00000000e+00 -1.36618532e+02  1.57059146e+00 
 7.07945784e+06  7.07945784e+06  0.00000000e+00 -1.36368532e+02  1.57058350e+00 
 7.28618175e+06  7.28618175e+06  0.00000000e+00 -1.36118532e+02  1.57057536e+00 
 7.49894209e+06  7.49894209e+06  0.00000000e+00 -1.35868532e+02  1.57056704e+00 
 7.71791516e+06  7.71791516e+06  0.00000000e+00 -1.35618532e+02  1.57055852e+00 
 7.94328235e+06  7.94328235e+06  0.00000000e+00 -1.35368532e+02  1.57054981e+00 
 8.17523038e+06  8.17523038e+06  0.00000000e+00 -1.35118532e+02  1.57054090e+00 
 8.41395142e+06  8.41395142e+06  0.00000000e+00 -1.34868532e+02  1.57053178e+00 
 8.65964323e+06  8.65964323e+06  0.00000000e+00 -1.34618532e+02  1.57052243e+00 
 8.91250938e+06  8.91250938e+06  0.00000000e+00 -1.34368532e+02  1.57051286e+00 
 9.17275935e+06  9.17275935e+06  0.00000000e+00 -1.34118532e+02  1.57050305e+00 
 9.44060876e+06  9.44060876e+06  0.00000000e+00 -1.33868532e+02  1.57049300e+00 
 9.71627952e+06  9.71627952e+06  0.00000000e+00 -1.33618532e+02  1.57048270e+00 
 1.00000000e+07  1.00000000e+07  0.00000000e+00 -1.33368532e+02  1.57047214e+00 
 1.02920053e+07  1.02920053e+07  0.00000000e+00 -1.33118532e+02  1.57046131e+00 
 1.05925373e+07  1.05925373e+07  0.00000000e+00 -1.32868532e+02  1.57045021e+00 
 1.09018449e+07  1.09018449e+07  0.00000000e+00 -1.32618532e+02  1.57043881e+00 
 1.12201845e+07  1.12201845e+07  0.00000000e+00 -1.32368532e+02  1.57042713e+00 
 1.15478198e+07  1.15478198e+07  0.00000000e+00 -1.32118533e+02  1.57041513e+00 
 1.18850223e+07  1.18850223e+07  0.00000000e+00 -1.31868533e+02  1.57040282e+00 
 1.22320712e+07  1.22320712e+07  0.00000000e+00 -1.31618533e+02  1.57039018e+00 
 1.25892541e+07  1.25892541e+07  0.00000000e+00 -1.31368533e+02  1.57037721e+00 
 1.29568670e+07  1.29568670e+07  0.00000000e+00 -1.31118533e+02  1.57036389e+00 
 1.33352143e+07  1.33352143e+07  0.00000000e+00 -1.30868533e+02  1.57035021e+00 
 1.37246096e+07  1.37246096e+07  0.00000000e+00 -1.30618533e+02  1.57033616e+00 
 1.41253754e+07  1.41253754e+07  0.00000000e+00 -1.30368533e+02  1.57032173e+00 
 1.45378439e+07  1.45378439e+07  0.00000000e+00 -1.30118533e+02  1.57030691e+00 
 1.49623566e+07  1.49623566e+07  0.00000000e+00 -1.29868533e+02  1.57029168e+00 
 1.53992653e+07  1.53992653e+07  0.00000000e+00 -1.29618533e+02  1.57027603e+00 
 1.58489319e+07  1.58489319e+07  0.00000000e+00 -1.29368533e+02  1.57025995e+00 
 1.63117291e+07  1.63117291e+07  0.00000000e+00 -1.29118533e+02  1.57024343e+00 
 1.67880402e+07  1.67880402e+07  0.00000000e+00 -1.28868533e+02  1.57022645e+00 
 1.72782598e+07  1.72782598e+07  0.00000000e+00 -1.28618533e+02  1.57020900e+00 
 1.77827941e+07  1.77827941e+07  0.00000000e+00 -1.28368534e+02  1.57019106e+00 
 1.83020611e+07  1.83020611e+07  0.00000000e+00 -1.28118534e+02  1.57017262e+00 
 1.88364909e+07  1.88364909e+07  0.00000000e+00 -1.27868534e+02  1.57015366e+00 
 1.93865264e+07  1.93865264e+07  0.00000000e+00 -1.27618534e+02  1.57013417e+00 
 1.99526231e+07  1.99526231e+07  0.00000000e+00 -1.27368534e+02  1.57011413e+00 
 2.05352503e+07  2.05352503e+07  0.00000000e+00 -1.27118534e+02  1.57009353e+00 
 2.11348904e+07  2.11348904e+07  0.00000000e+00 -1.26868534e+02  1.57007234e+00 
 2.17520403e+07  2.17520403e+07  0.00000000e+00 -1.26618534e+02  1.57005056e+00 
 2.23872114e+07  2.23872114e+07  0.00000000e+00 -1.26368535e+02  1.57002816e+00 
 2.30409298e+07  2.30409298e+07  0.00000000e+00 -1.26118535e+02  1.57000512e+00 
 2.37137371e+07  2.37137371e+07  0.00000000e+00 -1.25868535e+02  1.56998142e+00 
 2.44061907e+07  2.44061907e+07  0.00000000e+00 -1.25618535e+02  1.56995705e+00 
 2.51188643e+07  2.51188643e+07  0.00000000e+00 -1.25368535e+02  1.56993199e+00 
 2.58523484e+07  2.58523484e+07  0.00000000e+00 -1.25118536e+02  1.56990620e+00 
 2.66072506e+07  2.66072506e+07  0.00000000e+00 -1.24868536e+02  1.56987968e+00 
 2.73841963e+07  2.73841963e+07  0.00000000e+00 -1.24618536e+02  1.56985241e+00 
 2.81838293e+07  2.81838293e+07  0.00000000e+00 -1.24368536e+02  1.56982435e+00 
 2.90068120e+07  2.90068120e+07  0.00000000e+00 -1.24118536e+02  1.56979548e+00 
 2.98538262e+07  2.98538262e+07  0.00000000e+00 -1.23868537e+02  1.56976578e+00 
 3.07255737e+07  3.07255737e+07  0.00000000e+00 -1.23618537e+02  1.56973524e+00 
 3.16227766e+07  3.16227766e+07  0.00000000e+00 -1.23368537e+02  1.56970381e+00 
 3.25461783e+07  3.25461783e+07  0.00000000e+00 -1.23118538e+02  1.56967147e+00 
 3.34965439e+07  3.34965439e+07  0.00000000e+00 -1.22868538e+02  1.56963821e+00 
 3.44746607e+07  3.44746607e+07  0.00000000e+00 -1.22618538e+02  1.56960399e+00 
 3.54813389e+07  3.54813389e+07  0.00000000e+00 -1.22368539e+02  1.56956877e+00 
 3.65174127e+07  3.65174127e+07  0.00000000e+00 -1.22118539e+02  1.56953254e+00 
 3.75837404e+07  3.75837404e+07  0.00000000e+00 -1.21868540e+02  1.56949527e+00 
 3.86812055e+07  3.86812055e+07  0.00000000e+00 -1.21618540e+02  1.56945691e+00 
 3.98107171e+07  3.98107171e+07  0.00000000e+00 -1.21368541e+02  1.56941745e+00 
 4.09732110e+07  4.09732110e+07  0.00000000e+00 -1.21118541e+02  1.56937684e+00 
 4.21696503e+07  4.21696503e+07  0.00000000e+00 -1.20868542e+02  1.56933506e+00 
 4.34010264e+07  4.34010264e+07  0.00000000e+00 -1.20618542e+02  1.56929207e+00 
 4.46683592e+07  4.46683592e+07  0.00000000e+00 -1.20368543e+02  1.56924783e+00 
 4.59726989e+07  4.59726989e+07  0.00000000e+00 -1.20118544e+02  1.56920231e+00 
 4.73151259e+07  4.73151259e+07  0.00000000e+00 -1.19868544e+02  1.56915547e+00 
 4.86967525e+07  4.86967525e+07  0.00000000e+00 -1.19618545e+02  1.56910726e+00 
 5.01187234e+07  5.01187234e+07  0.00000000e+00 -1.19368546e+02  1.56905766e+00 
 5.15822165e+07  5.15822165e+07  0.00000000e+00 -1.19118547e+02  1.56900662e+00 
 5.30884444e+07  5.30884444e+07  0.00000000e+00 -1.18868548e+02  1.56895410e+00 
 5.46386550e+07  5.46386550e+07  0.00000000e+00 -1.18618549e+02  1.56890005e+00 
 5.62341325e+07  5.62341325e+07  0.00000000e+00 -1.18368549e+02  1.56884442e+00 
 5.78761988e+07  5.78761988e+07  0.00000000e+00 -1.18118551e+02  1.56878719e+00 
 5.95662144e+07  5.95662144e+07  0.00000000e+00 -1.17868552e+02  1.56872828e+00 
 6.13055792e+07  6.13055792e+07  0.00000000e+00 -1.17618553e+02  1.56866767e+00 
 6.30957344e+07  6.30957344e+07  0.00000000e+00 -1.17368554e+02  1.56860529e+00 
 6.49381632e+07  6.49381632e+07  0.00000000e+00 -1.17118555e+02  1.56854109e+00 
 6.68343918e+07  6.68343918e+07  0.00000000e+00 -1.16868557e+02  1.56847503e+00 
 6.87859912e+07  6.87859912e+07  0.00000000e+00 -1.16618558e+02  1.56840704e+00 
 7.07945784e+07  7.07945784e+07  0.00000000e+00 -1.16368560e+02  1.56833707e+00 
 7.28618175e+07  7.28618175e+07  0.00000000e+00 -1.16118562e+02  1.56826507e+00 
 7.49894209e+07  7.49894209e+07  0.00000000e+00 -1.15868563e+02  1.56819097e+00 
 7.71791516e+07  7.71791516e+07  0.00000000e+00 -1.15618565e+02  1.56811471e+00 
 7.94328235e+07  7.94328235e+07  0.00000000e+00 -1.15368567e+02  1.56803623e+00 
 8.17523038e+07  8.17523038e+07  0.00000000e+00 -1.15118569e+02  1.56795546e+00 
 8.41395142e+07  8.41395142e+07  0.00000000e+00 -1.14868571e+02  1.56787234e+00 
 8.65964323e+07  8.65964323e+07  0.00000000e+00 -1.14618574e+02  1.56778680e+00 
 8.91250938e+07  8.91250938e+07  0.00000000e+00 -1.14368576e+02  1.56769876e+00 
 9.17275935e+07  9.17275935e+07  0.00000000e+00 -1.14118579e+02  1.56760816e+00 
 9.44060876e+07  9.44060876e+07  0.00000000e+00 -1.13868582e+02  1.56751491e+00 
 9.71627952e+07  9.71627952e+07  0.00000000e+00 -1.13618585e+02  1.56741895e+00 
 1.00000000e+08  1.00000000e+08  0.00000000e+00 -1.13368588e+02  1.56732019e+00 
 1.02920053e+08  1.02920053e+08  0.00000000e+00 -1.13118591e+02  1.56721855e+00 
 1.05925373e+08  1.05925373e+08  0.00000000e+00 -1.12868595e+02  1.56711395e+00 
 1.09018449e+08  1.09018449e+08  0.00000000e+00 -1.12618598e+02  1.56700629e+00 
 1.12201845e+08  1.12201845e+08  0.00000000e+00 -1.12368602e+02  1.56689550e+00 
 1.15478198e+08  1.15478198e+08  0.00000000e+00 -1.12118607e+02  1.56678147e+00 
 1.18850223e+08  1.18850223e+08  0.00000000e+00 -1.11868611e+02  1.56666412e+00 
 1.22320712e+08  1.22320712e+08  0.00000000e+00 -1.11618616e+02  1.56654334e+00 
 1.25892541e+08  1.25892541e+08  0.00000000e+00 -1.11368621e+02  1.56641904e+00 
 1.29568670e+08  1.29568670e+08  0.00000000e+00 -1.11118626e+02  1.56629112e+00 
 1.33352143e+08  1.33352143e+08  0.00000000e+00 -1.10868631e+02  1.56615946e+00 
 1.37246096e+08  1.37246096e+08  0.00000000e+00 -1.10618637e+02  1.56602396e+00 
 1.41253754e+08  1.41253754e+08  0.00000000e+00 -1.10368644e+02  1.56588451e+00 
 1.45378439e+08  1.45378439e+08  0.00000000e+00 -1.10118650e+02  1.56574099e+00 
 1.49623566e+08  1.49623566e+08  0.00000000e+00 -1.09868657e+02  1.56559328e+00 
 1.53992653e+08  1.53992653e+08  0.00000000e+00 -1.09618665e+02  1.56544126e+00 
 1.58489319e+08  1.58489319e+08  0.00000000e+00 -1.09368673e+02  1.56528481e+00 
 1.63117291e+08  1.63117291e+08  0.00000000e+00 -1.09118681e+02  1.56512378e+00 
 1.67880402e+08  1.67880402e+08  0.00000000e+00 -1.08868690e+02  1.56495806e+00 
 1.72782598e+08  1.72782598e+08  0.00000000e+00 -1.08618699e+02  1.56478751e+00 
 1.77827941e+08  1.77827941e+08  0.00000000e+00 -1.08368709e+02  1.56461197e+00 
 1.83020611e+08  1.83020611e+08  0.00000000e+00 -1.08118720e+02  1.56443132e+00 
 1.88364909e+08  1.88364909e+08  0.00000000e+00 -1.07868731e+02  1.56424539e+00 
 1.93865264e+08  1.93865264e+08  0.00000000e+00 -1.07618742e+02  1.56405403e+00 
 1.99526231e+08  1.99526231e+08  0.00000000e+00 -1.07368755e+02  1.56385709e+00 
 2.05352503e+08  2.05352503e+08  0.00000000e+00 -1.07118768e+02  1.56365440e+00 
 2.11348904e+08  2.11348904e+08  0.00000000e+00 -1.06868782e+02  1.56344579e+00 
 2.17520403e+08  2.17520403e+08  0.00000000e+00 -1.06618797e+02  1.56323110e+00 
 2.23872114e+08  2.23872114e+08  0.00000000e+00 -1.06368813e+02  1.56301014e+00 
 2.30409298e+08  2.30409298e+08  0.00000000e+00 -1.06118829e+02  1.56278273e+00 
 2.37137371e+08  2.37137371e+08  0.00000000e+00 -1.05868847e+02  1.56254868e+00 
 2.44061907e+08  2.44061907e+08  0.00000000e+00 -1.05618866e+02  1.56230780e+00 
 2.51188643e+08  2.51188643e+08  0.00000000e+00 -1.05368885e+02  1.56205989e+00 
 2.58523484e+08  2.58523484e+08  0.00000000e+00 -1.05118906e+02  1.56180474e+00 
 2.66072506e+08  2.66072506e+08  0.00000000e+00 -1.04868929e+02  1.56154215e+00 
 2.73841963e+08  2.73841963e+08  0.00000000e+00 -1.04618952e+02  1.56127189e+00 
 2.81838293e+08  2.81838293e+08  0.00000000e+00 -1.04368977e+02  1.56099374e+00 
 2.90068120e+08  2.90068120e+08  0.00000000e+00 -1.04119003e+02  1.56070747e+00 
 2.98538262e+08  2.98538262e+08  0.00000000e+00 -1.03869031e+02  1.56041285e+00 
 3.07255737e+08  3.07255737e+08  0.00000000e+00 -1.03619061e+02  1.56010963e+00 
 3.16227766e+08  3.16227766e+08  0.00000000e+00 -1.03369092e+02  1.55979756e+00 
 3.25461783e+08  3.25461783e+08  0.00000000e+00 -1.03119126e+02  1.55947638e+00 
 3.34965439e+08  3.34965439e+08  0.00000000e+00 -1.02869161e+02  1.55914582e+00 
 3.44746607e+08  3.44746607e+08  0.00000000e+00 -1.02619198e+02  1.55880562e+00 
 3.54813389e+08  3.54813389e+08  0.00000000e+00 -1.02369237e+02  1.55845549e+00 
 3.65174127e+08  3.65174127e+08  0.00000000e+00 -1.02119279e+02  1.55809513e+00 
 3.75837404e+08  3.75837404e+08  0.00000000e+00 -1.01869324e+02  1.55772426e+00 
 3.86812055e+08  3.86812055e+08  0.00000000e+00 -1.01619370e+02  1.55734257e+00 
 3.98107171e+08  3.98107171e+08  0.00000000e+00 -1.01369420e+02  1.55694974e+00 
 4.09732110e+08  4.09732110e+08  0.00000000e+00 -1.01119473e+02  1.55654544e+00 
 4.21696503e+08  4.21696503e+08  0.00000000e+00 -1.00869529e+02  1.55612934e+00 
 4.34010264e+08  4.34010264e+08  0.00000000e+00 -1.00619588e+02  1.55570110e+00 
 4.46683592e+08  4.46683592e+08  0.00000000e+00 -1.00369650e+02  1.55526036e+00 
 4.59726989e+08  4.59726989e+08  0.00000000e+00 -1.00119716e+02  1.55480676e+00 
 4.73151259e+08  4.73151259e+08  0.00000000e+00 -9.98697866e+01  1.55433993e+00 
 4.86967525e+08  4.86967525e+08  0.00000000e+00 -9.96198610e+01  1.55385947e+00 
 5.01187234e+08  5.01187234e+08  0.00000000e+00 -9.93699397e+01  1.55336500e+00 
 5.15822165e+08  5.15822165e+08  0.00000000e+00 -9.91200231e+01  1.55285609e+00 
 5.30884444e+08  5.30884444e+08  0.00000000e+00 -9.88701115e+01  1.55233234e+00 
 5.46386550e+08  5.46386550e+08  0.00000000e+00 -9.86202051e+01  1.55179331e+00 
 5.62341325e+08  5.62341325e+08  0.00000000e+00 -9.83703042e+01  1.55123855e+00 
 5.78761988e+08  5.78761988e+08  0.00000000e+00 -9.81204092e+01  1.55066761e+00 
 5.95662144e+08  5.95662144e+08  0.00000000e+00 -9.78705204e+01  1.55008001e+00 
 6.13055792e+08  6.13055792e+08  0.00000000e+00 -9.76206382e+01  1.54947528e+00 
 6.30957344e+08  6.30957344e+08  0.00000000e+00 -9.73707630e+01  1.54885290e+00 
 6.49381632e+08  6.49381632e+08  0.00000000e+00 -9.71208951e+01  1.54821237e+00 
 6.68343918e+08  6.68343918e+08  0.00000000e+00 -9.68710351e+01  1.54755317e+00 
 6.87859912e+08  6.87859912e+08  0.00000000e+00 -9.66211834e+01  1.54687474e+00 
 7.07945784e+08  7.07945784e+08  0.00000000e+00 -9.63713405e+01  1.54617652e+00 
 7.28618175e+08  7.28618175e+08  0.00000000e+00 -9.61215068e+01  1.54545795e+00 
 7.49894209e+08  7.49894209e+08  0.00000000e+00 -9.58716830e+01  1.54471843e+00 
 7.71791516e+08  7.71791516e+08  0.00000000e+00 -9.56218697e+01  1.54395735e+00 
 7.94328235e+08  7.94328235e+08  0.00000000e+00 -9.53720673e+01  1.54317408e+00 
 8.17523038e+08  8.17523038e+08  0.00000000e+00 -9.51222767e+01  1.54236799e+00 
 8.41395142e+08  8.41395142e+08  0.00000000e+00 -9.48724985e+01  1.54153840e+00 
 8.65964323e+08  8.65964323e+08  0.00000000e+00 -9.46227334e+01  1.54068464e+00 
 8.91250938e+08  8.91250938e+08  0.00000000e+00 -9.43729822e+01  1.53980600e+00 
 9.17275935e+08  9.17275935e+08  0.00000000e+00 -9.41232458e+01  1.53890177e+00 
 9.44060876e+08  9.44060876e+08  0.00000000e+00 -9.38735249e+01  1.53797120e+00 
 9.71627952e+08  9.71627952e+08  0.00000000e+00 -9.36238206e+01  1.53701352e+00 
 1.00000000e+09  1.00000000e+09  0.00000000e+00 -9.33741337e+01  1.53602796e+00 
 1.02920053e+09  1.02920053e+09  0.00000000e+00 -9.31244654e+01  1.53501370e+00 
 1.05925373e+09  1.05925373e+09  0.00000000e+00 -9.28748167e+01  1.53396992e+00 
 1.09018449e+09  1.09018449e+09  0.00000000e+00 -9.26251887e+01  1.53289576e+00 
 1.12201845e+09  1.12201845e+09  0.00000000e+00 -9.23755828e+01  1.53179033e+00 
 1.15478198e+09  1.15478198e+09  0.00000000e+00 -9.21260002e+01  1.53065275e+00 
 1.18850223e+09  1.18850223e+09  0.00000000e+00 -9.18764422e+01  1.52948208e+00 
 1.22320712e+09  1.22320712e+09  0.00000000e+00 -9.16269104e+01  1.52827737e+00 
 1.25892541e+09  1.25892541e+09  0.00000000e+00 -9.13774063e+01  1.52703763e+00 
 1.29568670e+09  1.29568670e+09  0.00000000e+00 -9.11279315e+01  1.52576185e+00 
 1.33352143e+09  1.33352143e+09  0.00000000e+00 -9.08784877e+01  1.52444901e+00 
 1.37246096e+09  1.37246096e+09  0.00000000e+00 -9.06290768e+01  1.52309802e+00 
 1.41253754e+09  1.41253754e+09  0.00000000e+00 -9.03797007e+01  1.52170781e+00 
 1.45378439e+09  1.45378439e+09  0.00000000e+00 -9.01303614e+01  1.52027723e+00 
 1.49623566e+09  1.49623566e+09  0.00000000e+00 -8.98810612e+01  1.51880513e+00 
 1.53992653e+09  1.53992653e+09  0.00000000e+00 -8.96318023e+01  1.51729033e+00 
 1.58489319e+09  1.58489319e+09  0.00000000e+00 -8.93825871e+01  1.51573160e+00 
 1.63117291e+09  1.63117291e+09  0.00000000e+00 -8.91334183e+01  1.51412768e+00 
 1.67880402e+09  1.67880402e+09  0.00000000e+00 -8.88842985e+01  1.51247729e+00 
 1.72782598e+09  1.72782598e+09  0.00000000e+00 -8.86352306e+01  1.51077909e+00 
 1.77827941e+09  1.77827941e+09  0.00000000e+00 -8.83862177e+01  1.50903174e+00 
 1.83020611e+09  1.83020611e+09  0.00000000e+00 -8.81372630e+01  1.50723384e+00 
 1.88364909e+09  1.88364909e+09  0.00000000e+00 -8.78883699e+01  1.50538394e+00 
 1.93865264e+09  1.93865264e+09  0.00000000e+00 -8.76395421e+01  1.50348057e+00 
 1.99526231e+09  1.99526231e+09  0.00000000e+00 -8.73907833e+01  1.50152223e+00 
 2.05352503e+09  2.05352503e+09  0.00000000e+00 -8.71420976e+01  1.49950736e+00 
 2.11348904e+09  2.11348904e+09  0.00000000e+00 -8.68934892e+01  1.49743438e+00 
 2.17520403e+09  2.17520403e+09  0.00000000e+00 -8.66449628e+01  1.49530164e+00 
 2.23872114e+09  2.23872114e+09  0.00000000e+00 -8.63965230e+01  1.49310747e+00 
 2.30409298e+09  2.30409298e+09  0.00000000e+00 -8.61481750e+01  1.49085016e+00 
 2.37137371e+09  2.37137371e+09  0.00000000e+00 -8.58999240e+01  1.48852794e+00 
 2.44061907e+09  2.44061907e+09  0.00000000e+00 -8.56517758e+01  1.48613901e+00 
 2.51188643e+09  2.51188643e+09  0.00000000e+00 -8.54037362e+01  1.48368151e+00 
 2.58523484e+09  2.58523484e+09  0.00000000e+00 -8.51558118e+01  1.48115356e+00 
 2.66072506e+09  2.66072506e+09  0.00000000e+00 -8.49080090e+01  1.47855320e+00 
 2.73841963e+09  2.73841963e+09  0.00000000e+00 -8.46603350e+01  1.47587846e+00 
 2.81838293e+09  2.81838293e+09  0.00000000e+00 -8.44127972e+01  1.47312729e+00 
 2.90068120e+09  2.90068120e+09  0.00000000e+00 -8.41654035e+01  1.47029762e+00 
 2.98538262e+09  2.98538262e+09  0.00000000e+00 -8.39181623e+01  1.46738731e+00 
 3.07255737e+09  3.07255737e+09  0.00000000e+00 -8.36710823e+01  1.46439419e+00 
 3.16227766e+09  3.16227766e+09  0.00000000e+00 -8.34241728e+01  1.46131602e+00 
 3.25461783e+09  3.25461783e+09  0.00000000e+00 -8.31774436e+01  1.45815054e+00 
 3.34965439e+09  3.34965439e+09  0.00000000e+00 -8.29309051e+01  1.45489541e+00 
 3.44746607e+09  3.44746607e+09  0.00000000e+00 -8.26845681e+01  1.45154828e+00 
 3.54813389e+09  3.54813389e+09  0.00000000e+00 -8.24384443e+01  1.44810672e+00 
 3.65174127e+09  3.65174127e+09  0.00000000e+00 -8.21925457e+01  1.44456825e+00 
 3.75837404e+09  3.75837404e+09  0.00000000e+00 -8.19468852e+01  1.44093038e+00 
 3.86812055e+09  3.86812055e+09  0.00000000e+00 -8.17014762e+01  1.43719053e+00 
 3.98107171e+09  3.98107171e+09  0.00000000e+00 -8.14563331e+01  1.43334611e+00 
 4.09732110e+09  4.09732110e+09  0.00000000e+00 -8.12114709e+01  1.42939446e+00 
 4.21696503e+09  4.21696503e+09  0.00000000e+00 -8.09669053e+01  1.42533289e+00 
 4.34010264e+09  4.34010264e+09  0.00000000e+00 -8.07226530e+01  1.42115866e+00 
 4.46683592e+09  4.46683592e+09  0.00000000e+00 -8.04787316e+01  1.41686901e+00 
 4.59726989e+09  4.59726989e+09  0.00000000e+00 -8.02351595e+01  1.41246111e+00 
 4.73151259e+09  4.73151259e+09  0.00000000e+00 -7.99919561e+01  1.40793213e+00 
 4.86967525e+09  4.86967525e+09  0.00000000e+00 -7.97491419e+01  1.40327918e+00 
 5.01187234e+09  5.01187234e+09  0.00000000e+00 -7.95067383e+01  1.39849935e+00 
 5.15822165e+09  5.15822165e+09  0.00000000e+00 -7.92647679e+01  1.39358972e+00 
 5.30884444e+09  5.30884444e+09  0.00000000e+00 -7.90232544e+01  1.38854731e+00 
 5.46386550e+09  5.46386550e+09  0.00000000e+00 -7.87822225e+01  1.38336916e+00 
 5.62341325e+09  5.62341325e+09  0.00000000e+00 -7.85416984e+01  1.37805228e+00 
 5.78761988e+09  5.78761988e+09  0.00000000e+00 -7.83017095e+01  1.37259367e+00 
 5.95662144e+09  5.95662144e+09  0.00000000e+00 -7.80622844e+01  1.36699032e+00 
 6.13055792e+09  6.13055792e+09  0.00000000e+00 -7.78234531e+01  1.36123925e+00 
 6.30957344e+09  6.30957344e+09  0.00000000e+00 -7.75852471e+01  1.35533745e+00 
 6.49381632e+09  6.49381632e+09  0.00000000e+00 -7.73476992e+01  1.34928198e+00 
 6.68343918e+09  6.68343918e+09  0.00000000e+00 -7.71108437e+01  1.34306986e+00 
 6.87859912e+09  6.87859912e+09  0.00000000e+00 -7.68747165e+01  1.33669821e+00 
 7.07945784e+09  7.07945784e+09  0.00000000e+00 -7.66393550e+01  1.33016413e+00 
 7.28618175e+09  7.28618175e+09  0.00000000e+00 -7.64047983e+01  1.32346483e+00 
 7.49894209e+09  7.49894209e+09  0.00000000e+00 -7.61710870e+01  1.31659752e+00 
 7.71791516e+09  7.71791516e+09  0.00000000e+00 -7.59382634e+01  1.30955955e+00 
 7.94328235e+09  7.94328235e+09  0.00000000e+00 -7.57063715e+01  1.30234829e+00 
 8.17523038e+09  8.17523038e+09  0.00000000e+00 -7.54754569e+01  1.29496126e+00 
 8.41395142e+09  8.41395142e+09  0.00000000e+00 -7.52455671e+01  1.28739606e+00 
 8.65964323e+09  8.65964323e+09  0.00000000e+00 -7.50167511e+01  1.27965041e+00 
 8.91250938e+09  8.91250938e+09  0.00000000e+00 -7.47890598e+01  1.27172219e+00 
 9.17275935e+09  9.17275935e+09  0.00000000e+00 -7.45625457e+01  1.26360941e+00 
 9.44060876e+09  9.44060876e+09  0.00000000e+00 -7.43372629e+01  1.25531027e+00 
 9.71627952e+09  9.71627952e+09  0.00000000e+00 -7.41132675e+01  1.24682312e+00 
 1.00000000e+10  1.00000000e+10  0.00000000e+00 -7.38906169e+01  1.23814653e+00 
