 frequency       frequency       frequency       vdb(out)        vp(out)        
 1.00000000e+01  1.00000000e+01  0.00000000e+00 -6.00000001e+01 -1.26624010e-09 
 1.02920053e+01  1.02920053e+01  0.00000000e+00 -6.00000001e+01 -1.30321498e-09 
 1.05925373e+01  1.05925373e+01  0.00000000e+00 -6.00000001e+01 -1.34126954e-09 
 1.09018449e+01  1.09018449e+01  0.00000000e+00 -6.00000001e+01 -1.38043532e-09 
 1.12201845e+01  1.12201845e+01  0.00000000e+00 -6.00000001e+01 -1.42074476e-09 
 1.15478198e+01  1.15478198e+01  0.00000000e+00 -6.00000001e+01 -1.46223125e-09 
 1.18850223e+01  1.18850223e+01  0.00000000e+00 -6.00000001e+01 -1.50492918e-09 
 1.22320712e+01  1.22320712e+01  0.00000000e+00 -6.00000001e+01 -1.54887390e-09 
 1.25892541e+01  1.25892541e+01  0.00000000e+00 -6.00000001e+01 -1.59410184e-09 
 1.29568670e+01  1.29568670e+01  0.00000000e+00 -6.00000001e+01 -1.64065045e-09 
 1.33352143e+01  1.33352143e+01  0.00000000e+00 -6.00000001e+01 -1.68855831e-09 
 1.37246096e+01  1.37246096e+01  0.00000000e+00 -6.00000001e+01 -1.73786510e-09 
 1.41253754e+01  1.41253754e+01  0.00000000e+00 -6.00000001e+01 -1.78861168e-09 
 1.45378439e+01  1.45378439e+01  0.00000000e+00 -6.00000001e+01 -1.84084008e-09 
 1.49623566e+01  1.49623566e+01  0.00000000e+00 -6.00000001e+01 -1.89459358e-09 
 1.53992653e+01  1.53992653e+01  0.00000000e+00 -6.00000001e+01 -1.94991671e-09 
 1.58489319e+01  1.58489319e+01  0.00000000e+00 -6.00000001e+01 -2.00685531e-09 
 1.63117291e+01  1.63117291e+01  0.00000000e+00 -6.00000001e+01 -2.06545654e-09 
 1.67880402e+01  1.67880402e+01  0.00000000e+00 -6.00000001e+01 -2.12576896e-09 
 1.72782598e+01  1.72782598e+01  0.00000000e+00 -6.00000001e+01 -2.18784254e-09 
 1.77827941e+01  1.77827941e+01  0.00000000e+00 -6.00000001e+01 -2.25172869e-09 
 1.83020611e+01  1.83020611e+01  0.00000000e+00 -6.00000001e+01 -2.31748036e-09 
 1.88364909e+01  1.88364909e+01  0.00000000e+00 -6.00000001e+01 -2.38515201e-09 
 1.93865264e+01  1.93865264e+01  0.00000000e+00 -6.00000001e+01 -2.45479970e-09 
 1.99526231e+01  1.99526231e+01  0.00000000e+00 -6.00000001e+01 -2.52648115e-09 
 2.05352503e+01  2.05352503e+01  0.00000000e+00 -6.00000001e+01 -2.60025573e-09 
 2.11348904e+01  2.11348904e+01  0.00000000e+00 -6.00000001e+01 -2.67618457e-09 
 2.17520403e+01  2.17520403e+01  0.00000000e+00 -6.00000001e+01 -2.75433057e-09 
 2.23872114e+01  2.23872114e+01  0.00000000e+00 -6.00000001e+01 -2.83475847e-09 
 2.30409298e+01  2.30409298e+01  0.00000000e+00 -6.00000001e+01 -2.91753491e-09 
 2.37137371e+01  2.37137371e+01  0.00000000e+00 -6.00000001e+01 -3.00272847e-09 
 2.44061907e+01  2.44061907e+01  0.00000000e+00 -6.00000001e+01 -3.09040973e-09 
 2.51188643e+01  2.51188643e+01  0.00000000e+00 -6.00000001e+01 -3.18065132e-09 
 2.58523484e+01  2.58523484e+01  0.00000000e+00 -6.00000001e+01 -3.27352801e-09 
 2.66072506e+01  2.66072506e+01  0.00000000e+00 -6.00000001e+01 -3.36911676e-09 
 2.73841963e+01  2.73841963e+01  0.00000000e+00 -6.00000001e+01 -3.46749674e-09 
 2.81838293e+01  2.81838293e+01  0.00000000e+00 -6.00000001e+01 -3.56874948e-09 
 2.90068120e+01  2.90068120e+01  0.00000000e+00 -6.00000001e+01 -3.67295884e-09 
 2.98538262e+01  2.98538262e+01  0.00000000e+00 -6.00000001e+01 -3.78021118e-09 
 3.07255737e+01  3.07255737e+01  0.00000000e+00 -6.00000001e+01 -3.89059534e-09 
 3.16227766e+01  3.16227766e+01  0.00000000e+00 -6.00000001e+01 -4.00420277e-09 
 3.25461783e+01  3.25461783e+01  0.00000000e+00 -6.00000001e+01 -4.12112760e-09 
 3.34965439e+01  3.34965439e+01  0.00000000e+00 -6.00000001e+01 -4.24146670e-09 
 3.44746607e+01  3.44746607e+01  0.00000000e+00 -6.00000001e+01 -4.36531977e-09 
 3.54813389e+01  3.54813389e+01  0.00000000e+00 -6.00000001e+01 -4.49278941e-09 
 3.65174127e+01  3.65174127e+01  0.00000000e+00 -6.00000001e+01 -4.62398122e-09 
 3.75837404e+01  3.75837404e+01  0.00000000e+00 -6.00000001e+01 -4.75900391e-09 
 3.86812055e+01  3.86812055e+01  0.00000000e+00 -6.00000001e+01 -4.89796934e-09 
 3.98107171e+01  3.98107171e+01  0.00000000e+00 -6.00000001e+01 -5.04099262e-09 
 4.09732110e+01  4.09732110e+01  0.00000000e+00 -6.00000001e+01 -5.18819227e-09 
 4.21696503e+01  4.21696503e+01  0.00000000e+00 -6.00000001e+01 -5.33969022e-09 
 4.34010264e+01  4.34010264e+01  0.00000000e+00 -6.00000001e+01 -5.49561198e-09 
 4.46683592e+01  4.46683592e+01  0.00000000e+00 -6.00000001e+01 -5.65608675e-09 
 4.59726989e+01  4.59726989e+01  0.00000000e+00 -6.00000001e+01 -5.82124747e-09 
 4.73151259e+01  4.73151259e+01  0.00000000e+00 -6.00000001e+01 -5.99123096e-09 
 4.86967525e+01  4.86967525e+01  0.00000000e+00 -6.00000001e+01 -6.16617806e-09 
 5.01187234e+01  5.01187234e+01  0.00000000e+00 -6.00000001e+01 -6.34623371e-09 
 5.15822165e+01  5.15822165e+01  0.00000000e+00 -6.00000001e+01 -6.53154708e-09 
 5.30884444e+01  5.30884444e+01  0.00000000e+00 -6.00000001e+01 -6.72227170e-09 
 5.46386550e+01  5.46386550e+01  0.00000000e+00 -6.00000001e+01 -6.91856558e-09 
 5.62341325e+01  5.62341325e+01  0.00000000e+00 -6.00000001e+01 -7.12059134e-09 
 5.78761988e+01  5.78761988e+01  0.00000000e+00 -6.00000001e+01 -7.32851636e-09 
 5.95662144e+01  5.95662144e+01  0.00000000e+00 -6.00000001e+01 -7.54251291e-09 
 6.13055792e+01  6.13055792e+01  0.00000000e+00 -6.00000001e+01 -7.76275826e-09 
 6.30957344e+01  6.30957344e+01  0.00000000e+00 -6.00000001e+01 -7.98943489e-09 
 6.49381632e+01  6.49381632e+01  0.00000000e+00 -6.00000001e+01 -8.22273060e-09 
 6.68343918e+01  6.68343918e+01  0.00000000e+00 -6.00000001e+01 -8.46283867e-09 
 6.87859912e+01  6.87859912e+01  0.00000000e+00 -6.00000001e+01 -8.70995802e-09 
 7.07945784e+01  7.07945784e+01  0.00000000e+00 -6.00000001e+01 -8.96429339e-09 
 7.28618175e+01  7.28618175e+01  0.00000000e+00 -6.00000001e+01 -9.22605548e-09 
 7.49894209e+01  7.49894209e+01  0.00000000e+00 -6.00000001e+01 -9.49546117e-09 
 7.71791516e+01  7.71791516e+01  0.00000000e+00 -6.00000001e+01 -9.77273364e-09 
 7.94328235e+01  7.94328235e+01  0.00000000e+00 -6.00000001e+01 -1.00581026e-08 
 8.17523038e+01  8.17523038e+01  0.00000000e+00 -6.00000001e+01 -1.03518045e-08 
 8.41395142e+01  8.41395142e+01  0.00000000e+00 -6.00000001e+01 -1.06540827e-08 
 8.65964323e+01  8.65964323e+01  0.00000000e+00 -6.00000001e+01 -1.09651875e-08 
 8.91250938e+01  8.91250938e+01  0.00000000e+00 -6.00000001e+01 -1.12853767e-08 
 9.17275935e+01  9.17275935e+01  0.00000000e+00 -6.00000001e+01 -1.16149157e-08 
 9.44060876e+01  9.44060876e+01  0.00000000e+00 -6.00000001e+01 -1.19540774e-08 
 9.71627952e+01  9.71627952e+01  0.00000000e+00 -6.00000001e+01 -1.23031427e-08 
 1.00000000e+02  1.00000000e+02  0.00000000e+00 -6.00000001e+01 -1.26624010e-08 
 1.02920053e+02  1.02920053e+02  0.00000000e+00 -6.00000001e+01 -1.30321498e-08 
 1.05925373e+02  1.05925373e+02  0.00000000e+00 -6.00000001e+01 -1.34126954e-08 
 1.09018449e+02  1.09018449e+02  0.00000000e+00 -6.00000001e+01 -1.38043532e-08 
 1.12201845e+02  1.12201845e+02  0.00000000e+00 -6.00000001e+01 -1.42074476e-08 
 1.15478198e+02  1.15478198e+02  0.00000000e+00 -6.00000001e+01 -1.46223125e-08 
 1.18850223e+02  1.18850223e+02  0.00000000e+00 -6.00000001e+01 -1.50492918e-08 
 1.22320712e+02  1.22320712e+02  0.00000000e+00 -6.00000001e+01 -1.54887390e-08 
 1.25892541e+02  1.25892541e+02  0.00000000e+00 -6.00000001e+01 -1.59410184e-08 
 1.29568670e+02  1.29568670e+02  0.00000000e+00 -6.00000001e+01 -1.64065045e-08 
 1.33352143e+02  1.33352143e+02  0.00000000e+00 -6.00000001e+01 -1.68855831e-08 
 1.37246096e+02  1.37246096e+02  0.00000000e+00 -6.00000001e+01 -1.73786510e-08 
 1.41253754e+02  1.41253754e+02  0.00000000e+00 -6.00000001e+01 -1.78861168e-08 
 1.45378439e+02  1.45378439e+02  0.00000000e+00 -6.00000001e+01 -1.84084008e-08 
 1.49623566e+02  1.49623566e+02  0.00000000e+00 -6.00000001e+01 -1.89459358e-08 
 1.53992653e+02  1.53992653e+02  0.00000000e+00 -6.00000001e+01 -1.94991671e-08 
 1.58489319e+02  1.58489319e+02  0.00000000e+00 -6.00000001e+01 -2.00685531e-08 
 1.63117291e+02  1.63117291e+02  0.00000000e+00 -6.00000001e+01 -2.06545654e-08 
 1.67880402e+02  1.67880402e+02  0.00000000e+00 -6.00000001e+01 -2.12576896e-08 
 1.72782598e+02  1.72782598e+02  0.00000000e+00 -6.00000001e+01 -2.18784254e-08 
 1.77827941e+02  1.77827941e+02  0.00000000e+00 -6.00000001e+01 -2.25172869e-08 
 1.83020611e+02  1.83020611e+02  0.00000000e+00 -6.00000001e+01 -2.31748036e-08 
 1.88364909e+02  1.88364909e+02  0.00000000e+00 -6.00000001e+01 -2.38515201e-08 
 1.93865264e+02  1.93865264e+02  0.00000000e+00 -6.00000001e+01 -2.45479970e-08 
 1.99526231e+02  1.99526231e+02  0.00000000e+00 -6.00000001e+01 -2.52648115e-08 
 2.05352503e+02  2.05352503e+02  0.00000000e+00 -6.00000001e+01 -2.60025573e-08 
 2.11348904e+02  2.11348904e+02  0.00000000e+00 -6.00000001e+01 -2.67618457e-08 
 2.17520403e+02  2.17520403e+02  0.00000000e+00 -6.00000001e+01 -2.75433057e-08 
 2.23872114e+02  2.23872114e+02  0.00000000e+00 -6.00000001e+01 -2.83475847e-08 
 2.30409298e+02  2.30409298e+02  0.00000000e+00 -6.00000001e+01 -2.91753491e-08 
 2.37137371e+02  2.37137371e+02  0.00000000e+00 -6.00000001e+01 -3.00272847e-08 
 2.44061907e+02  2.44061907e+02  0.00000000e+00 -6.00000001e+01 -3.09040973e-08 
 2.51188643e+02  2.51188643e+02  0.00000000e+00 -6.00000001e+01 -3.18065132e-08 
 2.58523484e+02  2.58523484e+02  0.00000000e+00 -6.00000001e+01 -3.27352801e-08 
 2.66072506e+02  2.66072506e+02  0.00000000e+00 -6.00000001e+01 -3.36911676e-08 
 2.73841963e+02  2.73841963e+02  0.00000000e+00 -6.00000001e+01 -3.46749674e-08 
 2.81838293e+02  2.81838293e+02  0.00000000e+00 -6.00000001e+01 -3.56874948e-08 
 2.90068120e+02  2.90068120e+02  0.00000000e+00 -6.00000001e+01 -3.67295884e-08 
 2.98538262e+02  2.98538262e+02  0.00000000e+00 -6.00000001e+01 -3.78021118e-08 
 3.07255737e+02  3.07255737e+02  0.00000000e+00 -6.00000001e+01 -3.89059534e-08 
 3.16227766e+02  3.16227766e+02  0.00000000e+00 -6.00000001e+01 -4.00420277e-08 
 3.25461783e+02  3.25461783e+02  0.00000000e+00 -6.00000001e+01 -4.12112760e-08 
 3.34965439e+02  3.34965439e+02  0.00000000e+00 -6.00000001e+01 -4.24146670e-08 
 3.44746607e+02  3.44746607e+02  0.00000000e+00 -6.00000001e+01 -4.36531977e-08 
 3.54813389e+02  3.54813389e+02  0.00000000e+00 -6.00000001e+01 -4.49278941e-08 
 3.65174127e+02  3.65174127e+02  0.00000000e+00 -6.00000001e+01 -4.62398122e-08 
 3.75837404e+02  3.75837404e+02  0.00000000e+00 -6.00000001e+01 -4.75900391e-08 
 3.86812055e+02  3.86812055e+02  0.00000000e+00 -6.00000001e+01 -4.89796934e-08 
 3.98107171e+02  3.98107171e+02  0.00000000e+00 -6.00000001e+01 -5.04099262e-08 
 4.09732110e+02  4.09732110e+02  0.00000000e+00 -6.00000001e+01 -5.18819227e-08 
 4.21696503e+02  4.21696503e+02  0.00000000e+00 -6.00000001e+01 -5.33969022e-08 
 4.34010264e+02  4.34010264e+02  0.00000000e+00 -6.00000001e+01 -5.49561198e-08 
 4.46683592e+02  4.46683592e+02  0.00000000e+00 -6.00000001e+01 -5.65608675e-08 
 4.59726989e+02  4.59726989e+02  0.00000000e+00 -6.00000001e+01 -5.82124747e-08 
 4.73151259e+02  4.73151259e+02  0.00000000e+00 -6.00000001e+01 -5.99123096e-08 
 4.86967525e+02  4.86967525e+02  0.00000000e+00 -6.00000001e+01 -6.16617806e-08 
 5.01187234e+02  5.01187234e+02  0.00000000e+00 -6.00000001e+01 -6.34623371e-08 
 5.15822165e+02  5.15822165e+02  0.00000000e+00 -6.00000001e+01 -6.53154708e-08 
 5.30884444e+02  5.30884444e+02  0.00000000e+00 -6.00000001e+01 -6.72227170e-08 
 5.46386550e+02  5.46386550e+02  0.00000000e+00 -6.00000001e+01 -6.91856558e-08 
 5.62341325e+02  5.62341325e+02  0.00000000e+00 -6.00000001e+01 -7.12059134e-08 
 5.78761988e+02  5.78761988e+02  0.00000000e+00 -6.00000001e+01 -7.32851636e-08 
 5.95662144e+02  5.95662144e+02  0.00000000e+00 -6.00000001e+01 -7.54251291e-08 
 6.13055792e+02  6.13055792e+02  0.00000000e+00 -6.00000001e+01 -7.76275826e-08 
 6.30957344e+02  6.30957344e+02  0.00000000e+00 -6.00000001e+01 -7.98943489e-08 
 6.49381632e+02  6.49381632e+02  0.00000000e+00 -6.00000001e+01 -8.22273060e-08 
 6.68343918e+02  6.68343918e+02  0.00000000e+00 -6.00000001e+01 -8.46283867e-08 
 6.87859912e+02  6.87859912e+02  0.00000000e+00 -6.00000001e+01 -8.70995802e-08 
 7.07945784e+02  7.07945784e+02  0.00000000e+00 -6.00000001e+01 -8.96429339e-08 
 7.28618175e+02  7.28618175e+02  0.00000000e+00 -6.00000001e+01 -9.22605548e-08 
 7.49894209e+02  7.49894209e+02  0.00000000e+00 -6.00000001e+01 -9.49546117e-08 
 7.71791516e+02  7.71791516e+02  0.00000000e+00 -6.00000001e+01 -9.77273364e-08 
 7.94328235e+02  7.94328235e+02  0.00000000e+00 -6.00000001e+01 -1.00581026e-07 
 8.17523038e+02  8.17523038e+02  0.00000000e+00 -6.00000001e+01 -1.03518045e-07 
 8.41395142e+02  8.41395142e+02  0.00000000e+00 -6.00000001e+01 -1.06540827e-07 
 8.65964323e+02  8.65964323e+02  0.00000000e+00 -6.00000001e+01 -1.09651875e-07 
 8.91250938e+02  8.91250938e+02  0.00000000e+00 -6.00000001e+01 -1.12853767e-07 
 9.17275935e+02  9.17275935e+02  0.00000000e+00 -6.00000001e+01 -1.16149157e-07 
 9.44060876e+02  9.44060876e+02  0.00000000e+00 -6.00000001e+01 -1.19540774e-07 
 9.71627952e+02  9.71627952e+02  0.00000000e+00 -6.00000001e+01 -1.23031427e-07 
 1.00000000e+03  1.00000000e+03  0.00000000e+00 -6.00000001e+01 -1.26624010e-07 
 1.02920053e+03  1.02920053e+03  0.00000000e+00 -6.00000001e+01 -1.30321498e-07 
 1.05925373e+03  1.05925373e+03  0.00000000e+00 -6.00000001e+01 -1.34126954e-07 
 1.09018449e+03  1.09018449e+03  0.00000000e+00 -6.00000001e+01 -1.38043532e-07 
 1.12201845e+03  1.12201845e+03  0.00000000e+00 -6.00000001e+01 -1.42074476e-07 
 1.15478198e+03  1.15478198e+03  0.00000000e+00 -6.00000001e+01 -1.46223125e-07 
 1.18850223e+03  1.18850223e+03  0.00000000e+00 -6.00000001e+01 -1.50492918e-07 
 1.22320712e+03  1.22320712e+03  0.00000000e+00 -6.00000001e+01 -1.54887390e-07 
 1.25892541e+03  1.25892541e+03  0.00000000e+00 -6.00000001e+01 -1.59410184e-07 
 1.29568670e+03  1.29568670e+03  0.00000000e+00 -6.00000001e+01 -1.64065045e-07 
 1.33352143e+03  1.33352143e+03  0.00000000e+00 -6.00000001e+01 -1.68855831e-07 
 1.37246096e+03  1.37246096e+03  0.00000000e+00 -6.00000001e+01 -1.73786510e-07 
 1.41253754e+03  1.41253754e+03  0.00000000e+00 -6.00000001e+01 -1.78861168e-07 
 1.45378439e+03  1.45378439e+03  0.00000000e+00 -6.00000001e+01 -1.84084008e-07 
 1.49623566e+03  1.49623566e+03  0.00000000e+00 -6.00000001e+01 -1.89459358e-07 
 1.53992653e+03  1.53992653e+03  0.00000000e+00 -6.00000001e+01 -1.94991671e-07 
 1.58489319e+03  1.58489319e+03  0.00000000e+00 -6.00000001e+01 -2.00685531e-07 
 1.63117291e+03  1.63117291e+03  0.00000000e+00 -6.00000001e+01 -2.06545654e-07 
 1.67880402e+03  1.67880402e+03  0.00000000e+00 -6.00000001e+01 -2.12576896e-07 
 1.72782598e+03  1.72782598e+03  0.00000000e+00 -6.00000001e+01 -2.18784254e-07 
 1.77827941e+03  1.77827941e+03  0.00000000e+00 -6.00000001e+01 -2.25172869e-07 
 1.83020611e+03  1.83020611e+03  0.00000000e+00 -6.00000001e+01 -2.31748036e-07 
 1.88364909e+03  1.88364909e+03  0.00000000e+00 -6.00000001e+01 -2.38515201e-07 
 1.93865264e+03  1.93865264e+03  0.00000000e+00 -6.00000001e+01 -2.45479970e-07 
 1.99526231e+03  1.99526231e+03  0.00000000e+00 -6.00000001e+01 -2.52648115e-07 
 2.05352503e+03  2.05352503e+03  0.00000000e+00 -6.00000001e+01 -2.60025573e-07 
 2.11348904e+03  2.11348904e+03  0.00000000e+00 -6.00000001e+01 -2.67618457e-07 
 2.17520403e+03  2.17520403e+03  0.00000000e+00 -6.00000001e+01 -2.75433057e-07 
 2.23872114e+03  2.23872114e+03  0.00000000e+00 -6.00000001e+01 -2.83475847e-07 
 2.30409298e+03  2.30409298e+03  0.00000000e+00 -6.00000001e+01 -2.91753491e-07 
 2.37137371e+03  2.37137371e+03  0.00000000e+00 -6.00000001e+01 -3.00272847e-07 
 2.44061907e+03  2.44061907e+03  0.00000000e+00 -6.00000001e+01 -3.09040973e-07 
 2.51188643e+03  2.51188643e+03  0.00000000e+00 -6.00000001e+01 -3.18065132e-07 
 2.58523484e+03  2.58523484e+03  0.00000000e+00 -6.00000001e+01 -3.27352801e-07 
 2.66072506e+03  2.66072506e+03  0.00000000e+00 -6.00000001e+01 -3.36911676e-07 
 2.73841963e+03  2.73841963e+03  0.00000000e+00 -6.00000001e+01 -3.46749674e-07 
 2.81838293e+03  2.81838293e+03  0.00000000e+00 -6.00000001e+01 -3.56874948e-07 
 2.90068120e+03  2.90068120e+03  0.00000000e+00 -6.00000001e+01 -3.67295884e-07 
 2.98538262e+03  2.98538262e+03  0.00000000e+00 -6.00000001e+01 -3.78021118e-07 
 3.07255737e+03  3.07255737e+03  0.00000000e+00 -6.00000001e+01 -3.89059534e-07 
 3.16227766e+03  3.16227766e+03  0.00000000e+00 -6.00000001e+01 -4.00420277e-07 
 3.25461783e+03  3.25461783e+03  0.00000000e+00 -6.00000001e+01 -4.12112760e-07 
 3.34965439e+03  3.34965439e+03  0.00000000e+00 -6.00000001e+01 -4.24146670e-07 
 3.44746607e+03  3.44746607e+03  0.00000000e+00 -6.00000001e+01 -4.36531977e-07 
 3.54813389e+03  3.54813389e+03  0.00000000e+00 -6.00000001e+01 -4.49278941e-07 
 3.65174127e+03  3.65174127e+03  0.00000000e+00 -6.00000001e+01 -4.62398122e-07 
 3.75837404e+03  3.75837404e+03  0.00000000e+00 -6.00000001e+01 -4.75900391e-07 
 3.86812055e+03  3.86812055e+03  0.00000000e+00 -6.00000001e+01 -4.89796934e-07 
 3.98107171e+03  3.98107171e+03  0.00000000e+00 -6.00000001e+01 -5.04099262e-07 
 4.09732110e+03  4.09732110e+03  0.00000000e+00 -6.00000001e+01 -5.18819227e-07 
 4.21696503e+03  4.21696503e+03  0.00000000e+00 -6.00000001e+01 -5.33969022e-07 
 4.34010264e+03  4.34010264e+03  0.00000000e+00 -6.00000001e+01 -5.49561198e-07 
 4.46683592e+03  4.46683592e+03  0.00000000e+00 -6.00000001e+01 -5.65608675e-07 
 4.59726989e+03  4.59726989e+03  0.00000000e+00 -6.00000001e+01 -5.82124747e-07 
 4.73151259e+03  4.73151259e+03  0.00000000e+00 -6.00000001e+01 -5.99123096e-07 
 4.86967525e+03  4.86967525e+03  0.00000000e+00 -6.00000001e+01 -6.16617806e-07 
 5.01187234e+03  5.01187234e+03  0.00000000e+00 -6.00000001e+01 -6.34623371e-07 
 5.15822165e+03  5.15822165e+03  0.00000000e+00 -6.00000001e+01 -6.53154708e-07 
 5.30884444e+03  5.30884444e+03  0.00000000e+00 -6.00000001e+01 -6.72227170e-07 
 5.46386550e+03  5.46386550e+03  0.00000000e+00 -6.00000001e+01 -6.91856558e-07 
 5.62341325e+03  5.62341325e+03  0.00000000e+00 -6.00000001e+01 -7.12059134e-07 
 5.78761988e+03  5.78761988e+03  0.00000000e+00 -6.00000001e+01 -7.32851636e-07 
 5.95662144e+03  5.95662144e+03  0.00000000e+00 -6.00000001e+01 -7.54251291e-07 
 6.13055792e+03  6.13055792e+03  0.00000000e+00 -6.00000001e+01 -7.76275826e-07 
 6.30957344e+03  6.30957344e+03  0.00000000e+00 -6.00000001e+01 -7.98943489e-07 
 6.49381632e+03  6.49381632e+03  0.00000000e+00 -6.00000001e+01 -8.22273060e-07 
 6.68343918e+03  6.68343918e+03  0.00000000e+00 -6.00000001e+01 -8.46283867e-07 
 6.87859912e+03  6.87859912e+03  0.00000000e+00 -6.00000001e+01 -8.70995802e-07 
 7.07945784e+03  7.07945784e+03  0.00000000e+00 -6.00000001e+01 -8.96429339e-07 
 7.28618175e+03  7.28618175e+03  0.00000000e+00 -6.00000001e+01 -9.22605548e-07 
 7.49894209e+03  7.49894209e+03  0.00000000e+00 -6.00000001e+01 -9.49546117e-07 
 7.71791516e+03  7.71791516e+03  0.00000000e+00 -6.00000001e+01 -9.77273364e-07 
 7.94328235e+03  7.94328235e+03  0.00000000e+00 -6.00000001e+01 -1.00581026e-06 
 8.17523038e+03  8.17523038e+03  0.00000000e+00 -6.00000001e+01 -1.03518045e-06 
 8.41395142e+03  8.41395142e+03  0.00000000e+00 -6.00000001e+01 -1.06540827e-06 
 8.65964323e+03  8.65964323e+03  0.00000000e+00 -6.00000001e+01 -1.09651875e-06 
 8.91250938e+03  8.91250938e+03  0.00000000e+00 -6.00000001e+01 -1.12853767e-06 
 9.17275935e+03  9.17275935e+03  0.00000000e+00 -6.00000001e+01 -1.16149157e-06 
 9.44060876e+03  9.44060876e+03  0.00000000e+00 -6.00000001e+01 -1.19540774e-06 
 9.71627952e+03  9.71627952e+03  0.00000000e+00 -6.00000001e+01 -1.23031427e-06 
 1.00000000e+04  1.00000000e+04  0.00000000e+00 -6.00000001e+01 -1.26624010e-06 
 1.02920053e+04  1.02920053e+04  0.00000000e+00 -6.00000001e+01 -1.30321498e-06 
 1.05925373e+04  1.05925373e+04  0.00000000e+00 -6.00000001e+01 -1.34126954e-06 
 1.09018449e+04  1.09018449e+04  0.00000000e+00 -6.00000001e+01 -1.38043532e-06 
 1.12201845e+04  1.12201845e+04  0.00000000e+00 -6.00000001e+01 -1.42074476e-06 
 1.15478198e+04  1.15478198e+04  0.00000000e+00 -6.00000001e+01 -1.46223125e-06 
 1.18850223e+04  1.18850223e+04  0.00000000e+00 -6.00000001e+01 -1.50492918e-06 
 1.22320712e+04  1.22320712e+04  0.00000000e+00 -6.00000001e+01 -1.54887390e-06 
 1.25892541e+04  1.25892541e+04  0.00000000e+00 -6.00000001e+01 -1.59410184e-06 
 1.29568670e+04  1.29568670e+04  0.00000000e+00 -6.00000001e+01 -1.64065045e-06 
 1.33352143e+04  1.33352143e+04  0.00000000e+00 -6.00000001e+01 -1.68855831e-06 
 1.37246096e+04  1.37246096e+04  0.00000000e+00 -6.00000001e+01 -1.73786510e-06 
 1.41253754e+04  1.41253754e+04  0.00000000e+00 -6.00000001e+01 -1.78861168e-06 
 1.45378439e+04  1.45378439e+04  0.00000000e+00 -6.00000001e+01 -1.84084008e-06 
 1.49623566e+04  1.49623566e+04  0.00000000e+00 -6.00000001e+01 -1.89459358e-06 
 1.53992653e+04  1.53992653e+04  0.00000000e+00 -6.00000001e+01 -1.94991671e-06 
 1.58489319e+04  1.58489319e+04  0.00000000e+00 -6.00000001e+01 -2.00685531e-06 
 1.63117291e+04  1.63117291e+04  0.00000000e+00 -6.00000001e+01 -2.06545654e-06 
 1.67880402e+04  1.67880402e+04  0.00000000e+00 -6.00000001e+01 -2.12576896e-06 
 1.72782598e+04  1.72782598e+04  0.00000000e+00 -6.00000001e+01 -2.18784254e-06 
 1.77827941e+04  1.77827941e+04  0.00000000e+00 -6.00000001e+01 -2.25172869e-06 
 1.83020611e+04  1.83020611e+04  0.00000000e+00 -6.00000001e+01 -2.31748036e-06 
 1.88364909e+04  1.88364909e+04  0.00000000e+00 -6.00000001e+01 -2.38515201e-06 
 1.93865264e+04  1.93865264e+04  0.00000000e+00 -6.00000001e+01 -2.45479970e-06 
 1.99526231e+04  1.99526231e+04  0.00000000e+00 -6.00000001e+01 -2.52648115e-06 
 2.05352503e+04  2.05352503e+04  0.00000000e+00 -6.00000001e+01 -2.60025573e-06 
 2.11348904e+04  2.11348904e+04  0.00000000e+00 -6.00000001e+01 -2.67618457e-06 
 2.17520403e+04  2.17520403e+04  0.00000000e+00 -6.00000001e+01 -2.75433057e-06 
 2.23872114e+04  2.23872114e+04  0.00000000e+00 -6.00000001e+01 -2.83475847e-06 
 2.30409298e+04  2.30409298e+04  0.00000000e+00 -6.00000001e+01 -2.91753491e-06 
 2.37137371e+04  2.37137371e+04  0.00000000e+00 -6.00000001e+01 -3.00272847e-06 
 2.44061907e+04  2.44061907e+04  0.00000000e+00 -6.00000001e+01 -3.09040973e-06 
 2.51188643e+04  2.51188643e+04  0.00000000e+00 -6.00000001e+01 -3.18065132e-06 
 2.58523484e+04  2.58523484e+04  0.00000000e+00 -6.00000001e+01 -3.27352801e-06 
 2.66072506e+04  2.66072506e+04  0.00000000e+00 -6.00000001e+01 -3.36911676e-06 
 2.73841963e+04  2.73841963e+04  0.00000000e+00 -6.00000001e+01 -3.46749674e-06 
 2.81838293e+04  2.81838293e+04  0.00000000e+00 -6.00000001e+01 -3.56874948e-06 
 2.90068120e+04  2.90068120e+04  0.00000000e+00 -6.00000001e+01 -3.67295884e-06 
 2.98538262e+04  2.98538262e+04  0.00000000e+00 -6.00000001e+01 -3.78021118e-06 
 3.07255737e+04  3.07255737e+04  0.00000000e+00 -6.00000001e+01 -3.89059534e-06 
 3.16227766e+04  3.16227766e+04  0.00000000e+00 -6.00000001e+01 -4.00420277e-06 
 3.25461783e+04  3.25461783e+04  0.00000000e+00 -6.00000001e+01 -4.12112760e-06 
 3.34965439e+04  3.34965439e+04  0.00000000e+00 -6.00000001e+01 -4.24146670e-06 
 3.44746607e+04  3.44746607e+04  0.00000000e+00 -6.00000001e+01 -4.36531977e-06 
 3.54813389e+04  3.54813389e+04  0.00000000e+00 -6.00000001e+01 -4.49278940e-06 
 3.65174127e+04  3.65174127e+04  0.00000000e+00 -6.00000001e+01 -4.62398122e-06 
 3.75837404e+04  3.75837404e+04  0.00000000e+00 -6.00000001e+01 -4.75900391e-06 
 3.86812055e+04  3.86812055e+04  0.00000000e+00 -6.00000001e+01 -4.89796934e-06 
 3.98107171e+04  3.98107171e+04  0.00000000e+00 -6.00000001e+01 -5.04099262e-06 
 4.09732110e+04  4.09732110e+04  0.00000000e+00 -6.00000001e+01 -5.18819227e-06 
 4.21696503e+04  4.21696503e+04  0.00000000e+00 -6.00000001e+01 -5.33969022e-06 
 4.34010264e+04  4.34010264e+04  0.00000000e+00 -6.00000001e+01 -5.49561198e-06 
 4.46683592e+04  4.46683592e+04  0.00000000e+00 -6.00000001e+01 -5.65608675e-06 
 4.59726989e+04  4.59726989e+04  0.00000000e+00 -6.00000001e+01 -5.82124747e-06 
 4.73151259e+04  4.73151259e+04  0.00000000e+00 -6.00000001e+01 -5.99123096e-06 
 4.86967525e+04  4.86967525e+04  0.00000000e+00 -6.00000001e+01 -6.16617806e-06 
 5.01187234e+04  5.01187234e+04  0.00000000e+00 -6.00000001e+01 -6.34623371e-06 
 5.15822165e+04  5.15822165e+04  0.00000000e+00 -6.00000001e+01 -6.53154708e-06 
 5.30884444e+04  5.30884444e+04  0.00000000e+00 -6.00000001e+01 -6.72227170e-06 
 5.46386550e+04  5.46386550e+04  0.00000000e+00 -6.00000001e+01 -6.91856558e-06 
 5.62341325e+04  5.62341325e+04  0.00000000e+00 -6.00000001e+01 -7.12059134e-06 
 5.78761988e+04  5.78761988e+04  0.00000000e+00 -6.00000001e+01 -7.32851636e-06 
 5.95662144e+04  5.95662144e+04  0.00000000e+00 -6.00000001e+01 -7.54251291e-06 
 6.13055792e+04  6.13055792e+04  0.00000000e+00 -6.00000001e+01 -7.76275826e-06 
 6.30957344e+04  6.30957344e+04  0.00000000e+00 -6.00000001e+01 -7.98943489e-06 
 6.49381632e+04  6.49381632e+04  0.00000000e+00 -6.00000001e+01 -8.22273060e-06 
 6.68343918e+04  6.68343918e+04  0.00000000e+00 -6.00000001e+01 -8.46283867e-06 
 6.87859912e+04  6.87859912e+04  0.00000000e+00 -6.00000001e+01 -8.70995802e-06 
 7.07945784e+04  7.07945784e+04  0.00000000e+00 -6.00000001e+01 -8.96429339e-06 
 7.28618175e+04  7.28618175e+04  0.00000000e+00 -6.00000001e+01 -9.22605548e-06 
 7.49894209e+04  7.49894209e+04  0.00000000e+00 -6.00000001e+01 -9.49546117e-06 
 7.71791516e+04  7.71791516e+04  0.00000000e+00 -6.00000001e+01 -9.77273364e-06 
 7.94328235e+04  7.94328235e+04  0.00000000e+00 -6.00000001e+01 -1.00581026e-05 
 8.17523038e+04  8.17523038e+04  0.00000000e+00 -6.00000001e+01 -1.03518045e-05 
 8.41395142e+04  8.41395142e+04  0.00000000e+00 -6.00000001e+01 -1.06540827e-05 
 8.65964323e+04  8.65964323e+04  0.00000000e+00 -6.00000001e+01 -1.09651875e-05 
 8.91250938e+04  8.91250938e+04  0.00000000e+00 -6.00000001e+01 -1.12853767e-05 
 9.17275935e+04  9.17275935e+04  0.00000000e+00 -6.00000001e+01 -1.16149157e-05 
 9.44060876e+04  9.44060876e+04  0.00000000e+00 -6.00000001e+01 -1.19540774e-05 
 9.71627952e+04  9.71627952e+04  0.00000000e+00 -6.00000001e+01 -1.23031427e-05 
 1.00000000e+05  1.00000000e+05  0.00000000e+00 -6.00000001e+01 -1.26624010e-05 
 1.02920053e+05  1.02920053e+05  0.00000000e+00 -6.00000001e+01 -1.30321498e-05 
 1.05925373e+05  1.05925373e+05  0.00000000e+00 -6.00000001e+01 -1.34126954e-05 
 1.09018449e+05  1.09018449e+05  0.00000000e+00 -6.00000001e+01 -1.38043532e-05 
 1.12201845e+05  1.12201845e+05  0.00000000e+00 -6.00000001e+01 -1.42074476e-05 
 1.15478198e+05  1.15478198e+05  0.00000000e+00 -6.00000001e+01 -1.46223125e-05 
 1.18850223e+05  1.18850223e+05  0.00000000e+00 -6.00000001e+01 -1.50492918e-05 
 1.22320712e+05  1.22320712e+05  0.00000000e+00 -6.00000001e+01 -1.54887390e-05 
 1.25892541e+05  1.25892541e+05  0.00000000e+00 -6.00000001e+01 -1.59410184e-05 
 1.29568670e+05  1.29568670e+05  0.00000000e+00 -6.00000001e+01 -1.64065045e-05 
 1.33352143e+05  1.33352143e+05  0.00000000e+00 -6.00000001e+01 -1.68855831e-05 
 1.37246096e+05  1.37246096e+05  0.00000000e+00 -6.00000001e+01 -1.73786510e-05 
 1.41253754e+05  1.41253754e+05  0.00000000e+00 -6.00000001e+01 -1.78861168e-05 
 1.45378439e+05  1.45378439e+05  0.00000000e+00 -6.00000001e+01 -1.84084008e-05 
 1.49623566e+05  1.49623566e+05  0.00000000e+00 -6.00000001e+01 -1.89459358e-05 
 1.53992653e+05  1.53992653e+05  0.00000000e+00 -6.00000001e+01 -1.94991671e-05 
 1.58489319e+05  1.58489319e+05  0.00000000e+00 -6.00000001e+01 -2.00685531e-05 
 1.63117291e+05  1.63117291e+05  0.00000000e+00 -6.00000001e+01 -2.06545654e-05 
 1.67880402e+05  1.67880402e+05  0.00000000e+00 -6.00000001e+01 -2.12576896e-05 
 1.72782598e+05  1.72782598e+05  0.00000000e+00 -6.00000001e+01 -2.18784254e-05 
 1.77827941e+05  1.77827941e+05  0.00000000e+00 -6.00000001e+01 -2.25172869e-05 
 1.83020611e+05  1.83020611e+05  0.00000000e+00 -6.00000001e+01 -2.31748036e-05 
 1.88364909e+05  1.88364909e+05  0.00000000e+00 -6.00000001e+01 -2.38515201e-05 
 1.93865264e+05  1.93865264e+05  0.00000000e+00 -6.00000001e+01 -2.45479970e-05 
 1.99526231e+05  1.99526231e+05  0.00000000e+00 -6.00000001e+01 -2.52648115e-05 
 2.05352503e+05  2.05352503e+05  0.00000000e+00 -6.00000001e+01 -2.60025573e-05 
 2.11348904e+05  2.11348904e+05  0.00000000e+00 -6.00000001e+01 -2.67618457e-05 
 2.17520403e+05  2.17520403e+05  0.00000000e+00 -6.00000001e+01 -2.75433057e-05 
 2.23872114e+05  2.23872114e+05  0.00000000e+00 -6.00000001e+01 -2.83475847e-05 
 2.30409298e+05  2.30409298e+05  0.00000000e+00 -6.00000001e+01 -2.91753491e-05 
 2.37137371e+05  2.37137371e+05  0.00000000e+00 -6.00000001e+01 -3.00272847e-05 
 2.44061907e+05  2.44061907e+05  0.00000000e+00 -6.00000001e+01 -3.09040973e-05 
 2.51188643e+05  2.51188643e+05  0.00000000e+00 -6.00000001e+01 -3.18065132e-05 
 2.58523484e+05  2.58523484e+05  0.00000000e+00 -6.00000001e+01 -3.27352801e-05 
 2.66072506e+05  2.66072506e+05  0.00000000e+00 -6.00000001e+01 -3.36911676e-05 
 2.73841963e+05  2.73841963e+05  0.00000000e+00 -6.00000001e+01 -3.46749674e-05 
 2.81838293e+05  2.81838293e+05  0.00000000e+00 -6.00000001e+01 -3.56874948e-05 
 2.90068120e+05  2.90068120e+05  0.00000000e+00 -6.00000001e+01 -3.67295884e-05 
 2.98538262e+05  2.98538262e+05  0.00000000e+00 -6.00000001e+01 -3.78021118e-05 
 3.07255737e+05  3.07255737e+05  0.00000000e+00 -6.00000001e+01 -3.89059534e-05 
 3.16227766e+05  3.16227766e+05  0.00000000e+00 -6.00000001e+01 -4.00420277e-05 
 3.25461783e+05  3.25461783e+05  0.00000000e+00 -6.00000001e+01 -4.12112760e-05 
 3.34965439e+05  3.34965439e+05  0.00000000e+00 -6.00000001e+01 -4.24146670e-05 
 3.44746607e+05  3.44746607e+05  0.00000000e+00 -6.00000001e+01 -4.36531976e-05 
 3.54813389e+05  3.54813389e+05  0.00000000e+00 -6.00000001e+01 -4.49278940e-05 
 3.65174127e+05  3.65174127e+05  0.00000000e+00 -6.00000001e+01 -4.62398122e-05 
 3.75837404e+05  3.75837404e+05  0.00000000e+00 -6.00000001e+01 -4.75900391e-05 
 3.86812055e+05  3.86812055e+05  0.00000000e+00 -6.00000001e+01 -4.89796933e-05 
 3.98107171e+05  3.98107171e+05  0.00000000e+00 -6.00000001e+01 -5.04099262e-05 
 4.09732110e+05  4.09732110e+05  0.00000000e+00 -6.00000001e+01 -5.18819226e-05 
 4.21696503e+05  4.21696503e+05  0.00000000e+00 -6.00000001e+01 -5.33969021e-05 
 4.34010264e+05  4.34010264e+05  0.00000000e+00 -6.00000001e+01 -5.49561198e-05 
 4.46683592e+05  4.46683592e+05  0.00000000e+00 -6.00000001e+01 -5.65608675e-05 
 4.59726989e+05  4.59726989e+05  0.00000000e+00 -6.00000001e+01 -5.82124746e-05 
 4.73151259e+05  4.73151259e+05  0.00000000e+00 -6.00000001e+01 -5.99123095e-05 
 4.86967525e+05  4.86967525e+05  0.00000000e+00 -6.00000001e+01 -6.16617806e-05 
 5.01187234e+05  5.01187234e+05  0.00000000e+00 -6.00000001e+01 -6.34623371e-05 
 5.15822165e+05  5.15822165e+05  0.00000000e+00 -6.00000001e+01 -6.53154708e-05 
 5.30884444e+05  5.30884444e+05  0.00000000e+00 -6.00000001e+01 -6.72227169e-05 
 5.46386550e+05  5.46386550e+05  0.00000000e+00 -6.00000001e+01 -6.91856557e-05 
 5.62341325e+05  5.62341325e+05  0.00000000e+00 -6.00000001e+01 -7.12059133e-05 
 5.78761988e+05  5.78761988e+05  0.00000000e+00 -6.00000001e+01 -7.32851635e-05 
 5.95662144e+05  5.95662144e+05  0.00000000e+00 -6.00000001e+01 -7.54251289e-05 
 6.13055792e+05  6.13055792e+05  0.00000000e+00 -6.00000001e+01 -7.76275824e-05 
 6.30957344e+05  6.30957344e+05  0.00000000e+00 -6.00000001e+01 -7.98943488e-05 
 6.49381632e+05  6.49381632e+05  0.00000000e+00 -6.00000001e+01 -8.22273058e-05 
 6.68343918e+05  6.68343918e+05  0.00000000e+00 -6.00000001e+01 -8.46283865e-05 
 6.87859912e+05  6.87859912e+05  0.00000000e+00 -6.00000001e+01 -8.70995800e-05 
 7.07945784e+05  7.07945784e+05  0.00000000e+00 -6.00000001e+01 -8.96429336e-05 
 7.28618175e+05  7.28618175e+05  0.00000000e+00 -6.00000001e+01 -9.22605545e-05 
 7.49894209e+05  7.49894209e+05  0.00000000e+00 -6.00000001e+01 -9.49546114e-05 
 7.71791516e+05  7.71791516e+05  0.00000000e+00 -6.00000001e+01 -9.77273361e-05 
 7.94328235e+05  7.94328235e+05  0.00000000e+00 -6.00000001e+01 -1.00581026e-04 
 8.17523038e+05  8.17523038e+05  0.00000000e+00 -6.00000001e+01 -1.03518045e-04 
 8.41395142e+05  8.41395142e+05  0.00000000e+00 -6.00000001e+01 -1.06540826e-04 
 8.65964323e+05  8.65964323e+05  0.00000000e+00 -6.00000001e+01 -1.09651874e-04 
 8.91250938e+05  8.91250938e+05  0.00000000e+00 -6.00000001e+01 -1.12853767e-04 
 9.17275935e+05  9.17275935e+05  0.00000000e+00 -6.00000001e+01 -1.16149156e-04 
 9.44060876e+05  9.44060876e+05  0.00000000e+00 -6.00000001e+01 -1.19540773e-04 
 9.71627952e+05  9.71627952e+05  0.00000000e+00 -6.00000001e+01 -1.23031427e-04 
 1.00000000e+06  1.00000000e+06  0.00000000e+00 -6.00000001e+01 -1.26624009e-04 
 1.02920053e+06  1.02920053e+06  0.00000000e+00 -6.00000001e+01 -1.30321497e-04 
 1.05925373e+06  1.05925373e+06  0.00000000e+00 -6.00000001e+01 -1.34126953e-04 
 1.09018449e+06  1.09018449e+06  0.00000000e+00 -6.00000002e+01 -1.38043531e-04 
 1.12201845e+06  1.12201845e+06  0.00000000e+00 -6.00000002e+01 -1.42074475e-04 
 1.15478198e+06  1.15478198e+06  0.00000000e+00 -6.00000002e+01 -1.46223124e-04 
 1.18850223e+06  1.18850223e+06  0.00000000e+00 -6.00000002e+01 -1.50492916e-04 
 1.22320712e+06  1.22320712e+06  0.00000000e+00 -6.00000002e+01 -1.54887389e-04 
 1.25892541e+06  1.25892541e+06  0.00000000e+00 -6.00000002e+01 -1.59410182e-04 
 1.29568670e+06  1.29568670e+06  0.00000000e+00 -6.00000002e+01 -1.64065043e-04 
 1.33352143e+06  1.33352143e+06  0.00000000e+00 -6.00000002e+01 -1.68855829e-04 
 1.37246096e+06  1.37246096e+06  0.00000000e+00 -6.00000002e+01 -1.73786508e-04 
 1.41253754e+06  1.41253754e+06  0.00000000e+00 -6.00000002e+01 -1.78861166e-04 
 1.45378439e+06  1.45378439e+06  0.00000000e+00 -6.00000002e+01 -1.84084006e-04 
 1.49623566e+06  1.49623566e+06  0.00000000e+00 -6.00000002e+01 -1.89459356e-04 
 1.53992653e+06  1.53992653e+06  0.00000000e+00 -6.00000002e+01 -1.94991669e-04 
 1.58489319e+06  1.58489319e+06  0.00000000e+00 -6.00000002e+01 -2.00685528e-04 
 1.63117291e+06  1.63117291e+06  0.00000000e+00 -6.00000003e+01 -2.06545651e-04 
 1.67880402e+06  1.67880402e+06  0.00000000e+00 -6.00000003e+01 -2.12576893e-04 
 1.72782598e+06  1.72782598e+06  0.00000000e+00 -6.00000003e+01 -2.18784250e-04 
 1.77827941e+06  1.77827941e+06  0.00000000e+00 -6.00000003e+01 -2.25172865e-04 
 1.83020611e+06  1.83020611e+06  0.00000000e+00 -6.00000003e+01 -2.31748032e-04 
 1.88364909e+06  1.88364909e+06  0.00000000e+00 -6.00000003e+01 -2.38515196e-04 
 1.93865264e+06  1.93865264e+06  0.00000000e+00 -6.00000003e+01 -2.45479965e-04 
 1.99526231e+06  1.99526231e+06  0.00000000e+00 -6.00000003e+01 -2.52648109e-04 
 2.05352503e+06  2.05352503e+06  0.00000000e+00 -6.00000004e+01 -2.60025567e-04 
 2.11348904e+06  2.11348904e+06  0.00000000e+00 -6.00000004e+01 -2.67618450e-04 
 2.17520403e+06  2.17520403e+06  0.00000000e+00 -6.00000004e+01 -2.75433050e-04 
 2.23872114e+06  2.23872114e+06  0.00000000e+00 -6.00000004e+01 -2.83475839e-04 
 2.30409298e+06  2.30409298e+06  0.00000000e+00 -6.00000004e+01 -2.91753483e-04 
 2.37137371e+06  2.37137371e+06  0.00000000e+00 -6.00000005e+01 -3.00272838e-04 
 2.44061907e+06  2.44061907e+06  0.00000000e+00 -6.00000005e+01 -3.09040963e-04 
 2.51188643e+06  2.51188643e+06  0.00000000e+00 -6.00000005e+01 -3.18065121e-04 
 2.58523484e+06  2.58523484e+06  0.00000000e+00 -6.00000005e+01 -3.27352789e-04 
 2.66072506e+06  2.66072506e+06  0.00000000e+00 -6.00000006e+01 -3.36911663e-04 
 2.73841963e+06  2.73841963e+06  0.00000000e+00 -6.00000006e+01 -3.46749660e-04 
 2.81838293e+06  2.81838293e+06  0.00000000e+00 -6.00000006e+01 -3.56874932e-04 
 2.90068120e+06  2.90068120e+06  0.00000000e+00 -6.00000007e+01 -3.67295867e-04 
 2.98538262e+06  2.98538262e+06  0.00000000e+00 -6.00000007e+01 -3.78021099e-04 
 3.07255737e+06  3.07255737e+06  0.00000000e+00 -6.00000007e+01 -3.89059514e-04 
 3.16227766e+06  3.16227766e+06  0.00000000e+00 -6.00000008e+01 -4.00420255e-04 
 3.25461783e+06  3.25461783e+06  0.00000000e+00 -6.00000008e+01 -4.12112736e-04 
 3.34965439e+06  3.34965439e+06  0.00000000e+00 -6.00000009e+01 -4.24146644e-04 
 3.44746607e+06  3.44746607e+06  0.00000000e+00 -6.00000009e+01 -4.36531948e-04 
 3.54813389e+06  3.54813389e+06  0.00000000e+00 -6.00000010e+01 -4.49278910e-04 
 3.65174127e+06  3.65174127e+06  0.00000000e+00 -6.00000010e+01 -4.62398089e-04 
 3.75837404e+06  3.75837404e+06  0.00000000e+00 -6.00000011e+01 -4.75900355e-04 
 3.86812055e+06  3.86812055e+06  0.00000000e+00 -6.00000011e+01 -4.89796894e-04 
 3.98107171e+06  3.98107171e+06  0.00000000e+00 -6.00000012e+01 -5.04099219e-04 
 4.09732110e+06  4.09732110e+06  0.00000000e+00 -6.00000013e+01 -5.18819179e-04 
 4.21696503e+06  4.21696503e+06  0.00000000e+00 -6.00000013e+01 -5.33968970e-04 
 4.34010264e+06  4.34010264e+06  0.00000000e+00 -6.00000014e+01 -5.49561142e-04 
 4.46683592e+06  4.46683592e+06  0.00000000e+00 -6.00000015e+01 -5.65608613e-04 
 4.59726989e+06  4.59726989e+06  0.00000000e+00 -6.00000016e+01 -5.82124679e-04 
 4.73151259e+06  4.73151259e+06  0.00000000e+00 -6.00000016e+01 -5.99123023e-04 
 4.86967525e+06  4.86967525e+06  0.00000000e+00 -6.00000017e+01 -6.16617726e-04 
 5.01187234e+06  5.01187234e+06  0.00000000e+00 -6.00000018e+01 -6.34623284e-04 
 5.15822165e+06  5.15822165e+06  0.00000000e+00 -6.00000019e+01 -6.53154613e-04 
 5.30884444e+06  5.30884444e+06  0.00000000e+00 -6.00000021e+01 -6.72227067e-04 
 5.46386550e+06  5.46386550e+06  0.00000000e+00 -6.00000022e+01 -6.91856445e-04 
 5.62341325e+06  5.62341325e+06  0.00000000e+00 -6.00000023e+01 -7.12059011e-04 
 5.78761988e+06  5.78761988e+06  0.00000000e+00 -6.00000024e+01 -7.32851502e-04 
 5.95662144e+06  5.95662144e+06  0.00000000e+00 -6.00000026e+01 -7.54251144e-04 
 6.13055792e+06  6.13055792e+06  0.00000000e+00 -6.00000027e+01 -7.76275666e-04 
 6.30957344e+06  6.30957344e+06  0.00000000e+00 -6.00000029e+01 -7.98943315e-04 
 6.49381632e+06  6.49381632e+06  0.00000000e+00 -6.00000030e+01 -8.22272870e-04 
 6.68343918e+06  6.68343918e+06  0.00000000e+00 -6.00000032e+01 -8.46283660e-04 
 6.87859912e+06  6.87859912e+06  0.00000000e+00 -6.00000034e+01 -8.70995577e-04 
 7.07945784e+06  7.07945784e+06  0.00000000e+00 -6.00000036e+01 -8.96429093e-04 
 7.28618175e+06  7.28618175e+06  0.00000000e+00 -6.00000038e+01 -9.22605280e-04 
 7.49894209e+06  7.49894209e+06  0.00000000e+00 -6.00000040e+01 -9.49545824e-04 
 7.71791516e+06  7.71791516e+06  0.00000000e+00 -6.00000043e+01 -9.77273045e-04 
 7.94328235e+06  7.94328235e+06  0.00000000e+00 -6.00000045e+01 -1.00580991e-03 
 8.17523038e+06  8.17523038e+06  0.00000000e+00 -6.00000048e+01 -1.03518007e-03 
 8.41395142e+06  8.41395142e+06  0.00000000e+00 -6.00000051e+01 -1.06540785e-03 
 8.65964323e+06  8.65964323e+06  0.00000000e+00 -6.00000054e+01 -1.09651830e-03 
 8.91250938e+06  8.91250938e+06  0.00000000e+00 -6.00000057e+01 -1.12853718e-03 
 9.17275935e+06  9.17275935e+06  0.00000000e+00 -6.00000060e+01 -1.16149103e-03 
 9.44060876e+06  9.44060876e+06  0.00000000e+00 -6.00000064e+01 -1.19540715e-03 
 9.71627952e+06  9.71627952e+06  0.00000000e+00 -6.00000067e+01 -1.23031364e-03 
 1.00000000e+07  1.00000000e+07  0.00000000e+00 -6.00000071e+01 -1.26623940e-03 
 1.02920053e+07  1.02920053e+07  0.00000000e+00 -6.00000075e+01 -1.30321422e-03 
 1.05925373e+07  1.05925373e+07  0.00000000e+00 -6.00000080e+01 -1.34126872e-03 
 1.09018449e+07  1.09018449e+07  0.00000000e+00 -6.00000085e+01 -1.38043442e-03 
 1.12201845e+07  1.12201845e+07  0.00000000e+00 -6.00000089e+01 -1.42074378e-03 
 1.15478198e+07  1.15478198e+07  0.00000000e+00 -6.00000095e+01 -1.46223018e-03 
 1.18850223e+07  1.18850223e+07  0.00000000e+00 -6.00000100e+01 -1.50492801e-03 
 1.22320712e+07  1.22320712e+07  0.00000000e+00 -6.00000106e+01 -1.54887263e-03 
 1.25892541e+07  1.25892541e+07  0.00000000e+00 -6.00000112e+01 -1.59410045e-03 
 1.29568670e+07  1.29568670e+07  0.00000000e+00 -6.00000119e+01 -1.64064894e-03 
 1.33352143e+07  1.33352143e+07  0.00000000e+00 -6.00000126e+01 -1.68855666e-03 
 1.37246096e+07  1.37246096e+07  0.00000000e+00 -6.00000134e+01 -1.73786331e-03 
 1.41253754e+07  1.41253754e+07  0.00000000e+00 -6.00000141e+01 -1.78860972e-03 
 1.45378439e+07  1.45378439e+07  0.00000000e+00 -6.00000150e+01 -1.84083795e-03 
 1.49623566e+07  1.49623566e+07  0.00000000e+00 -6.00000159e+01 -1.89459126e-03 
 1.53992653e+07  1.53992653e+07  0.00000000e+00 -6.00000168e+01 -1.94991418e-03 
 1.58489319e+07  1.58489319e+07  0.00000000e+00 -6.00000178e+01 -2.00685255e-03 
 1.63117291e+07  1.63117291e+07  0.00000000e+00 -6.00000188e+01 -2.06545353e-03 
 1.67880402e+07  1.67880402e+07  0.00000000e+00 -6.00000200e+01 -2.12576568e-03 
 1.72782598e+07  1.72782598e+07  0.00000000e+00 -6.00000211e+01 -2.18783896e-03 
 1.77827941e+07  1.77827941e+07  0.00000000e+00 -6.00000224e+01 -2.25172479e-03 
 1.83020611e+07  1.83020611e+07  0.00000000e+00 -6.00000237e+01 -2.31747611e-03 
 1.88364909e+07  1.88364909e+07  0.00000000e+00 -6.00000251e+01 -2.38514737e-03 
 1.93865264e+07  1.93865264e+07  0.00000000e+00 -6.00000266e+01 -2.45479465e-03 
 1.99526231e+07  1.99526231e+07  0.00000000e+00 -6.00000282e+01 -2.52647564e-03 
 2.05352503e+07  2.05352503e+07  0.00000000e+00 -6.00000298e+01 -2.60024972e-03 
 2.11348904e+07  2.11348904e+07  0.00000000e+00 -6.00000316e+01 -2.67617802e-03 
 2.17520403e+07  2.17520403e+07  0.00000000e+00 -6.00000334e+01 -2.75432343e-03 
 2.23872114e+07  2.23872114e+07  0.00000000e+00 -6.00000354e+01 -2.83475069e-03 
 2.30409298e+07  2.30409298e+07  0.00000000e+00 -6.00000375e+01 -2.91752643e-03 
 2.37137371e+07  2.37137371e+07  0.00000000e+00 -6.00000397e+01 -3.00271922e-03 
 2.44061907e+07  2.44061907e+07  0.00000000e+00 -6.00000421e+01 -3.09039964e-03 
 2.51188643e+07  2.51188643e+07  0.00000000e+00 -6.00000446e+01 -3.18064033e-03 
 2.58523484e+07  2.58523484e+07  0.00000000e+00 -6.00000472e+01 -3.27351603e-03 
 2.66072506e+07  2.66072506e+07  0.00000000e+00 -6.00000500e+01 -3.36910369e-03 
 2.73841963e+07  2.73841963e+07  0.00000000e+00 -6.00000530e+01 -3.46748250e-03 
 2.81838293e+07  2.81838293e+07  0.00000000e+00 -6.00000561e+01 -3.56873395e-03 
 2.90068120e+07  2.90068120e+07  0.00000000e+00 -6.00000594e+01 -3.67294192e-03 
 2.98538262e+07  2.98538262e+07  0.00000000e+00 -6.00000629e+01 -3.78019272e-03 
 3.07255737e+07  3.07255737e+07  0.00000000e+00 -6.00000667e+01 -3.89057522e-03 
 3.16227766e+07  3.16227766e+07  0.00000000e+00 -6.00000706e+01 -4.00418084e-03 
 3.25461783e+07  3.25461783e+07  0.00000000e+00 -6.00000748e+01 -4.12110369e-03 
 3.34965439e+07  3.34965439e+07  0.00000000e+00 -6.00000792e+01 -4.24144064e-03 
 3.44746607e+07  3.44746607e+07  0.00000000e+00 -6.00000839e+01 -4.36529135e-03 
 3.54813389e+07  3.54813389e+07  0.00000000e+00 -6.00000889e+01 -4.49275843e-03 
 3.65174127e+07  3.65174127e+07  0.00000000e+00 -6.00000941e+01 -4.62394745e-03 
 3.75837404e+07  3.75837404e+07  0.00000000e+00 -6.00000997e+01 -4.75896710e-03 
 3.86812055e+07  3.86812055e+07  0.00000000e+00 -6.00001056e+01 -4.89792920e-03 
 3.98107171e+07  3.98107171e+07  0.00000000e+00 -6.00001119e+01 -5.04094887e-03 
 4.09732110e+07  4.09732110e+07  0.00000000e+00 -6.00001185e+01 -5.18814456e-03 
 4.21696503e+07  4.21696503e+07  0.00000000e+00 -6.00001255e+01 -5.33963821e-03 
 4.34010264e+07  4.34010264e+07  0.00000000e+00 -6.00001329e+01 -5.49555529e-03 
 4.46683592e+07  4.46683592e+07  0.00000000e+00 -6.00001408e+01 -5.65602494e-03 
 4.59726989e+07  4.59726989e+07  0.00000000e+00 -6.00001492e+01 -5.82118008e-03 
 4.73151259e+07  4.73151259e+07  0.00000000e+00 -6.00001580e+01 -5.99115750e-03 
 4.86967525e+07  4.86967525e+07  0.00000000e+00 -6.00001674e+01 -6.16609798e-03 
 5.01187234e+07  5.01187234e+07  0.00000000e+00 -6.00001773e+01 -6.34614641e-03 
 5.15822165e+07  5.15822165e+07  0.00000000e+00 -6.00001878e+01 -6.53145190e-03 
 5.30884444e+07  5.30884444e+07  0.00000000e+00 -6.00001989e+01 -6.72216794e-03 
 5.46386550e+07  5.46386550e+07  0.00000000e+00 -6.00002107e+01 -6.91845246e-03 
 5.62341325e+07  5.62341325e+07  0.00000000e+00 -6.00002231e+01 -7.12046802e-03 
 5.78761988e+07  5.78761988e+07  0.00000000e+00 -6.00002364e+01 -7.32838192e-03 
 5.95662144e+07  5.95662144e+07  0.00000000e+00 -6.00002504e+01 -7.54236633e-03 
 6.13055792e+07  6.13055792e+07  0.00000000e+00 -6.00002652e+01 -7.76259847e-03 
 6.30957344e+07  6.30957344e+07  0.00000000e+00 -6.00002809e+01 -7.98926069e-03 
 6.49381632e+07  6.49381632e+07  0.00000000e+00 -6.00002975e+01 -8.22254069e-03 
 6.68343918e+07  6.68343918e+07  0.00000000e+00 -6.00003152e+01 -8.46263163e-03 
 6.87859912e+07  6.87859912e+07  0.00000000e+00 -6.00003338e+01 -8.70973231e-03 
 7.07945784e+07  7.07945784e+07  0.00000000e+00 -6.00003536e+01 -8.96404733e-03 
 7.28618175e+07  7.28618175e+07  0.00000000e+00 -6.00003746e+01 -9.22578723e-03 
 7.49894209e+07  7.49894209e+07  0.00000000e+00 -6.00003968e+01 -9.49516872e-03 
 7.71791516e+07  7.71791516e+07  0.00000000e+00 -6.00004203e+01 -9.77241482e-03 
 7.94328235e+07  7.94328235e+07  0.00000000e+00 -6.00004452e+01 -1.00577550e-02 
 8.17523038e+07  8.17523038e+07  0.00000000e+00 -6.00004715e+01 -1.03514256e-02 
 8.41395142e+07  8.41395142e+07  0.00000000e+00 -6.00004995e+01 -1.06536696e-02 
 8.65964323e+07  8.65964323e+07  0.00000000e+00 -6.00005291e+01 -1.09647372e-02 
 8.91250938e+07  8.91250938e+07  0.00000000e+00 -6.00005604e+01 -1.12848858e-02 
 9.17275935e+07  9.17275935e+07  0.00000000e+00 -6.00005936e+01 -1.16143805e-02 
 9.44060876e+07  9.44060876e+07  0.00000000e+00 -6.00006288e+01 -1.19534939e-02 
 9.71627952e+07  9.71627952e+07  0.00000000e+00 -6.00006660e+01 -1.23025066e-02 
 1.00000000e+08  1.00000000e+08  0.00000000e+00 -6.00007055e+01 -1.26617075e-02 
 1.02920053e+08  1.02920053e+08  0.00000000e+00 -6.00007473e+01 -1.30313938e-02 
 1.05925373e+08  1.05925373e+08  0.00000000e+00 -6.00007915e+01 -1.34118712e-02 
 1.09018449e+08  1.09018449e+08  0.00000000e+00 -6.00008384e+01 -1.38034547e-02 
 1.12201845e+08  1.12201845e+08  0.00000000e+00 -6.00008881e+01 -1.42064680e-02 
 1.15478198e+08  1.15478198e+08  0.00000000e+00 -6.00009407e+01 -1.46212447e-02 
 1.18850223e+08  1.18850223e+08  0.00000000e+00 -6.00009964e+01 -1.50481276e-02 
 1.22320712e+08  1.22320712e+08  0.00000000e+00 -6.00010555e+01 -1.54874699e-02 
 1.25892541e+08  1.25892541e+08  0.00000000e+00 -6.00011180e+01 -1.59396348e-02 
 1.29568670e+08  1.29568670e+08  0.00000000e+00 -6.00011842e+01 -1.64049962e-02 
 1.33352143e+08  1.33352143e+08  0.00000000e+00 -6.00012544e+01 -1.68839387e-02 
 1.37246096e+08  1.37246096e+08  0.00000000e+00 -6.00013287e+01 -1.73768584e-02 
 1.41253754e+08  1.41253754e+08  0.00000000e+00 -6.00014074e+01 -1.78841625e-02 
 1.45378439e+08  1.45378439e+08  0.00000000e+00 -6.00014908e+01 -1.84062703e-02 
 1.49623566e+08  1.49623566e+08  0.00000000e+00 -6.00015791e+01 -1.89436132e-02 
 1.53992653e+08  1.53992653e+08  0.00000000e+00 -6.00016726e+01 -1.94966351e-02 
 1.58489319e+08  1.58489319e+08  0.00000000e+00 -6.00017717e+01 -2.00657928e-02 
 1.63117291e+08  1.63117291e+08  0.00000000e+00 -6.00018767e+01 -2.06515562e-02 
 1.67880402e+08  1.67880402e+08  0.00000000e+00 -6.00019879e+01 -2.12544091e-02 
 1.72782598e+08  1.72782598e+08  0.00000000e+00 -6.00021056e+01 -2.18748490e-02 
 1.77827941e+08  1.77827941e+08  0.00000000e+00 -6.00022303e+01 -2.25133881e-02 
 1.83020611e+08  1.83020611e+08  0.00000000e+00 -6.00023625e+01 -2.31705532e-02 
 1.88364909e+08  1.88364909e+08  0.00000000e+00 -6.00025024e+01 -2.38468865e-02 
 1.93865264e+08  1.93865264e+08  0.00000000e+00 -6.00026506e+01 -2.45429457e-02 
 1.99526231e+08  1.99526231e+08  0.00000000e+00 -6.00028076e+01 -2.52593047e-02 
 2.05352503e+08  2.05352503e+08  0.00000000e+00 -6.00029739e+01 -2.59965540e-02 
 2.11348904e+08  2.11348904e+08  0.00000000e+00 -6.00031501e+01 -2.67553012e-02 
 2.17520403e+08  2.17520403e+08  0.00000000e+00 -6.00033366e+01 -2.75361711e-02 
 2.23872114e+08  2.23872114e+08  0.00000000e+00 -6.00035343e+01 -2.83398070e-02 
 2.30409298e+08  2.30409298e+08  0.00000000e+00 -6.00037436e+01 -2.91668702e-02 
 2.37137371e+08  2.37137371e+08  0.00000000e+00 -6.00039653e+01 -3.00180414e-02 
 2.44061907e+08  2.44061907e+08  0.00000000e+00 -6.00042001e+01 -3.08940207e-02 
 2.51188643e+08  2.51188643e+08  0.00000000e+00 -6.00044489e+01 -3.17955282e-02 
 2.58523484e+08  2.58523484e+08  0.00000000e+00 -6.00047124e+01 -3.27233049e-02 
 2.66072506e+08  2.66072506e+08  0.00000000e+00 -6.00049914e+01 -3.36781129e-02 
 2.73841963e+08  2.73841963e+08  0.00000000e+00 -6.00052870e+01 -3.46607360e-02 
 2.81838293e+08  2.81838293e+08  0.00000000e+00 -6.00056001e+01 -3.56719806e-02 
 2.90068120e+08  2.90068120e+08  0.00000000e+00 -6.00059316e+01 -3.67126759e-02 
 2.98538262e+08  2.98538262e+08  0.00000000e+00 -6.00062829e+01 -3.77836749e-02 
 3.07255737e+08  3.07255737e+08  0.00000000e+00 -6.00066548e+01 -3.88858548e-02 
 3.16227766e+08  3.16227766e+08  0.00000000e+00 -6.00070488e+01 -4.00201178e-02 
 3.25461783e+08  3.25461783e+08  0.00000000e+00 -6.00074662e+01 -4.11873915e-02 
 3.34965439e+08  3.34965439e+08  0.00000000e+00 -6.00079081e+01 -4.23886301e-02 
 3.44746607e+08  3.44746607e+08  0.00000000e+00 -6.00083763e+01 -4.36248144e-02 
 3.54813389e+08  3.54813389e+08  0.00000000e+00 -6.00088721e+01 -4.48969532e-02 
 3.65174127e+08  3.65174127e+08  0.00000000e+00 -6.00093972e+01 -4.62060835e-02 
 3.75837404e+08  3.75837404e+08  0.00000000e+00 -6.00099534e+01 -4.75532714e-02 
 3.86812055e+08  3.86812055e+08  0.00000000e+00 -6.00105424e+01 -4.89396131e-02 
 3.98107171e+08  3.98107171e+08  0.00000000e+00 -6.00111663e+01 -5.03662351e-02 
 4.09732110e+08  4.09732110e+08  0.00000000e+00 -6.00118270e+01 -5.18342957e-02 
 4.21696503e+08  4.21696503e+08  0.00000000e+00 -6.00125268e+01 -5.33449850e-02 
 4.34010264e+08  4.34010264e+08  0.00000000e+00 -6.00132679e+01 -5.48995264e-02 
 4.46683592e+08  4.46683592e+08  0.00000000e+00 -6.00140528e+01 -5.64991769e-02 
 4.59726989e+08  4.59726989e+08  0.00000000e+00 -6.00148840e+01 -5.81452283e-02 
 4.73151259e+08  4.73151259e+08  0.00000000e+00 -6.00157644e+01 -5.98390077e-02 
 4.86967525e+08  4.86967525e+08  0.00000000e+00 -6.00166966e+01 -6.15818784e-02 
 5.01187234e+08  5.01187234e+08  0.00000000e+00 -6.00176839e+01 -6.33752409e-02 
 5.15822165e+08  5.15822165e+08  0.00000000e+00 -6.00187295e+01 -6.52205337e-02 
 5.30884444e+08  5.30884444e+08  0.00000000e+00 -6.00198367e+01 -6.71192339e-02 
 5.46386550e+08  5.46386550e+08  0.00000000e+00 -6.00210093e+01 -6.90728585e-02 
 5.62341325e+08  5.62341325e+08  0.00000000e+00 -6.00222509e+01 -7.10829648e-02 
 5.78761988e+08  5.78761988e+08  0.00000000e+00 -6.00235658e+01 -7.31511515e-02 
 5.95662144e+08  5.95662144e+08  0.00000000e+00 -6.00249581e+01 -7.52790594e-02 
 6.13055792e+08  6.13055792e+08  0.00000000e+00 -6.00264324e+01 -7.74683724e-02 
 6.30957344e+08  6.30957344e+08  0.00000000e+00 -6.00279936e+01 -7.97208181e-02 
 6.49381632e+08  6.49381632e+08  0.00000000e+00 -6.00296466e+01 -8.20381689e-02 
 6.68343918e+08  6.68343918e+08  0.00000000e+00 -6.00313969e+01 -8.44222426e-02 
 6.87859912e+08  6.87859912e+08  0.00000000e+00 -6.00332501e+01 -8.68749030e-02 
 7.07945784e+08  7.07945784e+08  0.00000000e+00 -6.00352122e+01 -8.93980612e-02 
 7.28618175e+08  7.28618175e+08  0.00000000e+00 -6.00372897e+01 -9.19936756e-02 
 7.49894209e+08  7.49894209e+08  0.00000000e+00 -6.00394891e+01 -9.46637531e-02 
 7.71791516e+08  7.71791516e+08  0.00000000e+00 -6.00418177e+01 -9.74103497e-02 
 7.94328235e+08  7.94328235e+08  0.00000000e+00 -6.00442828e+01 -1.00235571e-01 
 8.17523038e+08  8.17523038e+08  0.00000000e+00 -6.00468925e+01 -1.03141572e-01 
 8.41395142e+08  8.41395142e+08  0.00000000e+00 -6.00496551e+01 -1.06130559e-01 
 8.65964323e+08  8.65964323e+08  0.00000000e+00 -6.00525795e+01 -1.09204790e-01 
 8.91250938e+08  8.91250938e+08  0.00000000e+00 -6.00556749e+01 -1.12366572e-01 
 9.17275935e+08  9.17275935e+08  0.00000000e+00 -6.00589514e+01 -1.15618267e-01 
 9.44060876e+08  9.44060876e+08  0.00000000e+00 -6.00624193e+01 -1.18962285e-01 
 9.71627952e+08  9.71627952e+08  0.00000000e+00 -6.00660896e+01 -1.22401090e-01 
 1.00000000e+09  1.00000000e+09  0.00000000e+00 -6.00699740e+01 -1.25937198e-01 
 1.02920053e+09  1.02920053e+09  0.00000000e+00 -6.00740848e+01 -1.29573175e-01 
 1.05925373e+09  1.05925373e+09  0.00000000e+00 -6.00784348e+01 -1.33311639e-01 
 1.09018449e+09  1.09018449e+09  0.00000000e+00 -6.00830379e+01 -1.37155258e-01 
 1.12201845e+09  1.12201845e+09  0.00000000e+00 -6.00879083e+01 -1.41106751e-01 
 1.15478198e+09  1.15478198e+09  0.00000000e+00 -6.00930613e+01 -1.45168885e-01 
 1.18850223e+09  1.18850223e+09  0.00000000e+00 -6.00985129e+01 -1.49344475e-01 
 1.22320712e+09  1.22320712e+09  0.00000000e+00 -6.01042800e+01 -1.53636383e-01 
 1.25892541e+09  1.25892541e+09  0.00000000e+00 -6.01103805e+01 -1.58047516e-01 
 1.29568670e+09  1.29568670e+09  0.00000000e+00 -6.01168330e+01 -1.62580824e-01 
 1.33352143e+09  1.33352143e+09  0.00000000e+00 -6.01236573e+01 -1.67239298e-01 
 1.37246096e+09  1.37246096e+09  0.00000000e+00 -6.01308742e+01 -1.72025967e-01 
 1.41253754e+09  1.41253754e+09  0.00000000e+00 -6.01385056e+01 -1.76943896e-01 
 1.45378439e+09  1.45378439e+09  0.00000000e+00 -6.01465744e+01 -1.81996185e-01 
 1.49623566e+09  1.49623566e+09  0.00000000e+00 -6.01551049e+01 -1.87185959e-01 
 1.53992653e+09  1.53992653e+09  0.00000000e+00 -6.01641224e+01 -1.92516371e-01 
 1.58489319e+09  1.58489319e+09  0.00000000e+00 -6.01736537e+01 -1.97990594e-01 
 1.63117291e+09  1.63117291e+09  0.00000000e+00 -6.01837268e+01 -2.03611816e-01 
 1.67880402e+09  1.67880402e+09  0.00000000e+00 -6.01943712e+01 -2.09383236e-01 
 1.72782598e+09  1.72782598e+09  0.00000000e+00 -6.02056176e+01 -2.15308057e-01 
 1.77827941e+09  1.77827941e+09  0.00000000e+00 -6.02174985e+01 -2.21389479e-01 
 1.83020611e+09  1.83020611e+09  0.00000000e+00 -6.02300477e+01 -2.27630696e-01 
 1.88364909e+09  1.88364909e+09  0.00000000e+00 -6.02433007e+01 -2.34034880e-01 
 1.93865264e+09  1.93865264e+09  0.00000000e+00 -6.02572947e+01 -2.40605181e-01 
 1.99526231e+09  1.99526231e+09  0.00000000e+00 -6.02720684e+01 -2.47344714e-01 
 2.05352503e+09  2.05352503e+09  0.00000000e+00 -6.02876624e+01 -2.54256547e-01 
 2.11348904e+09  2.11348904e+09  0.00000000e+00 -6.03041191e+01 -2.61343695e-01 
 2.17520403e+09  2.17520403e+09  0.00000000e+00 -6.03214825e+01 -2.68609107e-01 
 2.23872114e+09  2.23872114e+09  0.00000000e+00 -6.03397987e+01 -2.76055651e-01 
 2.30409298e+09  2.30409298e+09  0.00000000e+00 -6.03591156e+01 -2.83686105e-01 
 2.37137371e+09  2.37137371e+09  0.00000000e+00 -6.03794830e+01 -2.91503142e-01 
 2.44061907e+09  2.44061907e+09  0.00000000e+00 -6.04009526e+01 -2.99509313e-01 
 2.51188643e+09  2.51188643e+09  0.00000000e+00 -6.04235782e+01 -3.07707036e-01 
 2.58523484e+09  2.58523484e+09  0.00000000e+00 -6.04474154e+01 -3.16098576e-01 
 2.66072506e+09  2.66072506e+09  0.00000000e+00 -6.04725219e+01 -3.24686030e-01 
 2.73841963e+09  2.73841963e+09  0.00000000e+00 -6.04989573e+01 -3.33471308e-01 
 2.81838293e+09  2.81838293e+09  0.00000000e+00 -6.05267830e+01 -3.42456118e-01 
 2.90068120e+09  2.90068120e+09  0.00000000e+00 -6.05560627e+01 -3.51641941e-01 
 2.98538262e+09  2.98538262e+09  0.00000000e+00 -6.05868615e+01 -3.61030017e-01 
 3.07255737e+09  3.07255737e+09  0.00000000e+00 -6.06192466e+01 -3.70621323e-01 
 3.16227766e+09  3.16227766e+09  0.00000000e+00 -6.06532868e+01 -3.80416551e-01 
 3.25461783e+09  3.25461783e+09  0.00000000e+00 -6.06890527e+01 -3.90416090e-01 
 3.34965439e+09  3.34965439e+09  0.00000000e+00 -6.07266164e+01 -4.00620002e-01 
 3.44746607e+09  3.44746607e+09  0.00000000e+00 -6.07660513e+01 -4.11028004e-01 
 3.54813389e+09  3.54813389e+09  0.00000000e+00 -6.08074323e+01 -4.21639446e-01 
 3.65174127e+09  3.65174127e+09  0.00000000e+00 -6.08508354e+01 -4.32453291e-01 
 3.75837404e+09  3.75837404e+09  0.00000000e+00 -6.08963376e+01 -4.43468094e-01 
 3.86812055e+09  3.86812055e+09  0.00000000e+00 -6.09440165e+01 -4.54681986e-01 
 3.98107171e+09  3.98107171e+09  0.00000000e+00 -6.09939506e+01 -4.66092652e-01 
 4.09732110e+09  4.09732110e+09  0.00000000e+00 -6.10462186e+01 -4.77697317e-01 
 4.21696503e+09  4.21696503e+09  0.00000000e+00 -6.11008993e+01 -4.89492733e-01 
 4.34010264e+09  4.34010264e+09  0.00000000e+00 -6.11580714e+01 -5.01475159e-01 
 4.46683592e+09  4.46683592e+09  0.00000000e+00 -6.12178131e+01 -5.13640355e-01 
 4.59726989e+09  4.59726989e+09  0.00000000e+00 -6.12802019e+01 -5.25983572e-01 
 4.73151259e+09  4.73151259e+09  0.00000000e+00 -6.13453145e+01 -5.38499545e-01 
 4.86967525e+09  4.86967525e+09  0.00000000e+00 -6.14132258e+01 -5.51182489e-01 
 5.01187234e+09  5.01187234e+09  0.00000000e+00 -6.14840093e+01 -5.64026098e-01 
 5.15822165e+09  5.15822165e+09  0.00000000e+00 -6.15577364e+01 -5.77023550e-01 
 5.30884444e+09  5.30884444e+09  0.00000000e+00 -6.16344762e+01 -5.90167509e-01 
 5.46386550e+09  5.46386550e+09  0.00000000e+00 -6.17142948e+01 -6.03450140e-01 
 5.62341325e+09  5.62341325e+09  0.00000000e+00 -6.17972555e+01 -6.16863116e-01 
 5.78761988e+09  5.78761988e+09  0.00000000e+00 -6.18834181e+01 -6.30397643e-01 
 5.95662144e+09  5.95662144e+09  0.00000000e+00 -6.19728384e+01 -6.44044474e-01 
 6.13055792e+09  6.13055792e+09  0.00000000e+00 -6.20655684e+01 -6.57793935e-01 
 6.30957344e+09  6.30957344e+09  0.00000000e+00 -6.21616555e+01 -6.71635960e-01 
 6.49381632e+09  6.49381632e+09  0.00000000e+00 -6.22611425e+01 -6.85560113e-01 
 6.68343918e+09  6.68343918e+09  0.00000000e+00 -6.23640672e+01 -6.99555633e-01 
 6.87859912e+09  6.87859912e+09  0.00000000e+00 -6.24704621e+01 -7.13611465e-01 
 7.07945784e+09  7.07945784e+09  0.00000000e+00 -6.25803542e+01 -7.27716306e-01 
 7.28618175e+09  7.28618175e+09  0.00000000e+00 -6.26937652e+01 -7.41858651e-01 
 7.49894209e+09  7.49894209e+09  0.00000000e+00 -6.28107106e+01 -7.56026831e-01 
 7.71791516e+09  7.71791516e+09  0.00000000e+00 -6.29312004e+01 -7.70209070e-01 
 7.94328235e+09  7.94328235e+09  0.00000000e+00 -6.30552383e+01 -7.84393530e-01 
 8.17523038e+09  8.17523038e+09  0.00000000e+00 -6.31828222e+01 -7.98568359e-01 
 8.41395142e+09  8.41395142e+09  0.00000000e+00 -6.33139440e+01 -8.12721745e-01 
 8.65964323e+09  8.65964323e+09  0.00000000e+00 -6.34485896e+01 -8.26841964e-01 
 8.91250938e+09  8.91250938e+09  0.00000000e+00 -6.35867389e+01 -8.40917431e-01 
 9.17275935e+09  9.17275935e+09  0.00000000e+00 -6.37283662e+01 -8.54936744e-01 
 9.44060876e+09  9.44060876e+09  0.00000000e+00 -6.38734403e+01 -8.68888734e-01 
 9.71627952e+09  9.71627952e+09  0.00000000e+00 -6.40219244e+01 -8.82762510e-01 
 1.00000000e+10  1.00000000e+10  0.00000000e+00 -6.41737767e+01 -8.96547496e-01 
