 v-sweep         v(out1)         i(vout1)       
 0.00000000e+00  0.00000000e+00  0.00000000e+00 
 1.00000000e-02  1.00000000e-02 -7.34382747e-06 
 2.00000000e-02  2.00000000e-02 -1.40873068e-05 
 3.00000000e-02  3.00000000e-02 -2.02289713e-05 
 4.00000000e-02  4.00000000e-02 -2.57673543e-05 
 5.00000000e-02  5.00000000e-02 -3.07009891e-05 
 6.00000000e-02  6.00000000e-02 -3.50284091e-05 
 7.00000000e-02  7.00000000e-02 -3.87481477e-05 
 8.00000000e-02  8.00000000e-02 -4.18587380e-05 
 9.00000000e-02  9.00000000e-02 -4.43587136e-05 
 1.00000000e-01  1.00000000e-01 -4.62466076e-05 
 1.10000000e-01  1.10000000e-01 -4.75209535e-05 
 1.20000000e-01  1.20000000e-01 -4.81802846e-05 
 1.30000000e-01  1.30000000e-01 -4.82979992e-05 
 1.40000000e-01  1.40000000e-01 -4.83362400e-05 
 1.50000000e-01  1.50000000e-01 -4.83744807e-05 
 1.60000000e-01  1.60000000e-01 -4.84127214e-05 
 1.70000000e-01  1.70000000e-01 -4.84509621e-05 
 1.80000000e-01  1.80000000e-01 -4.84892028e-05 
 1.90000000e-01  1.90000000e-01 -4.85274435e-05 
 2.00000000e-01  2.00000000e-01 -4.85656842e-05 
 2.10000000e-01  2.10000000e-01 -4.86039249e-05 
 2.20000000e-01  2.20000000e-01 -4.86421656e-05 
 2.30000000e-01  2.30000000e-01 -4.86804063e-05 
 2.40000000e-01  2.40000000e-01 -4.87186470e-05 
 2.50000000e-01  2.50000000e-01 -4.87568877e-05 
 2.60000000e-01  2.60000000e-01 -4.87951284e-05 
 2.70000000e-01  2.70000000e-01 -4.88333691e-05 
 2.80000000e-01  2.80000000e-01 -4.88716098e-05 
 2.90000000e-01  2.90000000e-01 -4.89098505e-05 
 3.00000000e-01  3.00000000e-01 -4.89480912e-05 
 3.10000000e-01  3.10000000e-01 -4.89863320e-05 
 3.20000000e-01  3.20000000e-01 -4.90245727e-05 
 3.30000000e-01  3.30000000e-01 -4.90628134e-05 
 3.40000000e-01  3.40000000e-01 -4.91010541e-05 
 3.50000000e-01  3.50000000e-01 -4.91392948e-05 
 3.60000000e-01  3.60000000e-01 -4.91775355e-05 
 3.70000000e-01  3.70000000e-01 -4.92157762e-05 
 3.80000000e-01  3.80000000e-01 -4.92540169e-05 
 3.90000000e-01  3.90000000e-01 -4.92922576e-05 
 4.00000000e-01  4.00000000e-01 -4.93304983e-05 
 4.10000000e-01  4.10000000e-01 -4.93687390e-05 
 4.20000000e-01  4.20000000e-01 -4.94069797e-05 
 4.30000000e-01  4.30000000e-01 -4.94452204e-05 
 4.40000000e-01  4.40000000e-01 -4.94834611e-05 
 4.50000000e-01  4.50000000e-01 -4.95217018e-05 
 4.60000000e-01  4.60000000e-01 -4.95599425e-05 
 4.70000000e-01  4.70000000e-01 -4.95981833e-05 
 4.80000000e-01  4.80000000e-01 -4.96364240e-05 
 4.90000000e-01  4.90000000e-01 -4.96746647e-05 
 5.00000000e-01  5.00000000e-01 -4.97129054e-05 
 5.10000000e-01  5.10000000e-01 -4.97511461e-05 
 5.20000000e-01  5.20000000e-01 -4.97893868e-05 
 5.30000000e-01  5.30000000e-01 -4.98276275e-05 
 5.40000000e-01  5.40000000e-01 -4.98658682e-05 
 5.50000000e-01  5.50000000e-01 -4.99041089e-05 
 5.60000000e-01  5.60000000e-01 -4.99423496e-05 
 5.70000000e-01  5.70000000e-01 -4.99805903e-05 
 5.80000000e-01  5.80000000e-01 -5.00188310e-05 
 5.90000000e-01  5.90000000e-01 -5.00570717e-05 
 6.00000000e-01  6.00000000e-01 -5.00953124e-05 
 6.10000000e-01  6.10000000e-01 -5.01335531e-05 
 6.20000000e-01  6.20000000e-01 -5.01717938e-05 
 6.30000000e-01  6.30000000e-01 -5.02100345e-05 
 6.40000000e-01  6.40000000e-01 -5.02482753e-05 
 6.50000000e-01  6.50000000e-01 -5.02865160e-05 
 6.60000000e-01  6.60000000e-01 -5.03247567e-05 
 6.70000000e-01  6.70000000e-01 -5.03629974e-05 
 6.80000000e-01  6.80000000e-01 -5.04012381e-05 
 6.90000000e-01  6.90000000e-01 -5.04394788e-05 
 7.00000000e-01  7.00000000e-01 -5.04777195e-05 
 7.10000000e-01  7.10000000e-01 -5.05159602e-05 
 7.20000000e-01  7.20000000e-01 -5.05542009e-05 
 7.30000000e-01  7.30000000e-01 -5.05924416e-05 
 7.40000000e-01  7.40000000e-01 -5.06306823e-05 
 7.50000000e-01  7.50000000e-01 -5.06689230e-05 
 7.60000000e-01  7.60000000e-01 -5.07071637e-05 
 7.70000000e-01  7.70000000e-01 -5.07454044e-05 
 7.80000000e-01  7.80000000e-01 -5.07836451e-05 
 7.90000000e-01  7.90000000e-01 -5.08218858e-05 
 8.00000000e-01  8.00000000e-01 -5.08601266e-05 
 8.10000000e-01  8.10000000e-01 -5.08983673e-05 
 8.20000000e-01  8.20000000e-01 -5.09366080e-05 
 8.30000000e-01  8.30000000e-01 -5.09748487e-05 
 8.40000000e-01  8.40000000e-01 -5.10130894e-05 
 8.50000000e-01  8.50000000e-01 -5.10513301e-05 
 8.60000000e-01  8.60000000e-01 -5.10895708e-05 
 8.70000000e-01  8.70000000e-01 -5.11278115e-05 
 8.80000000e-01  8.80000000e-01 -5.11660522e-05 
 8.90000000e-01  8.90000000e-01 -5.12042929e-05 
 9.00000000e-01  9.00000000e-01 -5.12425336e-05 
 9.10000000e-01  9.10000000e-01 -5.12807743e-05 
 9.20000000e-01  9.20000000e-01 -5.13190150e-05 
 9.30000000e-01  9.30000000e-01 -5.13572557e-05 
 9.40000000e-01  9.40000000e-01 -5.13954964e-05 
 9.50000000e-01  9.50000000e-01 -5.14337371e-05 
 9.60000000e-01  9.60000000e-01 -5.14719778e-05 
 9.70000000e-01  9.70000000e-01 -5.15102186e-05 
 9.80000000e-01  9.80000000e-01 -5.15484593e-05 
 9.90000000e-01  9.90000000e-01 -5.15867000e-05 
 1.00000000e+00  1.00000000e+00 -5.16249407e-05 
 1.01000000e+00  1.01000000e+00 -5.16631814e-05 
 1.02000000e+00  1.02000000e+00 -5.17014221e-05 
 1.03000000e+00  1.03000000e+00 -5.17396628e-05 
 1.04000000e+00  1.04000000e+00 -5.17779035e-05 
 1.05000000e+00  1.05000000e+00 -5.18161442e-05 
 1.06000000e+00  1.06000000e+00 -5.18543849e-05 
 1.07000000e+00  1.07000000e+00 -5.18926256e-05 
 1.08000000e+00  1.08000000e+00 -5.19308663e-05 
 1.09000000e+00  1.09000000e+00 -5.19691070e-05 
 1.10000000e+00  1.10000000e+00 -5.20073477e-05 
 1.11000000e+00  1.11000000e+00 -5.20455884e-05 
 1.12000000e+00  1.12000000e+00 -5.20838291e-05 
 1.13000000e+00  1.13000000e+00 -5.21220699e-05 
 1.14000000e+00  1.14000000e+00 -5.21603106e-05 
 1.15000000e+00  1.15000000e+00 -5.21985513e-05 
 1.16000000e+00  1.16000000e+00 -5.22367920e-05 
 1.17000000e+00  1.17000000e+00 -5.22750327e-05 
 1.18000000e+00  1.18000000e+00 -5.23132734e-05 
 1.19000000e+00  1.19000000e+00 -5.23515141e-05 
 1.20000000e+00  1.20000000e+00 -5.23897548e-05 
 1.21000000e+00  1.21000000e+00 -5.24279955e-05 
 1.22000000e+00  1.22000000e+00 -5.24662362e-05 
 1.23000000e+00  1.23000000e+00 -5.25044769e-05 
 1.24000000e+00  1.24000000e+00 -5.25427176e-05 
 1.25000000e+00  1.25000000e+00 -5.25809583e-05 
 1.26000000e+00  1.26000000e+00 -5.26191990e-05 
 1.27000000e+00  1.27000000e+00 -5.26574397e-05 
 1.28000000e+00  1.28000000e+00 -5.26956804e-05 
 1.29000000e+00  1.29000000e+00 -5.27339211e-05 
 1.30000000e+00  1.30000000e+00 -5.27721619e-05 
 1.31000000e+00  1.31000000e+00 -5.28104026e-05 
 1.32000000e+00  1.32000000e+00 -5.28486433e-05 
 1.33000000e+00  1.33000000e+00 -5.28868840e-05 
 1.34000000e+00  1.34000000e+00 -5.29251247e-05 
 1.35000000e+00  1.35000000e+00 -5.29633654e-05 
 1.36000000e+00  1.36000000e+00 -5.30016061e-05 
 1.37000000e+00  1.37000000e+00 -5.30398468e-05 
 1.38000000e+00  1.38000000e+00 -5.30780875e-05 
 1.39000000e+00  1.39000000e+00 -5.31163282e-05 
 1.40000000e+00  1.40000000e+00 -5.31545689e-05 
 1.41000000e+00  1.41000000e+00 -5.31928096e-05 
 1.42000000e+00  1.42000000e+00 -5.32310503e-05 
 1.43000000e+00  1.43000000e+00 -5.32692910e-05 
 1.44000000e+00  1.44000000e+00 -5.33075317e-05 
 1.45000000e+00  1.45000000e+00 -5.33457724e-05 
 1.46000000e+00  1.46000000e+00 -5.33840131e-05 
 1.47000000e+00  1.47000000e+00 -5.34222539e-05 
 1.48000000e+00  1.48000000e+00 -5.34604946e-05 
 1.49000000e+00  1.49000000e+00 -5.34987353e-05 
 1.50000000e+00  1.50000000e+00 -5.35369760e-05 
 1.51000000e+00  1.51000000e+00 -5.35752167e-05 
 1.52000000e+00  1.52000000e+00 -5.36134574e-05 
 1.53000000e+00  1.53000000e+00 -5.36516981e-05 
 1.54000000e+00  1.54000000e+00 -5.36899388e-05 
 1.55000000e+00  1.55000000e+00 -5.37281795e-05 
 1.56000000e+00  1.56000000e+00 -5.37664202e-05 
 1.57000000e+00  1.57000000e+00 -5.38046609e-05 
 1.58000000e+00  1.58000000e+00 -5.38429016e-05 
 1.59000000e+00  1.59000000e+00 -5.38811423e-05 
 1.60000000e+00  1.60000000e+00 -5.39193830e-05 
 1.61000000e+00  1.61000000e+00 -5.39576237e-05 
 1.62000000e+00  1.62000000e+00 -5.39958644e-05 
 1.63000000e+00  1.63000000e+00 -5.40341052e-05 
 1.64000000e+00  1.64000000e+00 -5.40723459e-05 
 1.65000000e+00  1.65000000e+00 -5.41105866e-05 
 1.66000000e+00  1.66000000e+00 -5.41488273e-05 
 1.67000000e+00  1.67000000e+00 -5.41870680e-05 
 1.68000000e+00  1.68000000e+00 -5.42253087e-05 
 1.69000000e+00  1.69000000e+00 -5.42635494e-05 
 1.70000000e+00  1.70000000e+00 -5.43017901e-05 
 1.71000000e+00  1.71000000e+00 -5.43400308e-05 
 1.72000000e+00  1.72000000e+00 -5.43782715e-05 
 1.73000000e+00  1.73000000e+00 -5.44165122e-05 
 1.74000000e+00  1.74000000e+00 -5.44547529e-05 
 1.75000000e+00  1.75000000e+00 -5.44929936e-05 
 1.76000000e+00  1.76000000e+00 -5.45312343e-05 
 1.77000000e+00  1.77000000e+00 -5.45694750e-05 
 1.78000000e+00  1.78000000e+00 -5.46077157e-05 
 1.79000000e+00  1.79000000e+00 -5.46459564e-05 
 1.80000000e+00  1.80000000e+00 -5.46841972e-05 
