 v-sweep         v(out)          i(vout)         v(mid)         
 0.00000000e+00  0.00000000e+00 -1.23831793e-30 -3.82984926e-28 
 5.00000000e-03  5.00000000e-03 -1.11185307e-05  3.38961500e-03 
 1.00000000e-02  1.00000000e-02 -2.20847232e-05  6.76539222e-03 
 1.50000000e-02  1.50000000e-02 -3.28887767e-05  1.01489538e-02 
 2.00000000e-02  2.00000000e-02 -4.35408885e-05  1.35183742e-02 
 2.50000000e-02  2.50000000e-02 -5.40379362e-05  1.68807513e-02 
 3.00000000e-02  3.00000000e-02 -6.43801372e-05  2.02359200e-02 
 3.50000000e-02  3.50000000e-02 -7.45677173e-05  2.35837099e-02 
 4.00000000e-02  4.00000000e-02 -8.46780644e-05  2.69277520e-02 
 4.50000000e-02  4.50000000e-02 -9.45569425e-05  3.02603742e-02 
 5.00000000e-02  5.00000000e-02 -1.04281974e-04  3.35850401e-02 
 5.50000000e-02  5.50000000e-02 -1.13853374e-04  3.69015862e-02 
 6.00000000e-02  6.00000000e-02 -1.23271415e-04  4.02098102e-02 
 6.50000000e-02  6.50000000e-02 -1.32536383e-04  4.35095025e-02 
 7.00000000e-02  7.00000000e-02 -1.41648571e-04  4.68004458e-02 
 7.50000000e-02  7.50000000e-02 -1.50608288e-04  5.00824154e-02 
 8.00000000e-02  8.00000000e-02 -1.59415853e-04  5.33551784e-02 
 8.50000000e-02  8.50000000e-02 -1.68071599e-04  5.66184935e-02 
 9.00000000e-02  9.00000000e-02 -1.76575872e-04  5.98721108e-02 
 9.50000000e-02  9.50000000e-02 -1.84929030e-04  6.31157715e-02 
 1.00000000e-01  1.00000000e-01 -1.93131450e-04  6.63492072e-02 
 1.05000000e-01  1.05000000e-01 -2.01183522e-04  6.95721399e-02 
 1.10000000e-01  1.10000000e-01 -2.09085650e-04  7.27842814e-02 
 1.15000000e-01  1.15000000e-01 -2.16838257e-04  7.59853332e-02 
 1.20000000e-01  1.20000000e-01 -2.24441785e-04  7.91749855e-02 
 1.25000000e-01  1.25000000e-01 -2.31896690e-04  8.23529175e-02 
 1.30000000e-01  1.30000000e-01 -2.39203449e-04  8.55187965e-02 
 1.35000000e-01  1.35000000e-01 -2.46362561e-04  8.86722775e-02 
 1.40000000e-01  1.40000000e-01 -2.53374541e-04  9.18130028e-02 
 1.45000000e-01  1.45000000e-01 -2.60239928e-04  9.49406016e-02 
 1.50000000e-01  1.50000000e-01 -2.66959285e-04  9.80546892e-02 
 1.55000000e-01  1.55000000e-01 -2.73533195e-04  1.01154867e-01 
 1.60000000e-01  1.60000000e-01 -2.79962267e-04  1.04240721e-01 
 1.65000000e-01  1.65000000e-01 -2.86247136e-04  1.07311822e-01 
 1.70000000e-01  1.70000000e-01 -2.92388462e-04  1.10367727e-01 
 1.75000000e-01  1.75000000e-01 -2.98386932e-04  1.13407973e-01 
 1.80000000e-01  1.80000000e-01 -3.04243264e-04  1.16432082e-01 
 1.85000000e-01  1.85000000e-01 -3.09958204e-04  1.19439559e-01 
 1.90000000e-01  1.90000000e-01 -3.15532530e-04  1.22429888e-01 
 1.95000000e-01  1.95000000e-01 -3.20967050e-04  1.25402538e-01 
 2.00000000e-01  2.00000000e-01 -3.26262607e-04  1.28356956e-01 
 2.05000000e-01  2.05000000e-01 -3.31420080e-04  1.31292568e-01 
 2.10000000e-01  2.10000000e-01 -3.36440381e-04  1.34208781e-01 
 2.15000000e-01  2.15000000e-01 -3.41324462e-04  1.37104980e-01 
 2.20000000e-01  2.20000000e-01 -3.46073313e-04  1.39980527e-01 
 2.25000000e-01  2.25000000e-01 -3.50687963e-04  1.42834764e-01 
 2.30000000e-01  2.30000000e-01 -3.55169484e-04  1.45667006e-01 
 2.35000000e-01  2.35000000e-01 -3.59518990e-04  1.48476546e-01 
 2.40000000e-01  2.40000000e-01 -3.63737639e-04  1.51262652e-01 
 2.45000000e-01  2.45000000e-01 -3.67826637e-04  1.54024567e-01 
 2.50000000e-01  2.50000000e-01 -3.71787235e-04  1.56761508e-01 
 2.55000000e-01  2.55000000e-01 -3.75620733e-04  1.59472666e-01 
 2.60000000e-01  2.60000000e-01 -3.79328480e-04  1.62157204e-01 
 2.65000000e-01  2.65000000e-01 -3.82911879e-04  1.64814261e-01 
 2.70000000e-01  2.70000000e-01 -3.86372381e-04  1.67442945e-01 
 2.75000000e-01  2.75000000e-01 -3.89711496e-04  1.70042338e-01 
 2.80000000e-01  2.80000000e-01 -3.92930783e-04  1.72611494e-01 
 2.85000000e-01  2.85000000e-01 -3.96031861e-04  1.75149440e-01 
 2.90000000e-01  2.90000000e-01 -3.99016403e-04  1.77655172e-01 
 2.95000000e-01  2.95000000e-01 -4.01886140e-04  1.80127661e-01 
 3.00000000e-01  3.00000000e-01 -4.04642861e-04  1.82565850e-01 
 3.05000000e-01  3.05000000e-01 -4.07288412e-04  1.84968653e-01 
 3.10000000e-01  3.10000000e-01 -4.09824699e-04  1.87334959e-01 
 3.15000000e-01  3.15000000e-01 -4.12253684e-04  1.89663633e-01 
 3.20000000e-01  3.20000000e-01 -4.14577388e-04  1.91953511e-01 
 3.25000000e-01  3.25000000e-01 -4.16797888e-04  1.94203409e-01 
 3.30000000e-01  3.30000000e-01 -4.18917319e-04  1.96412119e-01 
 3.35000000e-01  3.35000000e-01 -4.20937869e-04  1.98578415e-01 
 3.40000000e-01  3.40000000e-01 -4.22861778e-04  2.00701050e-01 
 3.45000000e-01  3.45000000e-01 -4.24691339e-04  2.02778762e-01 
 3.50000000e-01  3.50000000e-01 -4.26428892e-04  2.04810276e-01 
 3.55000000e-01  3.55000000e-01 -4.28076820e-04  2.06794305e-01 
 3.60000000e-01  3.60000000e-01 -4.29637551e-04  2.08729555e-01 
 3.65000000e-01  3.65000000e-01 -4.31113548e-04  2.10614729e-01 
 3.70000000e-01  3.70000000e-01 -4.32507307e-04  2.12448529e-01 
 3.75000000e-01  3.75000000e-01 -4.33821351e-04  2.14229660e-01 
 3.80000000e-01  3.80000000e-01 -4.35058226e-04  2.15956837e-01 
 3.85000000e-01  3.85000000e-01 -4.36220492e-04  2.17628786e-01 
 3.90000000e-01  3.90000000e-01 -4.37310720e-04  2.19244253e-01 
 3.95000000e-01  3.95000000e-01 -4.38331480e-04  2.20802006e-01 
 4.00000000e-01  4.00000000e-01 -4.39285338e-04  2.22300842e-01 
 4.05000000e-01  4.05000000e-01 -4.40174843e-04  2.23739593e-01 
 4.10000000e-01  4.10000000e-01 -4.41002525e-04  2.25117130e-01 
 4.15000000e-01  4.15000000e-01 -4.41770878e-04  2.26432370e-01 
 4.20000000e-01  4.20000000e-01 -4.42482359e-04  2.27684283e-01 
 4.25000000e-01  4.25000000e-01 -4.43139373e-04  2.28871896e-01 
 4.30000000e-01  4.30000000e-01 -4.43744264e-04  2.29994299e-01 
 4.35000000e-01  4.35000000e-01 -4.44299313e-04  2.31050651e-01 
 4.40000000e-01  4.40000000e-01 -4.44806717e-04  2.32040185e-01 
 4.45000000e-01  4.45000000e-01 -4.45268590e-04  2.32962214e-01 
 4.50000000e-01  4.50000000e-01 -4.45686950e-04  2.33816133e-01 
 4.55000000e-01  4.55000000e-01 -4.46063712e-04  2.34601426e-01 
 4.60000000e-01  4.60000000e-01 -4.46400681e-04  2.35317669e-01 
 4.65000000e-01  4.65000000e-01 -4.46699542e-04  2.35964532e-01 
 4.70000000e-01  4.70000000e-01 -4.46961858e-04  2.36541779e-01 
 4.75000000e-01  4.75000000e-01 -4.47189065e-04  2.37049278e-01 
 4.80000000e-01  4.80000000e-01 -4.47382461e-04  2.37486991e-01 
 4.85000000e-01  4.85000000e-01 -4.47543211e-04  2.37854984e-01 
 4.90000000e-01  4.90000000e-01 -4.47672340e-04  2.38153421e-01 
 4.95000000e-01  4.95000000e-01 -4.47770731e-04  2.38382564e-01 
 5.00000000e-01  5.00000000e-01 -4.47839127e-04  2.38542772e-01 
 5.05000000e-01  5.05000000e-01 -4.47878133e-04  2.38634498e-01 
 5.10000000e-01  5.10000000e-01 -4.47888210e-04  2.38658286e-01 
 5.15000000e-01  5.15000000e-01 -4.47897114e-04  2.38679217e-01 
 5.20000000e-01  5.20000000e-01 -4.47913218e-04  2.38717090e-01 
 5.25000000e-01  5.25000000e-01 -4.47929290e-04  2.38754944e-01 
 5.30000000e-01  5.30000000e-01 -4.47945337e-04  2.38792782e-01 
 5.35000000e-01  5.35000000e-01 -4.47961360e-04  2.38830604e-01 
 5.40000000e-01  5.40000000e-01 -4.47977357e-04  2.38868409e-01 
 5.45000000e-01  5.45000000e-01 -4.47993331e-04  2.38906197e-01 
 5.50000000e-01  5.50000000e-01 -4.48009279e-04  2.38943969e-01 
 5.55000000e-01  5.55000000e-01 -4.48025203e-04  2.38981725e-01 
 5.60000000e-01  5.60000000e-01 -4.48041103e-04  2.39019464e-01 
 5.65000000e-01  5.65000000e-01 -4.48056978e-04  2.39057187e-01 
 5.70000000e-01  5.70000000e-01 -4.48072828e-04  2.39094894e-01 
 5.75000000e-01  5.75000000e-01 -4.48088654e-04  2.39132584e-01 
 5.80000000e-01  5.80000000e-01 -4.48104455e-04  2.39170258e-01 
 5.85000000e-01  5.85000000e-01 -4.48120232e-04  2.39207916e-01 
 5.90000000e-01  5.90000000e-01 -4.48135985e-04  2.39245557e-01 
 5.95000000e-01  5.95000000e-01 -4.48151713e-04  2.39283181e-01 
 6.00000000e-01  6.00000000e-01 -4.48167417e-04  2.39320790e-01 
 6.05000000e-01  6.05000000e-01 -4.48183096e-04  2.39358382e-01 
 6.10000000e-01  6.10000000e-01 -4.48198751e-04  2.39395958e-01 
 6.15000000e-01  6.15000000e-01 -4.48214382e-04  2.39433518e-01 
 6.20000000e-01  6.20000000e-01 -4.48229989e-04  2.39471061e-01 
 6.25000000e-01  6.25000000e-01 -4.48245571e-04  2.39508588e-01 
 6.30000000e-01  6.30000000e-01 -4.48261130e-04  2.39546099e-01 
 6.35000000e-01  6.35000000e-01 -4.48276664e-04  2.39583594e-01 
 6.40000000e-01  6.40000000e-01 -4.48292174e-04  2.39621072e-01 
 6.45000000e-01  6.45000000e-01 -4.48307660e-04  2.39658534e-01 
 6.50000000e-01  6.50000000e-01 -4.48323121e-04  2.39695980e-01 
 6.55000000e-01  6.55000000e-01 -4.48338559e-04  2.39733410e-01 
 6.60000000e-01  6.60000000e-01 -4.48353973e-04  2.39770824e-01 
 6.65000000e-01  6.65000000e-01 -4.48369362e-04  2.39808221e-01 
 6.70000000e-01  6.70000000e-01 -4.48384728e-04  2.39845603e-01 
 6.75000000e-01  6.75000000e-01 -4.48400070e-04  2.39882968e-01 
 6.80000000e-01  6.80000000e-01 -4.48415388e-04  2.39920317e-01 
 6.85000000e-01  6.85000000e-01 -4.48430681e-04  2.39957650e-01 
 6.90000000e-01  6.90000000e-01 -4.48445951e-04  2.39994967e-01 
 6.95000000e-01  6.95000000e-01 -4.48461198e-04  2.40032267e-01 
 7.00000000e-01  7.00000000e-01 -4.48476420e-04  2.40069552e-01 
 7.05000000e-01  7.05000000e-01 -4.48491619e-04  2.40106820e-01 
 7.10000000e-01  7.10000000e-01 -4.48506793e-04  2.40144073e-01 
 7.15000000e-01  7.15000000e-01 -4.48521945e-04  2.40181309e-01 
 7.20000000e-01  7.20000000e-01 -4.48537072e-04  2.40218529e-01 
 7.25000000e-01  7.25000000e-01 -4.48552176e-04  2.40255734e-01 
 7.30000000e-01  7.30000000e-01 -4.48567256e-04  2.40292922e-01 
 7.35000000e-01  7.35000000e-01 -4.48582312e-04  2.40330094e-01 
 7.40000000e-01  7.40000000e-01 -4.48597345e-04  2.40367250e-01 
 7.45000000e-01  7.45000000e-01 -4.48612354e-04  2.40404391e-01 
 7.50000000e-01  7.50000000e-01 -4.48627340e-04  2.40441515e-01 
 7.55000000e-01  7.55000000e-01 -4.48642302e-04  2.40478623e-01 
 7.60000000e-01  7.60000000e-01 -4.48657241e-04  2.40515716e-01 
 7.65000000e-01  7.65000000e-01 -4.48672156e-04  2.40552792e-01 
 7.70000000e-01  7.70000000e-01 -4.48687047e-04  2.40589852e-01 
 7.75000000e-01  7.75000000e-01 -4.48701916e-04  2.40626897e-01 
 7.80000000e-01  7.80000000e-01 -4.48716761e-04  2.40663925e-01 
 7.85000000e-01  7.85000000e-01 -4.48731582e-04  2.40700938e-01 
 7.90000000e-01  7.90000000e-01 -4.48746380e-04  2.40737935e-01 
 7.95000000e-01  7.95000000e-01 -4.48761155e-04  2.40774916e-01 
 8.00000000e-01  8.00000000e-01 -4.48775907e-04  2.40811881e-01 
 8.05000000e-01  8.05000000e-01 -4.48790635e-04  2.40848830e-01 
 8.10000000e-01  8.10000000e-01 -4.48805340e-04  2.40885763e-01 
 8.15000000e-01  8.15000000e-01 -4.48820022e-04  2.40922680e-01 
 8.20000000e-01  8.20000000e-01 -4.48834681e-04  2.40959582e-01 
 8.25000000e-01  8.25000000e-01 -4.48849316e-04  2.40996468e-01 
 8.30000000e-01  8.30000000e-01 -4.48863929e-04  2.41033338e-01 
 8.35000000e-01  8.35000000e-01 -4.48878518e-04  2.41070192e-01 
 8.40000000e-01  8.40000000e-01 -4.48893084e-04  2.41107030e-01 
 8.45000000e-01  8.45000000e-01 -4.48907627e-04  2.41143853e-01 
 8.50000000e-01  8.50000000e-01 -4.48922147e-04  2.41180660e-01 
 8.55000000e-01  8.55000000e-01 -4.48936644e-04  2.41217451e-01 
 8.60000000e-01  8.60000000e-01 -4.48951118e-04  2.41254226e-01 
 8.65000000e-01  8.65000000e-01 -4.48965570e-04  2.41290985e-01 
 8.70000000e-01  8.70000000e-01 -4.48979998e-04  2.41327729e-01 
 8.75000000e-01  8.75000000e-01 -4.48994403e-04  2.41364457e-01 
 8.80000000e-01  8.80000000e-01 -4.49008785e-04  2.41401170e-01 
 8.85000000e-01  8.85000000e-01 -4.49023145e-04  2.41437866e-01 
 8.90000000e-01  8.90000000e-01 -4.49037482e-04  2.41474547e-01 
 8.95000000e-01  8.95000000e-01 -4.49051796e-04  2.41511213e-01 
 9.00000000e-01  9.00000000e-01 -4.49066087e-04  2.41547862e-01 
 9.05000000e-01  9.05000000e-01 -4.49080355e-04  2.41584496e-01 
 9.10000000e-01  9.10000000e-01 -4.49094601e-04  2.41621115e-01 
 9.15000000e-01  9.15000000e-01 -4.49108824e-04  2.41657717e-01 
 9.20000000e-01  9.20000000e-01 -4.49123024e-04  2.41694305e-01 
 9.25000000e-01  9.25000000e-01 -4.49137202e-04  2.41730876e-01 
 9.30000000e-01  9.30000000e-01 -4.49151357e-04  2.41767432e-01 
 9.35000000e-01  9.35000000e-01 -4.49165489e-04  2.41803972e-01 
 9.40000000e-01  9.40000000e-01 -4.49179599e-04  2.41840497e-01 
 9.45000000e-01  9.45000000e-01 -4.49193686e-04  2.41877006e-01 
 9.50000000e-01  9.50000000e-01 -4.49207751e-04  2.41913500e-01 
 9.55000000e-01  9.55000000e-01 -4.49221793e-04  2.41949978e-01 
 9.60000000e-01  9.60000000e-01 -4.49235813e-04  2.41986440e-01 
 9.65000000e-01  9.65000000e-01 -4.49249810e-04  2.42022887e-01 
 9.70000000e-01  9.70000000e-01 -4.49263785e-04  2.42059318e-01 
 9.75000000e-01  9.75000000e-01 -4.49277738e-04  2.42095734e-01 
 9.80000000e-01  9.80000000e-01 -4.49291668e-04  2.42132135e-01 
 9.85000000e-01  9.85000000e-01 -4.49305576e-04  2.42168520e-01 
 9.90000000e-01  9.90000000e-01 -4.49319461e-04  2.42204889e-01 
 9.95000000e-01  9.95000000e-01 -4.49333324e-04  2.42241243e-01 
 1.00000000e+00  1.00000000e+00 -4.49347165e-04  2.42277582e-01 
 1.00500000e+00  1.00500000e+00 -4.49360984e-04  2.42313905e-01 
 1.01000000e+00  1.01000000e+00 -4.49374780e-04  2.42350212e-01 
 1.01500000e+00  1.01500000e+00 -4.49388554e-04  2.42386505e-01 
 1.02000000e+00  1.02000000e+00 -4.49402306e-04  2.42422781e-01 
 1.02500000e+00  1.02500000e+00 -4.49416036e-04  2.42459043e-01 
 1.03000000e+00  1.03000000e+00 -4.49429744e-04  2.42495289e-01 
 1.03500000e+00  1.03500000e+00 -4.49443429e-04  2.42531519e-01 
 1.04000000e+00  1.04000000e+00 -4.49457093e-04  2.42567735e-01 
 1.04500000e+00  1.04500000e+00 -4.49470734e-04  2.42603934e-01 
 1.05000000e+00  1.05000000e+00 -4.49484354e-04  2.42640119e-01 
 1.05500000e+00  1.05500000e+00 -4.49497951e-04  2.42676288e-01 
 1.06000000e+00  1.06000000e+00 -4.49511526e-04  2.42712442e-01 
 1.06500000e+00  1.06500000e+00 -4.49525080e-04  2.42748580e-01 
 1.07000000e+00  1.07000000e+00 -4.49538611e-04  2.42784703e-01 
 1.07500000e+00  1.07500000e+00 -4.49552121e-04  2.42820811e-01 
 1.08000000e+00  1.08000000e+00 -4.49565609e-04  2.42856904e-01 
 1.08500000e+00  1.08500000e+00 -4.49579075e-04  2.42892981e-01 
 1.09000000e+00  1.09000000e+00 -4.49592519e-04  2.42929043e-01 
 1.09500000e+00  1.09500000e+00 -4.49605941e-04  2.42965090e-01 
 1.10000000e+00  1.10000000e+00 -4.49619341e-04  2.43001121e-01 
 1.10500000e+00  1.10500000e+00 -4.49632720e-04  2.43037138e-01 
 1.11000000e+00  1.11000000e+00 -4.49646077e-04  2.43073139e-01 
 1.11500000e+00  1.11500000e+00 -4.49659412e-04  2.43109124e-01 
 1.12000000e+00  1.12000000e+00 -4.49672726e-04  2.43145095e-01 
 1.12500000e+00  1.12500000e+00 -4.49686017e-04  2.43181050e-01 
 1.13000000e+00  1.13000000e+00 -4.49699287e-04  2.43216991e-01 
 1.13500000e+00  1.13500000e+00 -4.49712536e-04  2.43252916e-01 
 1.14000000e+00  1.14000000e+00 -4.49725763e-04  2.43288825e-01 
 1.14500000e+00  1.14500000e+00 -4.49738968e-04  2.43324720e-01 
 1.15000000e+00  1.15000000e+00 -4.49752152e-04  2.43360599e-01 
 1.15500000e+00  1.15500000e+00 -4.49765314e-04  2.43396464e-01 
 1.16000000e+00  1.16000000e+00 -4.49778455e-04  2.43432313e-01 
 1.16500000e+00  1.16500000e+00 -4.49791575e-04  2.43468147e-01 
 1.17000000e+00  1.17000000e+00 -4.49804672e-04  2.43503966e-01 
 1.17500000e+00  1.17500000e+00 -4.49817749e-04  2.43539770e-01 
 1.18000000e+00  1.18000000e+00 -4.49830804e-04  2.43575559e-01 
 1.18500000e+00  1.18500000e+00 -4.49843837e-04  2.43611332e-01 
 1.19000000e+00  1.19000000e+00 -4.49856850e-04  2.43647091e-01 
 1.19500000e+00  1.19500000e+00 -4.49869841e-04  2.43682835e-01 
 1.20000000e+00  1.20000000e+00 -4.49882810e-04  2.43718563e-01 
 1.20500000e+00  1.20500000e+00 -4.49895759e-04  2.43754277e-01 
 1.21000000e+00  1.21000000e+00 -4.49908686e-04  2.43789975e-01 
 1.21500000e+00  1.21500000e+00 -4.49921591e-04  2.43825658e-01 
 1.22000000e+00  1.22000000e+00 -4.49934476e-04  2.43861327e-01 
 1.22500000e+00  1.22500000e+00 -4.49947339e-04  2.43896980e-01 
 1.23000000e+00  1.23000000e+00 -4.49960182e-04  2.43932618e-01 
 1.23500000e+00  1.23500000e+00 -4.49973003e-04  2.43968242e-01 
 1.24000000e+00  1.24000000e+00 -4.49985802e-04  2.44003850e-01 
 1.24500000e+00  1.24500000e+00 -4.49998581e-04  2.44039444e-01 
 1.25000000e+00  1.25000000e+00 -4.50011339e-04  2.44075022e-01 
 1.25500000e+00  1.25500000e+00 -4.50024076e-04  2.44110586e-01 
 1.26000000e+00  1.26000000e+00 -4.50036791e-04  2.44146134e-01 
 1.26500000e+00  1.26500000e+00 -4.50049486e-04  2.44181668e-01 
 1.27000000e+00  1.27000000e+00 -4.50062160e-04  2.44217187e-01 
 1.27500000e+00  1.27500000e+00 -4.50074812e-04  2.44252691e-01 
 1.28000000e+00  1.28000000e+00 -4.50087444e-04  2.44288180e-01 
 1.28500000e+00  1.28500000e+00 -4.50100055e-04  2.44323654e-01 
 1.29000000e+00  1.29000000e+00 -4.50112645e-04  2.44359113e-01 
 1.29500000e+00  1.29500000e+00 -4.50125214e-04  2.44394557e-01 
 1.30000000e+00  1.30000000e+00 -4.50137762e-04  2.44429987e-01 
 1.30500000e+00  1.30500000e+00 -4.50150289e-04  2.44465401e-01 
 1.31000000e+00  1.31000000e+00 -4.50162796e-04  2.44500801e-01 
 1.31500000e+00  1.31500000e+00 -4.50175282e-04  2.44536186e-01 
 1.32000000e+00  1.32000000e+00 -4.50187747e-04  2.44571556e-01 
 1.32500000e+00  1.32500000e+00 -4.50200191e-04  2.44606912e-01 
 1.33000000e+00  1.33000000e+00 -4.50212615e-04  2.44642252e-01 
 1.33500000e+00  1.33500000e+00 -4.50225017e-04  2.44677578e-01 
 1.34000000e+00  1.34000000e+00 -4.50237400e-04  2.44712889e-01 
 1.34500000e+00  1.34500000e+00 -4.50249761e-04  2.44748185e-01 
 1.35000000e+00  1.35000000e+00 -4.50262102e-04  2.44783466e-01 
 1.35500000e+00  1.35500000e+00 -4.50274422e-04  2.44818733e-01 
 1.36000000e+00  1.36000000e+00 -4.50286722e-04  2.44853985e-01 
 1.36500000e+00  1.36500000e+00 -4.50299001e-04  2.44889222e-01 
 1.37000000e+00  1.37000000e+00 -4.50311260e-04  2.44924445e-01 
 1.37500000e+00  1.37500000e+00 -4.50323498e-04  2.44959652e-01 
 1.38000000e+00  1.38000000e+00 -4.50335716e-04  2.44994845e-01 
 1.38500000e+00  1.38500000e+00 -4.50347913e-04  2.45030024e-01 
 1.39000000e+00  1.39000000e+00 -4.50360090e-04  2.45065187e-01 
 1.39500000e+00  1.39500000e+00 -4.50372246e-04  2.45100337e-01 
 1.40000000e+00  1.40000000e+00 -4.50384382e-04  2.45135471e-01 
 1.40500000e+00  1.40500000e+00 -4.50396498e-04  2.45170591e-01 
 1.41000000e+00  1.41000000e+00 -4.50408593e-04  2.45205696e-01 
 1.41500000e+00  1.41500000e+00 -4.50420668e-04  2.45240786e-01 
 1.42000000e+00  1.42000000e+00 -4.50432722e-04  2.45275862e-01 
 1.42500000e+00  1.42500000e+00 -4.50444757e-04  2.45310923e-01 
 1.43000000e+00  1.43000000e+00 -4.50456771e-04  2.45345969e-01 
 1.43500000e+00  1.43500000e+00 -4.50468764e-04  2.45381001e-01 
 1.44000000e+00  1.44000000e+00 -4.50480738e-04  2.45416019e-01 
 1.44500000e+00  1.44500000e+00 -4.50492691e-04  2.45451022e-01 
 1.45000000e+00  1.45000000e+00 -4.50504625e-04  2.45486010e-01 
 1.45500000e+00  1.45500000e+00 -4.50516538e-04  2.45520983e-01 
 1.46000000e+00  1.46000000e+00 -4.50528430e-04  2.45555943e-01 
 1.46500000e+00  1.46500000e+00 -4.50540303e-04  2.45590887e-01 
 1.47000000e+00  1.47000000e+00 -4.50552156e-04  2.45625817e-01 
 1.47500000e+00  1.47500000e+00 -4.50563989e-04  2.45660733e-01 
 1.48000000e+00  1.48000000e+00 -4.50575801e-04  2.45695634e-01 
 1.48500000e+00  1.48500000e+00 -4.50587594e-04  2.45730520e-01 
 1.49000000e+00  1.49000000e+00 -4.50599366e-04  2.45765392e-01 
 1.49500000e+00  1.49500000e+00 -4.50611119e-04  2.45800250e-01 
 1.50000000e+00  1.50000000e+00 -4.50622852e-04  2.45835093e-01 
 1.50500000e+00  1.50500000e+00 -4.50634564e-04  2.45869921e-01 
 1.51000000e+00  1.51000000e+00 -4.50646257e-04  2.45904736e-01 
 1.51500000e+00  1.51500000e+00 -4.50657930e-04  2.45939535e-01 
 1.52000000e+00  1.52000000e+00 -4.50669583e-04  2.45974320e-01 
 1.52500000e+00  1.52500000e+00 -4.50681216e-04  2.46009091e-01 
 1.53000000e+00  1.53000000e+00 -4.50692829e-04  2.46043848e-01 
 1.53500000e+00  1.53500000e+00 -4.50704423e-04  2.46078590e-01 
 1.54000000e+00  1.54000000e+00 -4.50715997e-04  2.46113317e-01 
 1.54500000e+00  1.54500000e+00 -4.50727551e-04  2.46148030e-01 
 1.55000000e+00  1.55000000e+00 -4.50739085e-04  2.46182729e-01 
 1.55500000e+00  1.55500000e+00 -4.50750600e-04  2.46217414e-01 
 1.56000000e+00  1.56000000e+00 -4.50762095e-04  2.46252084e-01 
 1.56500000e+00  1.56500000e+00 -4.50773570e-04  2.46286739e-01 
 1.57000000e+00  1.57000000e+00 -4.50785025e-04  2.46321381e-01 
 1.57500000e+00  1.57500000e+00 -4.50796461e-04  2.46356008e-01 
 1.58000000e+00  1.58000000e+00 -4.50807877e-04  2.46390621e-01 
 1.58500000e+00  1.58500000e+00 -4.50819274e-04  2.46425219e-01 
 1.59000000e+00  1.59000000e+00 -4.50830651e-04  2.46459803e-01 
 1.59500000e+00  1.59500000e+00 -4.50842009e-04  2.46494373e-01 
 1.60000000e+00  1.60000000e+00 -4.50853347e-04  2.46528928e-01 
 1.60500000e+00  1.60500000e+00 -4.50864665e-04  2.46563470e-01 
 1.61000000e+00  1.61000000e+00 -4.50875965e-04  2.46597997e-01 
 1.61500000e+00  1.61500000e+00 -4.50887244e-04  2.46632509e-01 
 1.62000000e+00  1.62000000e+00 -4.50898504e-04  2.46667008e-01 
 1.62500000e+00  1.62500000e+00 -4.50909745e-04  2.46701492e-01 
 1.63000000e+00  1.63000000e+00 -4.50920966e-04  2.46735962e-01 
 1.63500000e+00  1.63500000e+00 -4.50932168e-04  2.46770418e-01 
 1.64000000e+00  1.64000000e+00 -4.50943351e-04  2.46804859e-01 
 1.64500000e+00  1.64500000e+00 -4.50954514e-04  2.46839287e-01 
 1.65000000e+00  1.65000000e+00 -4.50965658e-04  2.46873700e-01 
 1.65500000e+00  1.65500000e+00 -4.50976783e-04  2.46908099e-01 
 1.66000000e+00  1.66000000e+00 -4.50987888e-04  2.46942483e-01 
 1.66500000e+00  1.66500000e+00 -4.50998975e-04  2.46976854e-01 
 1.67000000e+00  1.67000000e+00 -4.51010042e-04  2.47011210e-01 
 1.67500000e+00  1.67500000e+00 -4.51021089e-04  2.47045553e-01 
 1.68000000e+00  1.68000000e+00 -4.51032118e-04  2.47079881e-01 
 1.68500000e+00  1.68500000e+00 -4.51043127e-04  2.47114195e-01 
 1.69000000e+00  1.69000000e+00 -4.51054117e-04  2.47148495e-01 
 1.69500000e+00  1.69500000e+00 -4.51065089e-04  2.47182781e-01 
 1.70000000e+00  1.70000000e+00 -4.51076041e-04  2.47217052e-01 
 1.70500000e+00  1.70500000e+00 -4.51086974e-04  2.47251310e-01 
 1.71000000e+00  1.71000000e+00 -4.51097887e-04  2.47285553e-01 
 1.71500000e+00  1.71500000e+00 -4.51108782e-04  2.47319783e-01 
 1.72000000e+00  1.72000000e+00 -4.51119658e-04  2.47353998e-01 
 1.72500000e+00  1.72500000e+00 -4.51130515e-04  2.47388199e-01 
 1.73000000e+00  1.73000000e+00 -4.51141353e-04  2.47422387e-01 
 1.73500000e+00  1.73500000e+00 -4.51152171e-04  2.47456560e-01 
 1.74000000e+00  1.74000000e+00 -4.51162971e-04  2.47490719e-01 
 1.74500000e+00  1.74500000e+00 -4.51173752e-04  2.47524864e-01 
 1.75000000e+00  1.75000000e+00 -4.51184515e-04  2.47558995e-01 
 1.75500000e+00  1.75500000e+00 -4.51195258e-04  2.47593112e-01 
 1.76000000e+00  1.76000000e+00 -4.51205982e-04  2.47627215e-01 
 1.76500000e+00  1.76500000e+00 -4.51216688e-04  2.47661304e-01 
 1.77000000e+00  1.77000000e+00 -4.51227374e-04  2.47695380e-01 
 1.77500000e+00  1.77500000e+00 -4.51238042e-04  2.47729441e-01 
 1.78000000e+00  1.78000000e+00 -4.51248692e-04  2.47763488e-01 
 1.78500000e+00  1.78500000e+00 -4.51259322e-04  2.47797521e-01 
 1.79000000e+00  1.79000000e+00 -4.51269934e-04  2.47831541e-01 
 1.79500000e+00  1.79500000e+00 -4.51280527e-04  2.47865546e-01 
 1.80000000e+00  1.80000000e+00 -4.51291101e-04  2.47899537e-01 
