 v-sweep         v(out)          i(vout)         v(ref_mid)      v(ref_top)     
 0.00000000e+00  0.00000000e+00  2.43166206e-19  5.61927363e-01  1.25977568e+00 
 5.00000000e-03  5.00000000e-03 -5.90202840e-06  5.61927363e-01  1.25977568e+00 
 1.00000000e-02  1.00000000e-02 -1.15881217e-05  5.61927363e-01  1.25977568e+00 
 1.50000000e-02  1.50000000e-02 -1.70565100e-05  5.61927363e-01  1.25977568e+00 
 2.00000000e-02  2.00000000e-02 -2.23053400e-05  5.61927363e-01  1.25977568e+00 
 2.50000000e-02  2.50000000e-02 -2.73326353e-05  5.61927363e-01  1.25977568e+00 
 3.00000000e-02  3.00000000e-02 -3.21363368e-05  5.61927363e-01  1.25977568e+00 
 3.50000000e-02  3.50000000e-02 -3.67142832e-05  5.61927363e-01  1.25977568e+00 
 4.00000000e-02  4.00000000e-02 -4.10642040e-05  5.61927363e-01  1.25977568e+00 
 4.50000000e-02  4.50000000e-02 -4.51837119e-05  5.61927363e-01  1.25977568e+00 
 5.00000000e-02  5.00000000e-02 -4.90702944e-05  5.61927363e-01  1.25977568e+00 
 5.50000000e-02  5.50000000e-02 -5.27213046e-05  5.61927363e-01  1.25977568e+00 
 6.00000000e-02  6.00000000e-02 -5.61339514e-05  5.61927363e-01  1.25977568e+00 
 6.50000000e-02  6.50000000e-02 -5.93052884e-05  5.61927363e-01  1.25977568e+00 
 7.00000000e-02  7.00000000e-02 -6.22322022e-05  5.61927363e-01  1.25977568e+00 
 7.50000000e-02  7.50000000e-02 -6.49113988e-05  5.61927363e-01  1.25977568e+00 
 8.00000000e-02  8.00000000e-02 -6.73393893e-05  5.61927363e-01  1.25977568e+00 
 8.50000000e-02  8.50000000e-02 -6.95124738e-05  5.61927363e-01  1.25977568e+00 
 9.00000000e-02  9.00000000e-02 -7.14267234e-05  5.61927363e-01  1.25977568e+00 
 9.50000000e-02  9.50000000e-02 -7.30779605e-05  5.61927363e-01  1.25977568e+00 
 1.00000000e-01  1.00000000e-01 -7.44617368e-05  5.61927363e-01  1.25977568e+00 
 1.05000000e-01  1.05000000e-01 -7.55733088e-05  5.61927363e-01  1.25977568e+00 
 1.10000000e-01  1.10000000e-01 -7.64076099e-05  5.61927363e-01  1.25977568e+00 
 1.15000000e-01  1.15000000e-01 -7.69592203e-05  5.61927363e-01  1.25977568e+00 
 1.20000000e-01  1.20000000e-01 -7.72223315e-05  5.61927363e-01  1.25977568e+00 
 1.25000000e-01  1.25000000e-01 -7.73391505e-05  5.61927363e-01  1.25977568e+00 
 1.30000000e-01  1.30000000e-01 -7.72951636e-05  5.61927363e-01  1.25977568e+00 
 1.35000000e-01  1.35000000e-01 -7.73251891e-05  5.61927363e-01  1.25977568e+00 
 1.40000000e-01  1.40000000e-01 -7.73552030e-05  5.61927363e-01  1.25977568e+00 
 1.45000000e-01  1.45000000e-01 -7.73852054e-05  5.61927363e-01  1.25977568e+00 
 1.50000000e-01  1.50000000e-01 -7.74151960e-05  5.61927363e-01  1.25977568e+00 
 1.55000000e-01  1.55000000e-01 -7.74451745e-05  5.61927363e-01  1.25977568e+00 
 1.60000000e-01  1.60000000e-01 -7.74751406e-05  5.61927363e-01  1.25977568e+00 
 1.65000000e-01  1.65000000e-01 -7.75050938e-05  5.61927363e-01  1.25977568e+00 
 1.70000000e-01  1.70000000e-01 -7.75350338e-05  5.61927363e-01  1.25977568e+00 
 1.75000000e-01  1.75000000e-01 -7.75649602e-05  5.61927363e-01  1.25977568e+00 
 1.80000000e-01  1.80000000e-01 -7.75948726e-05  5.61927363e-01  1.25977568e+00 
 1.85000000e-01  1.85000000e-01 -7.76247706e-05  5.61927363e-01  1.25977568e+00 
 1.90000000e-01  1.90000000e-01 -7.76546537e-05  5.61927363e-01  1.25977568e+00 
 1.95000000e-01  1.95000000e-01 -7.76845215e-05  5.61927363e-01  1.25977568e+00 
 2.00000000e-01  2.00000000e-01 -7.77143735e-05  5.61927363e-01  1.25977568e+00 
 2.05000000e-01  2.05000000e-01 -7.77442092e-05  5.61927363e-01  1.25977568e+00 
 2.10000000e-01  2.10000000e-01 -7.77740280e-05  5.61927363e-01  1.25977568e+00 
 2.15000000e-01  2.15000000e-01 -7.78038295e-05  5.61927363e-01  1.25977568e+00 
 2.20000000e-01  2.20000000e-01 -7.78336131e-05  5.61927363e-01  1.25977568e+00 
 2.25000000e-01  2.25000000e-01 -7.78633781e-05  5.61927363e-01  1.25977568e+00 
 2.30000000e-01  2.30000000e-01 -7.78931241e-05  5.61927363e-01  1.25977568e+00 
 2.35000000e-01  2.35000000e-01 -7.79228503e-05  5.61927363e-01  1.25977568e+00 
 2.40000000e-01  2.40000000e-01 -7.79525560e-05  5.61927363e-01  1.25977568e+00 
 2.45000000e-01  2.45000000e-01 -7.79822407e-05  5.61927363e-01  1.25977568e+00 
 2.50000000e-01  2.50000000e-01 -7.80119035e-05  5.61927363e-01  1.25977568e+00 
 2.55000000e-01  2.55000000e-01 -7.80415437e-05  5.61927363e-01  1.25977568e+00 
 2.60000000e-01  2.60000000e-01 -7.80711604e-05  5.61927363e-01  1.25977568e+00 
 2.65000000e-01  2.65000000e-01 -7.81007530e-05  5.61927363e-01  1.25977568e+00 
 2.70000000e-01  2.70000000e-01 -7.81303204e-05  5.61927363e-01  1.25977568e+00 
 2.75000000e-01  2.75000000e-01 -7.81598618e-05  5.61927363e-01  1.25977568e+00 
 2.80000000e-01  2.80000000e-01 -7.81893763e-05  5.61927363e-01  1.25977568e+00 
 2.85000000e-01  2.85000000e-01 -7.82188627e-05  5.61927363e-01  1.25977568e+00 
 2.90000000e-01  2.90000000e-01 -7.82483202e-05  5.61927363e-01  1.25977568e+00 
 2.95000000e-01  2.95000000e-01 -7.82777475e-05  5.61927363e-01  1.25977568e+00 
 3.00000000e-01  3.00000000e-01 -7.83071435e-05  5.61927363e-01  1.25977568e+00 
 3.05000000e-01  3.05000000e-01 -7.83365070e-05  5.61927363e-01  1.25977568e+00 
 3.10000000e-01  3.10000000e-01 -7.83658367e-05  5.61927363e-01  1.25977568e+00 
 3.15000000e-01  3.15000000e-01 -7.83951313e-05  5.61927363e-01  1.25977568e+00 
 3.20000000e-01  3.20000000e-01 -7.84243893e-05  5.61927363e-01  1.25977568e+00 
 3.25000000e-01  3.25000000e-01 -7.84536093e-05  5.61927363e-01  1.25977568e+00 
 3.30000000e-01  3.30000000e-01 -7.84827897e-05  5.61927363e-01  1.25977568e+00 
 3.35000000e-01  3.35000000e-01 -7.85119288e-05  5.61927363e-01  1.25977568e+00 
 3.40000000e-01  3.40000000e-01 -7.85410249e-05  5.61927363e-01  1.25977568e+00 
 3.45000000e-01  3.45000000e-01 -7.85700761e-05  5.61927363e-01  1.25977568e+00 
 3.50000000e-01  3.50000000e-01 -7.85990805e-05  5.61927363e-01  1.25977568e+00 
 3.55000000e-01  3.55000000e-01 -7.86280361e-05  5.61927363e-01  1.25977568e+00 
 3.60000000e-01  3.60000000e-01 -7.86569407e-05  5.61927363e-01  1.25977568e+00 
 3.65000000e-01  3.65000000e-01 -7.86857919e-05  5.61927363e-01  1.25977568e+00 
 3.70000000e-01  3.70000000e-01 -7.87145874e-05  5.61927363e-01  1.25977568e+00 
 3.75000000e-01  3.75000000e-01 -7.87433246e-05  5.61927363e-01  1.25977568e+00 
 3.80000000e-01  3.80000000e-01 -7.87720006e-05  5.61927363e-01  1.25977568e+00 
 3.85000000e-01  3.85000000e-01 -7.88006128e-05  5.61927363e-01  1.25977568e+00 
 3.90000000e-01  3.90000000e-01 -7.88291578e-05  5.61927363e-01  1.25977568e+00 
 3.95000000e-01  3.95000000e-01 -7.88576326e-05  5.61927363e-01  1.25977568e+00 
 4.00000000e-01  4.00000000e-01 -7.88860336e-05  5.61927363e-01  1.25977568e+00 
 4.05000000e-01  4.05000000e-01 -7.89143571e-05  5.61927363e-01  1.25977568e+00 
 4.10000000e-01  4.10000000e-01 -7.89425993e-05  5.61927363e-01  1.25977568e+00 
 4.15000000e-01  4.15000000e-01 -7.89707558e-05  5.61927363e-01  1.25977568e+00 
 4.20000000e-01  4.20000000e-01 -7.89988223e-05  5.61927363e-01  1.25977568e+00 
 4.25000000e-01  4.25000000e-01 -7.90267941e-05  5.61927363e-01  1.25977568e+00 
 4.30000000e-01  4.30000000e-01 -7.90546659e-05  5.61927363e-01  1.25977568e+00 
 4.35000000e-01  4.35000000e-01 -7.90824325e-05  5.61927363e-01  1.25977568e+00 
 4.40000000e-01  4.40000000e-01 -7.91100880e-05  5.61927363e-01  1.25977568e+00 
 4.45000000e-01  4.45000000e-01 -7.91376262e-05  5.61927363e-01  1.25977568e+00 
 4.50000000e-01  4.50000000e-01 -7.91650405e-05  5.61927363e-01  1.25977568e+00 
 4.55000000e-01  4.55000000e-01 -7.91923238e-05  5.61927363e-01  1.25977568e+00 
 4.60000000e-01  4.60000000e-01 -7.92194685e-05  5.61927363e-01  1.25977568e+00 
 4.65000000e-01  4.65000000e-01 -7.92464664e-05  5.61927363e-01  1.25977568e+00 
 4.70000000e-01  4.70000000e-01 -7.92733089e-05  5.61927363e-01  1.25977568e+00 
 4.75000000e-01  4.75000000e-01 -7.92999864e-05  5.61927363e-01  1.25977568e+00 
 4.80000000e-01  4.80000000e-01 -7.93264889e-05  5.61927363e-01  1.25977568e+00 
 4.85000000e-01  4.85000000e-01 -7.93528057e-05  5.61927363e-01  1.25977568e+00 
 4.90000000e-01  4.90000000e-01 -7.93789250e-05  5.61927363e-01  1.25977568e+00 
 4.95000000e-01  4.95000000e-01 -7.94048343e-05  5.61927363e-01  1.25977568e+00 
 5.00000000e-01  5.00000000e-01 -7.94305201e-05  5.61927363e-01  1.25977568e+00 
 5.05000000e-01  5.05000000e-01 -7.94559681e-05  5.61927363e-01  1.25977568e+00 
 5.10000000e-01  5.10000000e-01 -7.94811626e-05  5.61927363e-01  1.25977568e+00 
 5.15000000e-01  5.15000000e-01 -7.95060868e-05  5.61927363e-01  1.25977568e+00 
 5.20000000e-01  5.20000000e-01 -7.95307228e-05  5.61927363e-01  1.25977568e+00 
 5.25000000e-01  5.25000000e-01 -7.95550512e-05  5.61927363e-01  1.25977568e+00 
 5.30000000e-01  5.30000000e-01 -7.95790512e-05  5.61927363e-01  1.25977568e+00 
 5.35000000e-01  5.35000000e-01 -7.96027004e-05  5.61927363e-01  1.25977568e+00 
 5.40000000e-01  5.40000000e-01 -7.96259749e-05  5.61927363e-01  1.25977568e+00 
 5.45000000e-01  5.45000000e-01 -7.96488491e-05  5.61927363e-01  1.25977568e+00 
 5.50000000e-01  5.50000000e-01 -7.96712956e-05  5.61927363e-01  1.25977568e+00 
 5.55000000e-01  5.55000000e-01 -7.96932850e-05  5.61927363e-01  1.25977568e+00 
 5.60000000e-01  5.60000000e-01 -7.97147863e-05  5.61927363e-01  1.25977568e+00 
 5.65000000e-01  5.65000000e-01 -7.97357663e-05  5.61927363e-01  1.25977568e+00 
 5.70000000e-01  5.70000000e-01 -7.97561902e-05  5.61927363e-01  1.25977568e+00 
 5.75000000e-01  5.75000000e-01 -7.97760210e-05  5.61927363e-01  1.25977568e+00 
 5.80000000e-01  5.80000000e-01 -7.97952202e-05  5.61927363e-01  1.25977568e+00 
 5.85000000e-01  5.85000000e-01 -7.98137475e-05  5.61927363e-01  1.25977568e+00 
 5.90000000e-01  5.90000000e-01 -7.98315612e-05  5.61927363e-01  1.25977568e+00 
 5.95000000e-01  5.95000000e-01 -7.98486185e-05  5.61927363e-01  1.25977568e+00 
 6.00000000e-01  6.00000000e-01 -7.98648758e-05  5.61927363e-01  1.25977568e+00 
 6.05000000e-01  6.05000000e-01 -7.98802890e-05  5.61927363e-01  1.25977568e+00 
 6.10000000e-01  6.10000000e-01 -7.98948146e-05  5.61927363e-01  1.25977568e+00 
 6.15000000e-01  6.15000000e-01 -7.99084094e-05  5.61927363e-01  1.25977568e+00 
 6.20000000e-01  6.20000000e-01 -7.99210321e-05  5.61927363e-01  1.25977568e+00 
 6.25000000e-01  6.25000000e-01 -7.99326437e-05  5.61927363e-01  1.25977568e+00 
 6.30000000e-01  6.30000000e-01 -7.99432079e-05  5.61927363e-01  1.25977568e+00 
 6.35000000e-01  6.35000000e-01 -7.99526929e-05  5.61927363e-01  1.25977568e+00 
 6.40000000e-01  6.40000000e-01 -7.99610711e-05  5.61927363e-01  1.25977568e+00 
 6.45000000e-01  6.45000000e-01 -7.99683205e-05  5.61927363e-01  1.25977568e+00 
 6.50000000e-01  6.50000000e-01 -7.99744251e-05  5.61927363e-01  1.25977568e+00 
 6.55000000e-01  6.55000000e-01 -7.99793755e-05  5.61927363e-01  1.25977568e+00 
 6.60000000e-01  6.60000000e-01 -7.99831689e-05  5.61927363e-01  1.25977568e+00 
 6.65000000e-01  6.65000000e-01 -7.99858093e-05  5.61927363e-01  1.25977568e+00 
 6.70000000e-01  6.70000000e-01 -7.99873076e-05  5.61927363e-01  1.25977568e+00 
 6.75000000e-01  6.75000000e-01 -7.99876810e-05  5.61927363e-01  1.25977568e+00 
 6.80000000e-01  6.80000000e-01 -7.99872769e-05  5.61927363e-01  1.25977568e+00 
 6.85000000e-01  6.85000000e-01 -7.99873906e-05  5.61927363e-01  1.25977568e+00 
 6.90000000e-01  6.90000000e-01 -7.99875040e-05  5.61927363e-01  1.25977568e+00 
 6.95000000e-01  6.95000000e-01 -7.99876172e-05  5.61927363e-01  1.25977568e+00 
 7.00000000e-01  7.00000000e-01 -7.99877305e-05  5.61927363e-01  1.25977568e+00 
 7.05000000e-01  7.05000000e-01 -7.99878436e-05  5.61927363e-01  1.25977568e+00 
 7.10000000e-01  7.10000000e-01 -7.99879567e-05  5.61927363e-01  1.25977568e+00 
 7.15000000e-01  7.15000000e-01 -7.99880697e-05  5.61927363e-01  1.25977568e+00 
 7.20000000e-01  7.20000000e-01 -7.99881826e-05  5.61927363e-01  1.25977568e+00 
 7.25000000e-01  7.25000000e-01 -7.99882955e-05  5.61927363e-01  1.25977568e+00 
 7.30000000e-01  7.30000000e-01 -7.99884083e-05  5.61927363e-01  1.25977568e+00 
 7.35000000e-01  7.35000000e-01 -7.99885211e-05  5.61927363e-01  1.25977568e+00 
 7.40000000e-01  7.40000000e-01 -7.99886338e-05  5.61927363e-01  1.25977568e+00 
 7.45000000e-01  7.45000000e-01 -7.99887464e-05  5.61927363e-01  1.25977568e+00 
 7.50000000e-01  7.50000000e-01 -7.99888589e-05  5.61927363e-01  1.25977568e+00 
 7.55000000e-01  7.55000000e-01 -7.99889714e-05  5.61927363e-01  1.25977568e+00 
 7.60000000e-01  7.60000000e-01 -7.99890838e-05  5.61927363e-01  1.25977568e+00 
 7.65000000e-01  7.65000000e-01 -7.99891962e-05  5.61927363e-01  1.25977568e+00 
 7.70000000e-01  7.70000000e-01 -7.99893085e-05  5.61927363e-01  1.25977568e+00 
 7.75000000e-01  7.75000000e-01 -7.99894207e-05  5.61927363e-01  1.25977568e+00 
 7.80000000e-01  7.80000000e-01 -7.99895328e-05  5.61927363e-01  1.25977568e+00 
 7.85000000e-01  7.85000000e-01 -7.99896449e-05  5.61927363e-01  1.25977568e+00 
 7.90000000e-01  7.90000000e-01 -7.99897570e-05  5.61927363e-01  1.25977568e+00 
 7.95000000e-01  7.95000000e-01 -7.99898689e-05  5.61927363e-01  1.25977568e+00 
 8.00000000e-01  8.00000000e-01 -7.99899808e-05  5.61927363e-01  1.25977568e+00 
 8.05000000e-01  8.05000000e-01 -7.99900926e-05  5.61927363e-01  1.25977568e+00 
 8.10000000e-01  8.10000000e-01 -7.99902044e-05  5.61927363e-01  1.25977568e+00 
 8.15000000e-01  8.15000000e-01 -7.99903161e-05  5.61927363e-01  1.25977568e+00 
 8.20000000e-01  8.20000000e-01 -7.99904277e-05  5.61927363e-01  1.25977568e+00 
 8.25000000e-01  8.25000000e-01 -7.99905393e-05  5.61927363e-01  1.25977568e+00 
 8.30000000e-01  8.30000000e-01 -7.99906508e-05  5.61927363e-01  1.25977568e+00 
 8.35000000e-01  8.35000000e-01 -7.99907623e-05  5.61927363e-01  1.25977568e+00 
 8.40000000e-01  8.40000000e-01 -7.99908736e-05  5.61927363e-01  1.25977568e+00 
 8.45000000e-01  8.45000000e-01 -7.99909850e-05  5.61927363e-01  1.25977568e+00 
 8.50000000e-01  8.50000000e-01 -7.99910962e-05  5.61927363e-01  1.25977568e+00 
 8.55000000e-01  8.55000000e-01 -7.99912074e-05  5.61927363e-01  1.25977568e+00 
 8.60000000e-01  8.60000000e-01 -7.99913185e-05  5.61927363e-01  1.25977568e+00 
 8.65000000e-01  8.65000000e-01 -7.99914296e-05  5.61927363e-01  1.25977568e+00 
 8.70000000e-01  8.70000000e-01 -7.99915406e-05  5.61927363e-01  1.25977568e+00 
 8.75000000e-01  8.75000000e-01 -7.99916515e-05  5.61927363e-01  1.25977568e+00 
 8.80000000e-01  8.80000000e-01 -7.99917623e-05  5.61927363e-01  1.25977568e+00 
 8.85000000e-01  8.85000000e-01 -7.99918731e-05  5.61927363e-01  1.25977568e+00 
 8.90000000e-01  8.90000000e-01 -7.99919839e-05  5.61927363e-01  1.25977568e+00 
 8.95000000e-01  8.95000000e-01 -7.99920945e-05  5.61927363e-01  1.25977568e+00 
 9.00000000e-01  9.00000000e-01 -7.99922051e-05  5.61927363e-01  1.25977568e+00 
 9.05000000e-01  9.05000000e-01 -7.99923157e-05  5.61927363e-01  1.25977568e+00 
 9.10000000e-01  9.10000000e-01 -7.99924262e-05  5.61927363e-01  1.25977568e+00 
 9.15000000e-01  9.15000000e-01 -7.99925366e-05  5.61927363e-01  1.25977568e+00 
 9.20000000e-01  9.20000000e-01 -7.99926469e-05  5.61927363e-01  1.25977568e+00 
 9.25000000e-01  9.25000000e-01 -7.99927572e-05  5.61927363e-01  1.25977568e+00 
 9.30000000e-01  9.30000000e-01 -7.99928674e-05  5.61927363e-01  1.25977568e+00 
 9.35000000e-01  9.35000000e-01 -7.99929776e-05  5.61927363e-01  1.25977568e+00 
 9.40000000e-01  9.40000000e-01 -7.99930877e-05  5.61927363e-01  1.25977568e+00 
 9.45000000e-01  9.45000000e-01 -7.99931977e-05  5.61927363e-01  1.25977568e+00 
 9.50000000e-01  9.50000000e-01 -7.99933077e-05  5.61927363e-01  1.25977568e+00 
 9.55000000e-01  9.55000000e-01 -7.99934176e-05  5.61927363e-01  1.25977568e+00 
 9.60000000e-01  9.60000000e-01 -7.99935275e-05  5.61927363e-01  1.25977568e+00 
 9.65000000e-01  9.65000000e-01 -7.99936372e-05  5.61927363e-01  1.25977568e+00 
 9.70000000e-01  9.70000000e-01 -7.99937470e-05  5.61927363e-01  1.25977568e+00 
 9.75000000e-01  9.75000000e-01 -7.99938566e-05  5.61927363e-01  1.25977568e+00 
 9.80000000e-01  9.80000000e-01 -7.99939662e-05  5.61927363e-01  1.25977568e+00 
 9.85000000e-01  9.85000000e-01 -7.99940757e-05  5.61927363e-01  1.25977568e+00 
 9.90000000e-01  9.90000000e-01 -7.99941852e-05  5.61927363e-01  1.25977568e+00 
 9.95000000e-01  9.95000000e-01 -7.99942946e-05  5.61927363e-01  1.25977568e+00 
 1.00000000e+00  1.00000000e+00 -7.99944039e-05  5.61927363e-01  1.25977568e+00 
 1.00500000e+00  1.00500000e+00 -7.99945132e-05  5.61927363e-01  1.25977568e+00 
 1.01000000e+00  1.01000000e+00 -7.99946224e-05  5.61927363e-01  1.25977568e+00 
 1.01500000e+00  1.01500000e+00 -7.99947316e-05  5.61927363e-01  1.25977568e+00 
 1.02000000e+00  1.02000000e+00 -7.99948407e-05  5.61927363e-01  1.25977568e+00 
 1.02500000e+00  1.02500000e+00 -7.99949497e-05  5.61927363e-01  1.25977568e+00 
 1.03000000e+00  1.03000000e+00 -7.99950587e-05  5.61927363e-01  1.25977568e+00 
 1.03500000e+00  1.03500000e+00 -7.99951676e-05  5.61927363e-01  1.25977568e+00 
 1.04000000e+00  1.04000000e+00 -7.99952764e-05  5.61927363e-01  1.25977568e+00 
 1.04500000e+00  1.04500000e+00 -7.99953852e-05  5.61927363e-01  1.25977568e+00 
 1.05000000e+00  1.05000000e+00 -7.99954939e-05  5.61927363e-01  1.25977568e+00 
 1.05500000e+00  1.05500000e+00 -7.99956026e-05  5.61927363e-01  1.25977568e+00 
 1.06000000e+00  1.06000000e+00 -7.99957112e-05  5.61927363e-01  1.25977568e+00 
 1.06500000e+00  1.06500000e+00 -7.99958197e-05  5.61927363e-01  1.25977568e+00 
 1.07000000e+00  1.07000000e+00 -7.99959282e-05  5.61927363e-01  1.25977568e+00 
 1.07500000e+00  1.07500000e+00 -7.99960366e-05  5.61927363e-01  1.25977568e+00 
 1.08000000e+00  1.08000000e+00 -7.99961449e-05  5.61927363e-01  1.25977568e+00 
 1.08500000e+00  1.08500000e+00 -7.99962532e-05  5.61927363e-01  1.25977568e+00 
 1.09000000e+00  1.09000000e+00 -7.99963614e-05  5.61927363e-01  1.25977568e+00 
 1.09500000e+00  1.09500000e+00 -7.99964696e-05  5.61927363e-01  1.25977568e+00 
 1.10000000e+00  1.10000000e+00 -7.99965777e-05  5.61927363e-01  1.25977568e+00 
 1.10500000e+00  1.10500000e+00 -7.99966857e-05  5.61927363e-01  1.25977568e+00 
 1.11000000e+00  1.11000000e+00 -7.99967937e-05  5.61927363e-01  1.25977568e+00 
 1.11500000e+00  1.11500000e+00 -7.99969016e-05  5.61927363e-01  1.25977568e+00 
 1.12000000e+00  1.12000000e+00 -7.99970095e-05  5.61927363e-01  1.25977568e+00 
 1.12500000e+00  1.12500000e+00 -7.99971173e-05  5.61927363e-01  1.25977568e+00 
 1.13000000e+00  1.13000000e+00 -7.99972250e-05  5.61927363e-01  1.25977568e+00 
 1.13500000e+00  1.13500000e+00 -7.99973327e-05  5.61927363e-01  1.25977568e+00 
 1.14000000e+00  1.14000000e+00 -7.99974403e-05  5.61927363e-01  1.25977568e+00 
 1.14500000e+00  1.14500000e+00 -7.99975479e-05  5.61927363e-01  1.25977568e+00 
 1.15000000e+00  1.15000000e+00 -7.99976553e-05  5.61927363e-01  1.25977568e+00 
 1.15500000e+00  1.15500000e+00 -7.99977628e-05  5.61927363e-01  1.25977568e+00 
 1.16000000e+00  1.16000000e+00 -7.99978701e-05  5.61927363e-01  1.25977568e+00 
 1.16500000e+00  1.16500000e+00 -7.99979774e-05  5.61927363e-01  1.25977568e+00 
 1.17000000e+00  1.17000000e+00 -7.99980847e-05  5.61927363e-01  1.25977568e+00 
 1.17500000e+00  1.17500000e+00 -7.99981919e-05  5.61927363e-01  1.25977568e+00 
 1.18000000e+00  1.18000000e+00 -7.99982990e-05  5.61927363e-01  1.25977568e+00 
 1.18500000e+00  1.18500000e+00 -7.99984061e-05  5.61927363e-01  1.25977568e+00 
 1.19000000e+00  1.19000000e+00 -7.99985131e-05  5.61927363e-01  1.25977568e+00 
 1.19500000e+00  1.19500000e+00 -7.99986200e-05  5.61927363e-01  1.25977568e+00 
 1.20000000e+00  1.20000000e+00 -7.99987269e-05  5.61927363e-01  1.25977568e+00 
 1.20500000e+00  1.20500000e+00 -7.99988337e-05  5.61927363e-01  1.25977568e+00 
 1.21000000e+00  1.21000000e+00 -7.99989405e-05  5.61927363e-01  1.25977568e+00 
 1.21500000e+00  1.21500000e+00 -7.99990472e-05  5.61927363e-01  1.25977568e+00 
 1.22000000e+00  1.22000000e+00 -7.99991538e-05  5.61927363e-01  1.25977568e+00 
 1.22500000e+00  1.22500000e+00 -7.99992604e-05  5.61927363e-01  1.25977568e+00 
 1.23000000e+00  1.23000000e+00 -7.99993669e-05  5.61927363e-01  1.25977568e+00 
 1.23500000e+00  1.23500000e+00 -7.99994734e-05  5.61927363e-01  1.25977568e+00 
 1.24000000e+00  1.24000000e+00 -7.99995798e-05  5.61927363e-01  1.25977568e+00 
 1.24500000e+00  1.24500000e+00 -7.99996861e-05  5.61927363e-01  1.25977568e+00 
 1.25000000e+00  1.25000000e+00 -7.99997924e-05  5.61927363e-01  1.25977568e+00 
 1.25500000e+00  1.25500000e+00 -7.99998986e-05  5.61927363e-01  1.25977568e+00 
 1.26000000e+00  1.26000000e+00 -8.00000048e-05  5.61927363e-01  1.25977568e+00 
 1.26500000e+00  1.26500000e+00 -8.00001109e-05  5.61927363e-01  1.25977568e+00 
 1.27000000e+00  1.27000000e+00 -8.00002169e-05  5.61927363e-01  1.25977568e+00 
 1.27500000e+00  1.27500000e+00 -8.00003229e-05  5.61927363e-01  1.25977568e+00 
 1.28000000e+00  1.28000000e+00 -8.00004288e-05  5.61927363e-01  1.25977568e+00 
 1.28500000e+00  1.28500000e+00 -8.00005347e-05  5.61927363e-01  1.25977568e+00 
 1.29000000e+00  1.29000000e+00 -8.00006405e-05  5.61927363e-01  1.25977568e+00 
 1.29500000e+00  1.29500000e+00 -8.00007463e-05  5.61927363e-01  1.25977568e+00 
 1.30000000e+00  1.30000000e+00 -8.00008520e-05  5.61927363e-01  1.25977568e+00 
 1.30500000e+00  1.30500000e+00 -8.00009576e-05  5.61927363e-01  1.25977568e+00 
 1.31000000e+00  1.31000000e+00 -8.00010631e-05  5.61927363e-01  1.25977568e+00 
 1.31500000e+00  1.31500000e+00 -8.00011687e-05  5.61927363e-01  1.25977568e+00 
 1.32000000e+00  1.32000000e+00 -8.00012741e-05  5.61927363e-01  1.25977568e+00 
 1.32500000e+00  1.32500000e+00 -8.00013795e-05  5.61927363e-01  1.25977568e+00 
 1.33000000e+00  1.33000000e+00 -8.00014848e-05  5.61927363e-01  1.25977568e+00 
 1.33500000e+00  1.33500000e+00 -8.00015901e-05  5.61927363e-01  1.25977568e+00 
 1.34000000e+00  1.34000000e+00 -8.00016953e-05  5.61927363e-01  1.25977568e+00 
 1.34500000e+00  1.34500000e+00 -8.00018005e-05  5.61927363e-01  1.25977568e+00 
 1.35000000e+00  1.35000000e+00 -8.00019056e-05  5.61927363e-01  1.25977568e+00 
 1.35500000e+00  1.35500000e+00 -8.00020106e-05  5.61927363e-01  1.25977568e+00 
 1.36000000e+00  1.36000000e+00 -8.00021156e-05  5.61927363e-01  1.25977568e+00 
 1.36500000e+00  1.36500000e+00 -8.00022205e-05  5.61927363e-01  1.25977568e+00 
 1.37000000e+00  1.37000000e+00 -8.00023254e-05  5.61927363e-01  1.25977568e+00 
 1.37500000e+00  1.37500000e+00 -8.00024302e-05  5.61927363e-01  1.25977568e+00 
 1.38000000e+00  1.38000000e+00 -8.00025349e-05  5.61927363e-01  1.25977568e+00 
 1.38500000e+00  1.38500000e+00 -8.00026396e-05  5.61927363e-01  1.25977568e+00 
 1.39000000e+00  1.39000000e+00 -8.00027443e-05  5.61927363e-01  1.25977568e+00 
 1.39500000e+00  1.39500000e+00 -8.00028488e-05  5.61927363e-01  1.25977568e+00 
 1.40000000e+00  1.40000000e+00 -8.00029533e-05  5.61927363e-01  1.25977568e+00 
 1.40500000e+00  1.40500000e+00 -8.00030578e-05  5.61927363e-01  1.25977568e+00 
 1.41000000e+00  1.41000000e+00 -8.00031622e-05  5.61927363e-01  1.25977568e+00 
 1.41500000e+00  1.41500000e+00 -8.00032665e-05  5.61927363e-01  1.25977568e+00 
 1.42000000e+00  1.42000000e+00 -8.00033708e-05  5.61927363e-01  1.25977568e+00 
 1.42500000e+00  1.42500000e+00 -8.00034750e-05  5.61927363e-01  1.25977568e+00 
 1.43000000e+00  1.43000000e+00 -8.00035792e-05  5.61927363e-01  1.25977568e+00 
 1.43500000e+00  1.43500000e+00 -8.00036833e-05  5.61927363e-01  1.25977568e+00 
 1.44000000e+00  1.44000000e+00 -8.00037874e-05  5.61927363e-01  1.25977568e+00 
 1.44500000e+00  1.44500000e+00 -8.00038914e-05  5.61927363e-01  1.25977568e+00 
 1.45000000e+00  1.45000000e+00 -8.00039953e-05  5.61927363e-01  1.25977568e+00 
 1.45500000e+00  1.45500000e+00 -8.00040992e-05  5.61927363e-01  1.25977568e+00 
 1.46000000e+00  1.46000000e+00 -8.00042030e-05  5.61927363e-01  1.25977568e+00 
 1.46500000e+00  1.46500000e+00 -8.00043068e-05  5.61927363e-01  1.25977568e+00 
 1.47000000e+00  1.47000000e+00 -8.00044105e-05  5.61927363e-01  1.25977568e+00 
 1.47500000e+00  1.47500000e+00 -8.00045141e-05  5.61927363e-01  1.25977568e+00 
 1.48000000e+00  1.48000000e+00 -8.00046177e-05  5.61927363e-01  1.25977568e+00 
 1.48500000e+00  1.48500000e+00 -8.00047212e-05  5.61927363e-01  1.25977568e+00 
 1.49000000e+00  1.49000000e+00 -8.00048247e-05  5.61927363e-01  1.25977568e+00 
 1.49500000e+00  1.49500000e+00 -8.00049281e-05  5.61927363e-01  1.25977568e+00 
 1.50000000e+00  1.50000000e+00 -8.00050315e-05  5.61927363e-01  1.25977568e+00 
 1.50500000e+00  1.50500000e+00 -8.00051348e-05  5.61927363e-01  1.25977568e+00 
 1.51000000e+00  1.51000000e+00 -8.00052381e-05  5.61927363e-01  1.25977568e+00 
 1.51500000e+00  1.51500000e+00 -8.00053413e-05  5.61927363e-01  1.25977568e+00 
 1.52000000e+00  1.52000000e+00 -8.00054444e-05  5.61927363e-01  1.25977568e+00 
 1.52500000e+00  1.52500000e+00 -8.00055475e-05  5.61927363e-01  1.25977568e+00 
 1.53000000e+00  1.53000000e+00 -8.00056505e-05  5.61927363e-01  1.25977568e+00 
 1.53500000e+00  1.53500000e+00 -8.00057535e-05  5.61927363e-01  1.25977568e+00 
 1.54000000e+00  1.54000000e+00 -8.00058564e-05  5.61927363e-01  1.25977568e+00 
 1.54500000e+00  1.54500000e+00 -8.00059592e-05  5.61927363e-01  1.25977568e+00 
 1.55000000e+00  1.55000000e+00 -8.00060620e-05  5.61927363e-01  1.25977568e+00 
 1.55500000e+00  1.55500000e+00 -8.00061647e-05  5.61927363e-01  1.25977568e+00 
 1.56000000e+00  1.56000000e+00 -8.00062674e-05  5.61927363e-01  1.25977568e+00 
 1.56500000e+00  1.56500000e+00 -8.00063701e-05  5.61927363e-01  1.25977568e+00 
 1.57000000e+00  1.57000000e+00 -8.00064726e-05  5.61927363e-01  1.25977568e+00 
 1.57500000e+00  1.57500000e+00 -8.00065751e-05  5.61927363e-01  1.25977568e+00 
 1.58000000e+00  1.58000000e+00 -8.00066776e-05  5.61927363e-01  1.25977568e+00 
 1.58500000e+00  1.58500000e+00 -8.00067800e-05  5.61927363e-01  1.25977568e+00 
 1.59000000e+00  1.59000000e+00 -8.00068823e-05  5.61927363e-01  1.25977568e+00 
 1.59500000e+00  1.59500000e+00 -8.00069846e-05  5.61927363e-01  1.25977568e+00 
 1.60000000e+00  1.60000000e+00 -8.00070869e-05  5.61927363e-01  1.25977568e+00 
 1.60500000e+00  1.60500000e+00 -8.00071890e-05  5.61927363e-01  1.25977568e+00 
 1.61000000e+00  1.61000000e+00 -8.00072912e-05  5.61927363e-01  1.25977568e+00 
 1.61500000e+00  1.61500000e+00 -8.00073932e-05  5.61927363e-01  1.25977568e+00 
 1.62000000e+00  1.62000000e+00 -8.00074952e-05  5.61927363e-01  1.25977568e+00 
 1.62500000e+00  1.62500000e+00 -8.00075972e-05  5.61927363e-01  1.25977568e+00 
 1.63000000e+00  1.63000000e+00 -8.00076991e-05  5.61927363e-01  1.25977568e+00 
 1.63500000e+00  1.63500000e+00 -8.00078009e-05  5.61927363e-01  1.25977568e+00 
 1.64000000e+00  1.64000000e+00 -8.00079027e-05  5.61927363e-01  1.25977568e+00 
 1.64500000e+00  1.64500000e+00 -8.00080044e-05  5.61927363e-01  1.25977568e+00 
 1.65000000e+00  1.65000000e+00 -8.00081061e-05  5.61927363e-01  1.25977568e+00 
 1.65500000e+00  1.65500000e+00 -8.00082077e-05  5.61927363e-01  1.25977568e+00 
 1.66000000e+00  1.66000000e+00 -8.00083093e-05  5.61927363e-01  1.25977568e+00 
 1.66500000e+00  1.66500000e+00 -8.00084108e-05  5.61927363e-01  1.25977568e+00 
 1.67000000e+00  1.67000000e+00 -8.00085123e-05  5.61927363e-01  1.25977568e+00 
 1.67500000e+00  1.67500000e+00 -8.00086137e-05  5.61927363e-01  1.25977568e+00 
 1.68000000e+00  1.68000000e+00 -8.00087150e-05  5.61927363e-01  1.25977568e+00 
 1.68500000e+00  1.68500000e+00 -8.00088163e-05  5.61927363e-01  1.25977568e+00 
 1.69000000e+00  1.69000000e+00 -8.00089175e-05  5.61927363e-01  1.25977568e+00 
 1.69500000e+00  1.69500000e+00 -8.00090187e-05  5.61927363e-01  1.25977568e+00 
 1.70000000e+00  1.70000000e+00 -8.00091198e-05  5.61927363e-01  1.25977568e+00 
 1.70500000e+00  1.70500000e+00 -8.00092209e-05  5.61927363e-01  1.25977568e+00 
 1.71000000e+00  1.71000000e+00 -8.00093219e-05  5.61927363e-01  1.25977568e+00 
 1.71500000e+00  1.71500000e+00 -8.00094228e-05  5.61927363e-01  1.25977568e+00 
 1.72000000e+00  1.72000000e+00 -8.00095238e-05  5.61927363e-01  1.25977568e+00 
 1.72500000e+00  1.72500000e+00 -8.00096246e-05  5.61927363e-01  1.25977568e+00 
 1.73000000e+00  1.73000000e+00 -8.00097254e-05  5.61927363e-01  1.25977568e+00 
 1.73500000e+00  1.73500000e+00 -8.00098261e-05  5.61927363e-01  1.25977568e+00 
 1.74000000e+00  1.74000000e+00 -8.00099268e-05  5.61927363e-01  1.25977568e+00 
 1.74500000e+00  1.74500000e+00 -8.00100274e-05  5.61927363e-01  1.25977568e+00 
 1.75000000e+00  1.75000000e+00 -8.00101280e-05  5.61927363e-01  1.25977568e+00 
 1.75500000e+00  1.75500000e+00 -8.00102285e-05  5.61927363e-01  1.25977568e+00 
 1.76000000e+00  1.76000000e+00 -8.00103290e-05  5.61927363e-01  1.25977568e+00 
 1.76500000e+00  1.76500000e+00 -8.00104294e-05  5.61927363e-01  1.25977568e+00 
 1.77000000e+00  1.77000000e+00 -8.00105298e-05  5.61927363e-01  1.25977568e+00 
 1.77500000e+00  1.77500000e+00 -8.00106301e-05  5.61927363e-01  1.25977568e+00 
 1.78000000e+00  1.78000000e+00 -8.00107303e-05  5.61927363e-01  1.25977568e+00 
 1.78500000e+00  1.78500000e+00 -8.00108305e-05  5.61927363e-01  1.25977568e+00 
 1.79000000e+00  1.79000000e+00 -8.00109307e-05  5.61927363e-01  1.25977568e+00 
 1.79500000e+00  1.79500000e+00 -8.00110307e-05  5.61927363e-01  1.25977568e+00 
 1.80000000e+00  1.80000000e+00 -8.00111308e-05  5.61927363e-01  1.25977568e+00 
