 v-sweep         v(in)           v(out)         
 5.00000000e-01  5.00000000e-01  7.60903394e-03 
 5.05000000e-01  5.05000000e-01  8.94747397e-03 
 5.10000000e-01  5.10000000e-01  1.03621999e-02 
 5.15000000e-01  5.15000000e-01  1.18491935e-02 
 5.20000000e-01  5.20000000e-01  1.34049641e-02 
 5.25000000e-01  5.25000000e-01  1.50264553e-02 
 5.30000000e-01  5.30000000e-01  1.67109827e-02 
 5.35000000e-01  5.35000000e-01  1.84561825e-02 
 5.40000000e-01  5.40000000e-01  2.02599698e-02 
 5.45000000e-01  5.45000000e-01  2.21205048e-02 
 5.50000000e-01  5.50000000e-01  2.40361642e-02 
 5.55000000e-01  5.55000000e-01  2.59788989e-02 
 5.60000000e-01  5.60000000e-01  2.80014893e-02 
 5.65000000e-01  5.65000000e-01  3.00751159e-02 
 5.70000000e-01  5.70000000e-01  3.21990576e-02 
 5.75000000e-01  5.75000000e-01  3.43724932e-02 
 5.80000000e-01  5.80000000e-01  3.65947244e-02 
 5.85000000e-01  5.85000000e-01  3.88651663e-02 
 5.90000000e-01  5.90000000e-01  4.11833415e-02 
 5.95000000e-01  5.95000000e-01  4.35488743e-02 
 6.00000000e-01  6.00000000e-01  4.59614874e-02 
 6.05000000e-01  6.05000000e-01  4.84209982e-02 
 6.10000000e-01  6.10000000e-01  5.09273173e-02 
 6.15000000e-01  6.15000000e-01  5.34804473e-02 
 6.20000000e-01  6.20000000e-01  5.60804823e-02 
 6.25000000e-01  6.25000000e-01  5.87276090e-02 
 6.30000000e-01  6.30000000e-01  6.14221079e-02 
 6.35000000e-01  6.35000000e-01  6.41643560e-02 
 6.40000000e-01  6.40000000e-01  6.69548301e-02 
 6.45000000e-01  6.45000000e-01  6.97941118e-02 
 6.50000000e-01  6.50000000e-01  7.26828926e-02 
 6.55000000e-01  6.55000000e-01  7.56219813e-02 
 6.60000000e-01  6.60000000e-01  7.86123126e-02 
 6.65000000e-01  6.65000000e-01  8.16549571e-02 
 6.70000000e-01  6.70000000e-01  8.47511339e-02 
 6.75000000e-01  6.75000000e-01  8.79022248e-02 
 6.80000000e-01  6.80000000e-01  9.11097923e-02 
 6.85000000e-01  6.85000000e-01  9.43755998e-02 
 6.90000000e-01  6.90000000e-01  9.77016369e-02 
 6.95000000e-01  6.95000000e-01  1.01090150e-01 
 7.00000000e-01  7.00000000e-01  1.04543676e-01 
 7.05000000e-01  7.05000000e-01  1.08065090e-01 
 7.10000000e-01  7.10000000e-01  1.11657656e-01 
 7.15000000e-01  7.15000000e-01  1.15325097e-01 
 7.20000000e-01  7.20000000e-01  1.19071673e-01 
 7.25000000e-01  7.25000000e-01  1.22902291e-01 
 7.30000000e-01  7.30000000e-01  1.26822633e-01 
 7.35000000e-01  7.35000000e-01  1.30788696e-01 
 7.40000000e-01  7.40000000e-01  1.34720506e-01 
 7.45000000e-01  7.45000000e-01  1.38654454e-01 
 7.50000000e-01  7.50000000e-01  1.42590555e-01 
 7.55000000e-01  7.55000000e-01  1.46528795e-01 
 7.60000000e-01  7.60000000e-01  1.50469159e-01 
 7.65000000e-01  7.65000000e-01  1.54411635e-01 
 7.70000000e-01  7.70000000e-01  1.58356210e-01 
 7.75000000e-01  7.75000000e-01  1.62302871e-01 
 7.80000000e-01  7.80000000e-01  1.66251603e-01 
 7.85000000e-01  7.85000000e-01  1.70202396e-01 
 7.90000000e-01  7.90000000e-01  1.74155235e-01 
 7.95000000e-01  7.95000000e-01  1.78110109e-01 
 8.00000000e-01  8.00000000e-01  1.82067004e-01 
 8.05000000e-01  8.05000000e-01  1.86025910e-01 
 8.10000000e-01  8.10000000e-01  1.89986812e-01 
 8.15000000e-01  8.15000000e-01  1.93949700e-01 
 8.20000000e-01  8.20000000e-01  1.97914562e-01 
 8.25000000e-01  8.25000000e-01  2.01881385e-01 
 8.30000000e-01  8.30000000e-01  2.05850157e-01 
 8.35000000e-01  8.35000000e-01  2.09820869e-01 
 8.40000000e-01  8.40000000e-01  2.13793506e-01 
 8.45000000e-01  8.45000000e-01  2.17768060e-01 
 8.50000000e-01  8.50000000e-01  2.21744517e-01 
 8.55000000e-01  8.55000000e-01  2.25722867e-01 
 8.60000000e-01  8.60000000e-01  2.29703099e-01 
 8.65000000e-01  8.65000000e-01  2.33685202e-01 
 8.70000000e-01  8.70000000e-01  2.37669166e-01 
 8.75000000e-01  8.75000000e-01  2.41654978e-01 
 8.80000000e-01  8.80000000e-01  2.45642630e-01 
 8.85000000e-01  8.85000000e-01  2.49632109e-01 
 8.90000000e-01  8.90000000e-01  2.53623407e-01 
 8.95000000e-01  8.95000000e-01  2.57616511e-01 
 9.00000000e-01  9.00000000e-01  2.61611414e-01 
 9.05000000e-01  9.05000000e-01  2.65608103e-01 
 9.10000000e-01  9.10000000e-01  2.69606569e-01 
 9.15000000e-01  9.15000000e-01  2.73606802e-01 
 9.20000000e-01  9.20000000e-01  2.77608793e-01 
 9.25000000e-01  9.25000000e-01  2.81612531e-01 
 9.30000000e-01  9.30000000e-01  2.85618007e-01 
 9.35000000e-01  9.35000000e-01  2.89625211e-01 
 9.40000000e-01  9.40000000e-01  2.93634133e-01 
 9.45000000e-01  9.45000000e-01  2.97644765e-01 
 9.50000000e-01  9.50000000e-01  3.01657097e-01 
 9.55000000e-01  9.55000000e-01  3.05671120e-01 
 9.60000000e-01  9.60000000e-01  3.09686824e-01 
 9.65000000e-01  9.65000000e-01  3.13704200e-01 
 9.70000000e-01  9.70000000e-01  3.17723240e-01 
 9.75000000e-01  9.75000000e-01  3.21743934e-01 
 9.80000000e-01  9.80000000e-01  3.25766274e-01 
 9.85000000e-01  9.85000000e-01  3.29790251e-01 
 9.90000000e-01  9.90000000e-01  3.33815855e-01 
 9.95000000e-01  9.95000000e-01  3.37843080e-01 
 1.00000000e+00  1.00000000e+00  3.41871915e-01 
 1.00500000e+00  1.00500000e+00  3.45902353e-01 
 1.01000000e+00  1.01000000e+00  3.49934385e-01 
 1.01500000e+00  1.01500000e+00  3.53968003e-01 
 1.02000000e+00  1.02000000e+00  3.58003199e-01 
 1.02500000e+00  1.02500000e+00  3.62039964e-01 
 1.03000000e+00  1.03000000e+00  3.66078290e-01 
 1.03500000e+00  1.03500000e+00  3.70118169e-01 
 1.04000000e+00  1.04000000e+00  3.74159594e-01 
 1.04500000e+00  1.04500000e+00  3.78202556e-01 
 1.05000000e+00  1.05000000e+00  3.82247048e-01 
 1.05500000e+00  1.05500000e+00  3.86293061e-01 
 1.06000000e+00  1.06000000e+00  3.90340588e-01 
 1.06500000e+00  1.06500000e+00  3.94389622e-01 
 1.07000000e+00  1.07000000e+00  3.98440155e-01 
 1.07500000e+00  1.07500000e+00  4.02492179e-01 
 1.08000000e+00  1.08000000e+00  4.06545686e-01 
 1.08500000e+00  1.08500000e+00  4.10600670e-01 
 1.09000000e+00  1.09000000e+00  4.14657124e-01 
 1.09500000e+00  1.09500000e+00  4.18715039e-01 
 1.10000000e+00  1.10000000e+00  4.22774408e-01 
 1.10500000e+00  1.10500000e+00  4.26835226e-01 
 1.11000000e+00  1.11000000e+00  4.30897483e-01 
 1.11500000e+00  1.11500000e+00  4.34961174e-01 
 1.12000000e+00  1.12000000e+00  4.39026291e-01 
 1.12500000e+00  1.12500000e+00  4.43092828e-01 
 1.13000000e+00  1.13000000e+00  4.47160777e-01 
 1.13500000e+00  1.13500000e+00  4.51230131e-01 
 1.14000000e+00  1.14000000e+00  4.55300885e-01 
 1.14500000e+00  1.14500000e+00  4.59373031e-01 
 1.15000000e+00  1.15000000e+00  4.63446563e-01 
 1.15500000e+00  1.15500000e+00  4.67521473e-01 
 1.16000000e+00  1.16000000e+00  4.71597756e-01 
 1.16500000e+00  1.16500000e+00  4.75675405e-01 
 1.17000000e+00  1.17000000e+00  4.79754413e-01 
 1.17500000e+00  1.17500000e+00  4.83834774e-01 
 1.18000000e+00  1.18000000e+00  4.87916482e-01 
 1.18500000e+00  1.18500000e+00  4.91999531e-01 
 1.19000000e+00  1.19000000e+00  4.96083913e-01 
 1.19500000e+00  1.19500000e+00  5.00169623e-01 
 1.20000000e+00  1.20000000e+00  5.04256656e-01 
 1.20500000e+00  1.20500000e+00  5.08345003e-01 
 1.21000000e+00  1.21000000e+00  5.12434661e-01 
 1.21500000e+00  1.21500000e+00  5.16525622e-01 
 1.22000000e+00  1.22000000e+00  5.20617880e-01 
 1.22500000e+00  1.22500000e+00  5.24711430e-01 
 1.23000000e+00  1.23000000e+00  5.28806266e-01 
 1.23500000e+00  1.23500000e+00  5.32902382e-01 
 1.24000000e+00  1.24000000e+00  5.36999772e-01 
 1.24500000e+00  1.24500000e+00  5.41098431e-01 
 1.25000000e+00  1.25000000e+00  5.45198352e-01 
 1.25500000e+00  1.25500000e+00  5.49299529e-01 
 1.26000000e+00  1.26000000e+00  5.53401959e-01 
 1.26500000e+00  1.26500000e+00  5.57505634e-01 
 1.27000000e+00  1.27000000e+00  5.61610549e-01 
 1.27500000e+00  1.27500000e+00  5.65716699e-01 
 1.28000000e+00  1.28000000e+00  5.69824078e-01 
 1.28500000e+00  1.28500000e+00  5.73932681e-01 
 1.29000000e+00  1.29000000e+00  5.78042503e-01 
 1.29500000e+00  1.29500000e+00  5.82153537e-01 
 1.30000000e+00  1.30000000e+00  5.86265779e-01 
 1.30500000e+00  1.30500000e+00  5.90379224e-01 
 1.31000000e+00  1.31000000e+00  5.94493866e-01 
 1.31500000e+00  1.31500000e+00  5.98609700e-01 
 1.32000000e+00  1.32000000e+00  6.02726721e-01 
 1.32500000e+00  1.32500000e+00  6.06844923e-01 
 1.33000000e+00  1.33000000e+00  6.10964303e-01 
 1.33500000e+00  1.33500000e+00  6.15084854e-01 
 1.34000000e+00  1.34000000e+00  6.19206571e-01 
 1.34500000e+00  1.34500000e+00  6.23329451e-01 
 1.35000000e+00  1.35000000e+00  6.27453486e-01 
 1.35500000e+00  1.35500000e+00  6.31578674e-01 
 1.36000000e+00  1.36000000e+00  6.35705009e-01 
 1.36500000e+00  1.36500000e+00  6.39832485e-01 
 1.37000000e+00  1.37000000e+00  6.43961099e-01 
 1.37500000e+00  1.37500000e+00  6.48090845e-01 
 1.38000000e+00  1.38000000e+00  6.52221719e-01 
 1.38500000e+00  1.38500000e+00  6.56353716e-01 
 1.39000000e+00  1.39000000e+00  6.60486831e-01 
 1.39500000e+00  1.39500000e+00  6.64621060e-01 
 1.40000000e+00  1.40000000e+00  6.68756398e-01 
 1.40500000e+00  1.40500000e+00  6.72892841e-01 
 1.41000000e+00  1.41000000e+00  6.77030383e-01 
 1.41500000e+00  1.41500000e+00  6.81169021e-01 
 1.42000000e+00  1.42000000e+00  6.85308749e-01 
 1.42500000e+00  1.42500000e+00  6.89449564e-01 
 1.43000000e+00  1.43000000e+00  6.93591462e-01 
 1.43500000e+00  1.43500000e+00  6.97734436e-01 
 1.44000000e+00  1.44000000e+00  7.01878484e-01 
 1.44500000e+00  1.44500000e+00  7.06023601e-01 
 1.45000000e+00  1.45000000e+00  7.10169782e-01 
 1.45500000e+00  1.45500000e+00  7.14317024e-01 
 1.46000000e+00  1.46000000e+00  7.18465321e-01 
 1.46500000e+00  1.46500000e+00  7.22614671e-01 
 1.47000000e+00  1.47000000e+00  7.26765067e-01 
 1.47500000e+00  1.47500000e+00  7.30916508e-01 
 1.48000000e+00  1.48000000e+00  7.35068987e-01 
 1.48500000e+00  1.48500000e+00  7.39222502e-01 
 1.49000000e+00  1.49000000e+00  7.43377048e-01 
 1.49500000e+00  1.49500000e+00  7.47532620e-01 
 1.50000000e+00  1.50000000e+00  7.51689216e-01 
 1.50500000e+00  1.50500000e+00  7.55846830e-01 
 1.51000000e+00  1.51000000e+00  7.60005460e-01 
 1.51500000e+00  1.51500000e+00  7.64165100e-01 
 1.52000000e+00  1.52000000e+00  7.68325747e-01 
 1.52500000e+00  1.52500000e+00  7.72487398e-01 
 1.53000000e+00  1.53000000e+00  7.76650047e-01 
 1.53500000e+00  1.53500000e+00  7.80813692e-01 
 1.54000000e+00  1.54000000e+00  7.84978328e-01 
 1.54500000e+00  1.54500000e+00  7.89143952e-01 
 1.55000000e+00  1.55000000e+00  7.93310560e-01 
 1.55500000e+00  1.55500000e+00  7.97478148e-01 
 1.56000000e+00  1.56000000e+00  8.01646712e-01 
 1.56500000e+00  1.56500000e+00  8.05816249e-01 
 1.57000000e+00  1.57000000e+00  8.09986755e-01 
 1.57500000e+00  1.57500000e+00  8.14158226e-01 
 1.58000000e+00  1.58000000e+00  8.18330659e-01 
 1.58500000e+00  1.58500000e+00  8.22504049e-01 
 1.59000000e+00  1.59000000e+00  8.26678394e-01 
 1.59500000e+00  1.59500000e+00  8.30853690e-01 
 1.60000000e+00  1.60000000e+00  8.35029933e-01 
 1.60500000e+00  1.60500000e+00  8.39207119e-01 
 1.61000000e+00  1.61000000e+00  8.43385246e-01 
 1.61500000e+00  1.61500000e+00  8.47564309e-01 
 1.62000000e+00  1.62000000e+00  8.51744306e-01 
 1.62500000e+00  1.62500000e+00  8.55925232e-01 
 1.63000000e+00  1.63000000e+00  8.60107084e-01 
 1.63500000e+00  1.63500000e+00  8.64289860e-01 
 1.64000000e+00  1.64000000e+00  8.68473554e-01 
 1.64500000e+00  1.64500000e+00  8.72658165e-01 
 1.65000000e+00  1.65000000e+00  8.76843688e-01 
 1.65500000e+00  1.65500000e+00  8.81030121e-01 
 1.66000000e+00  1.66000000e+00  8.85217460e-01 
 1.66500000e+00  1.66500000e+00  8.89405702e-01 
 1.67000000e+00  1.67000000e+00  8.93594843e-01 
 1.67500000e+00  1.67500000e+00  8.97784880e-01 
 1.68000000e+00  1.68000000e+00  9.01975810e-01 
 1.68500000e+00  1.68500000e+00  9.06167630e-01 
 1.69000000e+00  1.69000000e+00  9.10360337e-01 
 1.69500000e+00  1.69500000e+00  9.14553927e-01 
 1.70000000e+00  1.70000000e+00  9.18748397e-01 
 1.70500000e+00  1.70500000e+00  9.22943744e-01 
 1.71000000e+00  1.71000000e+00  9.27139965e-01 
 1.71500000e+00  1.71500000e+00  9.31337057e-01 
 1.72000000e+00  1.72000000e+00  9.35535017e-01 
 1.72500000e+00  1.72500000e+00  9.39733842e-01 
 1.73000000e+00  1.73000000e+00  9.43933528e-01 
 1.73500000e+00  1.73500000e+00  9.48134072e-01 
 1.74000000e+00  1.74000000e+00  9.52335473e-01 
 1.74500000e+00  1.74500000e+00  9.56537725e-01 
 1.75000000e+00  1.75000000e+00  9.60740828e-01 
 1.75500000e+00  1.75500000e+00  9.64944776e-01 
 1.76000000e+00  1.76000000e+00  9.69149569e-01 
 1.76500000e+00  1.76500000e+00  9.73355202e-01 
 1.77000000e+00  1.77000000e+00  9.77561673e-01 
 1.77500000e+00  1.77500000e+00  9.81768979e-01 
 1.78000000e+00  1.78000000e+00  9.85977117e-01 
 1.78500000e+00  1.78500000e+00  9.90186084e-01 
 1.79000000e+00  1.79000000e+00  9.94395877e-01 
 1.79500000e+00  1.79500000e+00  9.98606494e-01 
 1.80000000e+00  1.80000000e+00  1.00281793e+00 
