 frequency       frequency       frequency       vdb(outp,outn)  vp(outp,outn)  
 1.00000000e+01  1.00000000e+01  0.00000000e+00 -4.01919719e+01  3.14159265e+00 
 1.02920053e+01  1.02920053e+01  0.00000000e+00 -4.01919719e+01  3.14159265e+00 
 1.05925373e+01  1.05925373e+01  0.00000000e+00 -4.01919719e+01  3.14159265e+00 
 1.09018449e+01  1.09018449e+01  0.00000000e+00 -4.01919719e+01  3.14159265e+00 
 1.12201845e+01  1.12201845e+01  0.00000000e+00 -4.01919719e+01  3.14159265e+00 
 1.15478198e+01  1.15478198e+01  0.00000000e+00 -4.01919719e+01  3.14159265e+00 
 1.18850223e+01  1.18850223e+01  0.00000000e+00 -4.01919719e+01  3.14159265e+00 
 1.22320712e+01  1.22320712e+01  0.00000000e+00 -4.01919719e+01  3.14159265e+00 
 1.25892541e+01  1.25892541e+01  0.00000000e+00 -4.01919719e+01  3.14159265e+00 
 1.29568670e+01  1.29568670e+01  0.00000000e+00 -4.01919719e+01  3.14159265e+00 
 1.33352143e+01  1.33352143e+01  0.00000000e+00 -4.01919719e+01  3.14159265e+00 
 1.37246096e+01  1.37246096e+01  0.00000000e+00 -4.01919719e+01  3.14159265e+00 
 1.41253754e+01  1.41253754e+01  0.00000000e+00 -4.01919719e+01  3.14159265e+00 
 1.45378439e+01  1.45378439e+01  0.00000000e+00 -4.01919719e+01  3.14159265e+00 
 1.49623566e+01  1.49623566e+01  0.00000000e+00 -4.01919719e+01  3.14159265e+00 
 1.53992653e+01  1.53992653e+01  0.00000000e+00 -4.01919719e+01  3.14159265e+00 
 1.58489319e+01  1.58489319e+01  0.00000000e+00 -4.01919719e+01  3.14159265e+00 
 1.63117291e+01  1.63117291e+01  0.00000000e+00 -4.01919719e+01  3.14159265e+00 
 1.67880402e+01  1.67880402e+01  0.00000000e+00 -4.01919719e+01  3.14159265e+00 
 1.72782598e+01  1.72782598e+01  0.00000000e+00 -4.01919719e+01  3.14159265e+00 
 1.77827941e+01  1.77827941e+01  0.00000000e+00 -4.01919719e+01  3.14159265e+00 
 1.83020611e+01  1.83020611e+01  0.00000000e+00 -4.01919719e+01  3.14159265e+00 
 1.88364909e+01  1.88364909e+01  0.00000000e+00 -4.01919719e+01  3.14159265e+00 
 1.93865264e+01  1.93865264e+01  0.00000000e+00 -4.01919719e+01  3.14159265e+00 
 1.99526231e+01  1.99526231e+01  0.00000000e+00 -4.01919719e+01  3.14159265e+00 
 2.05352503e+01  2.05352503e+01  0.00000000e+00 -4.01919719e+01  3.14159265e+00 
 2.11348904e+01  2.11348904e+01  0.00000000e+00 -4.01919719e+01  3.14159265e+00 
 2.17520403e+01  2.17520403e+01  0.00000000e+00 -4.01919719e+01  3.14159265e+00 
 2.23872114e+01  2.23872114e+01  0.00000000e+00 -4.01919719e+01  3.14159265e+00 
 2.30409298e+01  2.30409298e+01  0.00000000e+00 -4.01919719e+01  3.14159265e+00 
 2.37137371e+01  2.37137371e+01  0.00000000e+00 -4.01919719e+01  3.14159265e+00 
 2.44061907e+01  2.44061907e+01  0.00000000e+00 -4.01919719e+01  3.14159265e+00 
 2.51188643e+01  2.51188643e+01  0.00000000e+00 -4.01919719e+01  3.14159265e+00 
 2.58523484e+01  2.58523484e+01  0.00000000e+00 -4.01919719e+01  3.14159265e+00 
 2.66072506e+01  2.66072506e+01  0.00000000e+00 -4.01919719e+01  3.14159265e+00 
 2.73841963e+01  2.73841963e+01  0.00000000e+00 -4.01919719e+01  3.14159265e+00 
 2.81838293e+01  2.81838293e+01  0.00000000e+00 -4.01919719e+01  3.14159265e+00 
 2.90068120e+01  2.90068120e+01  0.00000000e+00 -4.01919719e+01  3.14159265e+00 
 2.98538262e+01  2.98538262e+01  0.00000000e+00 -4.01919719e+01  3.14159265e+00 
 3.07255737e+01  3.07255737e+01  0.00000000e+00 -4.01919719e+01  3.14159265e+00 
 3.16227766e+01  3.16227766e+01  0.00000000e+00 -4.01919719e+01  3.14159265e+00 
 3.25461783e+01  3.25461783e+01  0.00000000e+00 -4.01919719e+01  3.14159265e+00 
 3.34965439e+01  3.34965439e+01  0.00000000e+00 -4.01919719e+01  3.14159265e+00 
 3.44746607e+01  3.44746607e+01  0.00000000e+00 -4.01919719e+01  3.14159265e+00 
 3.54813389e+01  3.54813389e+01  0.00000000e+00 -4.01919719e+01  3.14159265e+00 
 3.65174127e+01  3.65174127e+01  0.00000000e+00 -4.01919719e+01  3.14159265e+00 
 3.75837404e+01  3.75837404e+01  0.00000000e+00 -4.01919719e+01  3.14159265e+00 
 3.86812055e+01  3.86812055e+01  0.00000000e+00 -4.01919719e+01  3.14159265e+00 
 3.98107171e+01  3.98107171e+01  0.00000000e+00 -4.01919719e+01  3.14159265e+00 
 4.09732110e+01  4.09732110e+01  0.00000000e+00 -4.01919719e+01  3.14159265e+00 
 4.21696503e+01  4.21696503e+01  0.00000000e+00 -4.01919719e+01  3.14159265e+00 
 4.34010264e+01  4.34010264e+01  0.00000000e+00 -4.01919719e+01  3.14159265e+00 
 4.46683592e+01  4.46683592e+01  0.00000000e+00 -4.01919719e+01  3.14159265e+00 
 4.59726989e+01  4.59726989e+01  0.00000000e+00 -4.01919719e+01  3.14159265e+00 
 4.73151259e+01  4.73151259e+01  0.00000000e+00 -4.01919719e+01  3.14159265e+00 
 4.86967525e+01  4.86967525e+01  0.00000000e+00 -4.01919719e+01  3.14159265e+00 
 5.01187234e+01  5.01187234e+01  0.00000000e+00 -4.01919719e+01  3.14159265e+00 
 5.15822165e+01  5.15822165e+01  0.00000000e+00 -4.01919719e+01  3.14159265e+00 
 5.30884444e+01  5.30884444e+01  0.00000000e+00 -4.01919719e+01  3.14159265e+00 
 5.46386550e+01  5.46386550e+01  0.00000000e+00 -4.01919719e+01  3.14159265e+00 
 5.62341325e+01  5.62341325e+01  0.00000000e+00 -4.01919719e+01  3.14159265e+00 
 5.78761988e+01  5.78761988e+01  0.00000000e+00 -4.01919719e+01  3.14159265e+00 
 5.95662144e+01  5.95662144e+01  0.00000000e+00 -4.01919719e+01  3.14159264e+00 
 6.13055792e+01  6.13055792e+01  0.00000000e+00 -4.01919719e+01  3.14159264e+00 
 6.30957344e+01  6.30957344e+01  0.00000000e+00 -4.01919719e+01  3.14159264e+00 
 6.49381632e+01  6.49381632e+01  0.00000000e+00 -4.01919719e+01  3.14159264e+00 
 6.68343918e+01  6.68343918e+01  0.00000000e+00 -4.01919719e+01  3.14159264e+00 
 6.87859912e+01  6.87859912e+01  0.00000000e+00 -4.01919719e+01  3.14159264e+00 
 7.07945784e+01  7.07945784e+01  0.00000000e+00 -4.01919719e+01  3.14159264e+00 
 7.28618175e+01  7.28618175e+01  0.00000000e+00 -4.01919719e+01  3.14159264e+00 
 7.49894209e+01  7.49894209e+01  0.00000000e+00 -4.01919719e+01  3.14159264e+00 
 7.71791516e+01  7.71791516e+01  0.00000000e+00 -4.01919719e+01  3.14159264e+00 
 7.94328235e+01  7.94328235e+01  0.00000000e+00 -4.01919719e+01  3.14159264e+00 
 8.17523038e+01  8.17523038e+01  0.00000000e+00 -4.01919719e+01  3.14159264e+00 
 8.41395142e+01  8.41395142e+01  0.00000000e+00 -4.01919719e+01  3.14159264e+00 
 8.65964323e+01  8.65964323e+01  0.00000000e+00 -4.01919719e+01  3.14159264e+00 
 8.91250938e+01  8.91250938e+01  0.00000000e+00 -4.01919719e+01  3.14159264e+00 
 9.17275935e+01  9.17275935e+01  0.00000000e+00 -4.01919719e+01  3.14159264e+00 
 9.44060876e+01  9.44060876e+01  0.00000000e+00 -4.01919719e+01  3.14159264e+00 
 9.71627952e+01  9.71627952e+01  0.00000000e+00 -4.01919719e+01  3.14159264e+00 
 1.00000000e+02  1.00000000e+02  0.00000000e+00 -4.01919719e+01  3.14159264e+00 
 1.02920053e+02  1.02920053e+02  0.00000000e+00 -4.01919719e+01  3.14159264e+00 
 1.05925373e+02  1.05925373e+02  0.00000000e+00 -4.01919719e+01  3.14159264e+00 
 1.09018449e+02  1.09018449e+02  0.00000000e+00 -4.01919719e+01  3.14159264e+00 
 1.12201845e+02  1.12201845e+02  0.00000000e+00 -4.01919719e+01  3.14159264e+00 
 1.15478198e+02  1.15478198e+02  0.00000000e+00 -4.01919719e+01  3.14159264e+00 
 1.18850223e+02  1.18850223e+02  0.00000000e+00 -4.01919719e+01  3.14159264e+00 
 1.22320712e+02  1.22320712e+02  0.00000000e+00 -4.01919719e+01  3.14159264e+00 
 1.25892541e+02  1.25892541e+02  0.00000000e+00 -4.01919719e+01  3.14159263e+00 
 1.29568670e+02  1.29568670e+02  0.00000000e+00 -4.01919719e+01  3.14159263e+00 
 1.33352143e+02  1.33352143e+02  0.00000000e+00 -4.01919719e+01  3.14159263e+00 
 1.37246096e+02  1.37246096e+02  0.00000000e+00 -4.01919719e+01  3.14159263e+00 
 1.41253754e+02  1.41253754e+02  0.00000000e+00 -4.01919719e+01  3.14159263e+00 
 1.45378439e+02  1.45378439e+02  0.00000000e+00 -4.01919719e+01  3.14159263e+00 
 1.49623566e+02  1.49623566e+02  0.00000000e+00 -4.01919719e+01  3.14159263e+00 
 1.53992653e+02  1.53992653e+02  0.00000000e+00 -4.01919719e+01  3.14159263e+00 
 1.58489319e+02  1.58489319e+02  0.00000000e+00 -4.01919719e+01  3.14159263e+00 
 1.63117291e+02  1.63117291e+02  0.00000000e+00 -4.01919719e+01  3.14159263e+00 
 1.67880402e+02  1.67880402e+02  0.00000000e+00 -4.01919719e+01  3.14159263e+00 
 1.72782598e+02  1.72782598e+02  0.00000000e+00 -4.01919719e+01  3.14159263e+00 
 1.77827941e+02  1.77827941e+02  0.00000000e+00 -4.01919719e+01  3.14159263e+00 
 1.83020611e+02  1.83020611e+02  0.00000000e+00 -4.01919719e+01  3.14159263e+00 
 1.88364909e+02  1.88364909e+02  0.00000000e+00 -4.01919719e+01  3.14159263e+00 
 1.93865264e+02  1.93865264e+02  0.00000000e+00 -4.01919719e+01  3.14159262e+00 
 1.99526231e+02  1.99526231e+02  0.00000000e+00 -4.01919719e+01  3.14159262e+00 
 2.05352503e+02  2.05352503e+02  0.00000000e+00 -4.01919719e+01  3.14159262e+00 
 2.11348904e+02  2.11348904e+02  0.00000000e+00 -4.01919719e+01  3.14159262e+00 
 2.17520403e+02  2.17520403e+02  0.00000000e+00 -4.01919719e+01  3.14159262e+00 
 2.23872114e+02  2.23872114e+02  0.00000000e+00 -4.01919719e+01  3.14159262e+00 
 2.30409298e+02  2.30409298e+02  0.00000000e+00 -4.01919719e+01  3.14159262e+00 
 2.37137371e+02  2.37137371e+02  0.00000000e+00 -4.01919719e+01  3.14159262e+00 
 2.44061907e+02  2.44061907e+02  0.00000000e+00 -4.01919719e+01  3.14159262e+00 
 2.51188643e+02  2.51188643e+02  0.00000000e+00 -4.01919719e+01  3.14159262e+00 
 2.58523484e+02  2.58523484e+02  0.00000000e+00 -4.01919719e+01  3.14159262e+00 
 2.66072506e+02  2.66072506e+02  0.00000000e+00 -4.01919719e+01  3.14159261e+00 
 2.73841963e+02  2.73841963e+02  0.00000000e+00 -4.01919719e+01  3.14159261e+00 
 2.81838293e+02  2.81838293e+02  0.00000000e+00 -4.01919719e+01  3.14159261e+00 
 2.90068120e+02  2.90068120e+02  0.00000000e+00 -4.01919719e+01  3.14159261e+00 
 2.98538262e+02  2.98538262e+02  0.00000000e+00 -4.01919719e+01  3.14159261e+00 
 3.07255737e+02  3.07255737e+02  0.00000000e+00 -4.01919719e+01  3.14159261e+00 
 3.16227766e+02  3.16227766e+02  0.00000000e+00 -4.01919719e+01  3.14159261e+00 
 3.25461783e+02  3.25461783e+02  0.00000000e+00 -4.01919719e+01  3.14159261e+00 
 3.34965439e+02  3.34965439e+02  0.00000000e+00 -4.01919719e+01  3.14159260e+00 
 3.44746607e+02  3.44746607e+02  0.00000000e+00 -4.01919719e+01  3.14159260e+00 
 3.54813389e+02  3.54813389e+02  0.00000000e+00 -4.01919719e+01  3.14159260e+00 
 3.65174127e+02  3.65174127e+02  0.00000000e+00 -4.01919719e+01  3.14159260e+00 
 3.75837404e+02  3.75837404e+02  0.00000000e+00 -4.01919719e+01  3.14159260e+00 
 3.86812055e+02  3.86812055e+02  0.00000000e+00 -4.01919719e+01  3.14159260e+00 
 3.98107171e+02  3.98107171e+02  0.00000000e+00 -4.01919719e+01  3.14159259e+00 
 4.09732110e+02  4.09732110e+02  0.00000000e+00 -4.01919719e+01  3.14159259e+00 
 4.21696503e+02  4.21696503e+02  0.00000000e+00 -4.01919719e+01  3.14159259e+00 
 4.34010264e+02  4.34010264e+02  0.00000000e+00 -4.01919719e+01  3.14159259e+00 
 4.46683592e+02  4.46683592e+02  0.00000000e+00 -4.01919719e+01  3.14159259e+00 
 4.59726989e+02  4.59726989e+02  0.00000000e+00 -4.01919719e+01  3.14159259e+00 
 4.73151259e+02  4.73151259e+02  0.00000000e+00 -4.01919719e+01  3.14159258e+00 
 4.86967525e+02  4.86967525e+02  0.00000000e+00 -4.01919719e+01  3.14159258e+00 
 5.01187234e+02  5.01187234e+02  0.00000000e+00 -4.01919719e+01  3.14159258e+00 
 5.15822165e+02  5.15822165e+02  0.00000000e+00 -4.01919719e+01  3.14159258e+00 
 5.30884444e+02  5.30884444e+02  0.00000000e+00 -4.01919719e+01  3.14159257e+00 
 5.46386550e+02  5.46386550e+02  0.00000000e+00 -4.01919719e+01  3.14159257e+00 
 5.62341325e+02  5.62341325e+02  0.00000000e+00 -4.01919719e+01  3.14159257e+00 
 5.78761988e+02  5.78761988e+02  0.00000000e+00 -4.01919719e+01  3.14159257e+00 
 5.95662144e+02  5.95662144e+02  0.00000000e+00 -4.01919719e+01  3.14159257e+00 
 6.13055792e+02  6.13055792e+02  0.00000000e+00 -4.01919719e+01  3.14159256e+00 
 6.30957344e+02  6.30957344e+02  0.00000000e+00 -4.01919719e+01  3.14159256e+00 
 6.49381632e+02  6.49381632e+02  0.00000000e+00 -4.01919719e+01  3.14159256e+00 
 6.68343918e+02  6.68343918e+02  0.00000000e+00 -4.01919719e+01  3.14159255e+00 
 6.87859912e+02  6.87859912e+02  0.00000000e+00 -4.01919719e+01  3.14159255e+00 
 7.07945784e+02  7.07945784e+02  0.00000000e+00 -4.01919719e+01  3.14159255e+00 
 7.28618175e+02  7.28618175e+02  0.00000000e+00 -4.01919719e+01  3.14159255e+00 
 7.49894209e+02  7.49894209e+02  0.00000000e+00 -4.01919719e+01  3.14159254e+00 
 7.71791516e+02  7.71791516e+02  0.00000000e+00 -4.01919719e+01  3.14159254e+00 
 7.94328235e+02  7.94328235e+02  0.00000000e+00 -4.01919719e+01  3.14159254e+00 
 8.17523038e+02  8.17523038e+02  0.00000000e+00 -4.01919719e+01  3.14159253e+00 
 8.41395142e+02  8.41395142e+02  0.00000000e+00 -4.01919719e+01  3.14159253e+00 
 8.65964323e+02  8.65964323e+02  0.00000000e+00 -4.01919719e+01  3.14159253e+00 
 8.91250938e+02  8.91250938e+02  0.00000000e+00 -4.01919719e+01  3.14159252e+00 
 9.17275935e+02  9.17275935e+02  0.00000000e+00 -4.01919719e+01  3.14159252e+00 
 9.44060876e+02  9.44060876e+02  0.00000000e+00 -4.01919719e+01  3.14159251e+00 
 9.71627952e+02  9.71627952e+02  0.00000000e+00 -4.01919719e+01  3.14159251e+00 
 1.00000000e+03  1.00000000e+03  0.00000000e+00 -4.01919719e+01  3.14159251e+00 
 1.02920053e+03  1.02920053e+03  0.00000000e+00 -4.01919719e+01  3.14159250e+00 
 1.05925373e+03  1.05925373e+03  0.00000000e+00 -4.01919719e+01  3.14159250e+00 
 1.09018449e+03  1.09018449e+03  0.00000000e+00 -4.01919719e+01  3.14159249e+00 
 1.12201845e+03  1.12201845e+03  0.00000000e+00 -4.01919719e+01  3.14159249e+00 
 1.15478198e+03  1.15478198e+03  0.00000000e+00 -4.01919719e+01  3.14159248e+00 
 1.18850223e+03  1.18850223e+03  0.00000000e+00 -4.01919719e+01  3.14159248e+00 
 1.22320712e+03  1.22320712e+03  0.00000000e+00 -4.01919719e+01  3.14159247e+00 
 1.25892541e+03  1.25892541e+03  0.00000000e+00 -4.01919719e+01  3.14159247e+00 
 1.29568670e+03  1.29568670e+03  0.00000000e+00 -4.01919719e+01  3.14159246e+00 
 1.33352143e+03  1.33352143e+03  0.00000000e+00 -4.01919719e+01  3.14159246e+00 
 1.37246096e+03  1.37246096e+03  0.00000000e+00 -4.01919719e+01  3.14159245e+00 
 1.41253754e+03  1.41253754e+03  0.00000000e+00 -4.01919719e+01  3.14159244e+00 
 1.45378439e+03  1.45378439e+03  0.00000000e+00 -4.01919719e+01  3.14159244e+00 
 1.49623566e+03  1.49623566e+03  0.00000000e+00 -4.01919719e+01  3.14159243e+00 
 1.53992653e+03  1.53992653e+03  0.00000000e+00 -4.01919719e+01  3.14159243e+00 
 1.58489319e+03  1.58489319e+03  0.00000000e+00 -4.01919719e+01  3.14159242e+00 
 1.63117291e+03  1.63117291e+03  0.00000000e+00 -4.01919719e+01  3.14159241e+00 
 1.67880402e+03  1.67880402e+03  0.00000000e+00 -4.01919719e+01  3.14159240e+00 
 1.72782598e+03  1.72782598e+03  0.00000000e+00 -4.01919719e+01  3.14159240e+00 
 1.77827941e+03  1.77827941e+03  0.00000000e+00 -4.01919719e+01  3.14159239e+00 
 1.83020611e+03  1.83020611e+03  0.00000000e+00 -4.01919719e+01  3.14159238e+00 
 1.88364909e+03  1.88364909e+03  0.00000000e+00 -4.01919719e+01  3.14159237e+00 
 1.93865264e+03  1.93865264e+03  0.00000000e+00 -4.01919719e+01  3.14159237e+00 
 1.99526231e+03  1.99526231e+03  0.00000000e+00 -4.01919719e+01  3.14159236e+00 
 2.05352503e+03  2.05352503e+03  0.00000000e+00 -4.01919719e+01  3.14159235e+00 
 2.11348904e+03  2.11348904e+03  0.00000000e+00 -4.01919719e+01  3.14159234e+00 
 2.17520403e+03  2.17520403e+03  0.00000000e+00 -4.01919719e+01  3.14159233e+00 
 2.23872114e+03  2.23872114e+03  0.00000000e+00 -4.01919719e+01  3.14159232e+00 
 2.30409298e+03  2.30409298e+03  0.00000000e+00 -4.01919719e+01  3.14159231e+00 
 2.37137371e+03  2.37137371e+03  0.00000000e+00 -4.01919719e+01  3.14159230e+00 
 2.44061907e+03  2.44061907e+03  0.00000000e+00 -4.01919719e+01  3.14159229e+00 
 2.51188643e+03  2.51188643e+03  0.00000000e+00 -4.01919719e+01  3.14159228e+00 
 2.58523484e+03  2.58523484e+03  0.00000000e+00 -4.01919719e+01  3.14159227e+00 
 2.66072506e+03  2.66072506e+03  0.00000000e+00 -4.01919719e+01  3.14159226e+00 
 2.73841963e+03  2.73841963e+03  0.00000000e+00 -4.01919719e+01  3.14159225e+00 
 2.81838293e+03  2.81838293e+03  0.00000000e+00 -4.01919719e+01  3.14159224e+00 
 2.90068120e+03  2.90068120e+03  0.00000000e+00 -4.01919719e+01  3.14159222e+00 
 2.98538262e+03  2.98538262e+03  0.00000000e+00 -4.01919719e+01  3.14159221e+00 
 3.07255737e+03  3.07255737e+03  0.00000000e+00 -4.01919719e+01  3.14159220e+00 
 3.16227766e+03  3.16227766e+03  0.00000000e+00 -4.01919719e+01  3.14159218e+00 
 3.25461783e+03  3.25461783e+03  0.00000000e+00 -4.01919719e+01  3.14159217e+00 
 3.34965439e+03  3.34965439e+03  0.00000000e+00 -4.01919719e+01  3.14159216e+00 
 3.44746607e+03  3.44746607e+03  0.00000000e+00 -4.01919719e+01  3.14159214e+00 
 3.54813389e+03  3.54813389e+03  0.00000000e+00 -4.01919719e+01  3.14159213e+00 
 3.65174127e+03  3.65174127e+03  0.00000000e+00 -4.01919719e+01  3.14159211e+00 
 3.75837404e+03  3.75837404e+03  0.00000000e+00 -4.01919719e+01  3.14159210e+00 
 3.86812055e+03  3.86812055e+03  0.00000000e+00 -4.01919719e+01  3.14159208e+00 
 3.98107171e+03  3.98107171e+03  0.00000000e+00 -4.01919719e+01  3.14159206e+00 
 4.09732110e+03  4.09732110e+03  0.00000000e+00 -4.01919719e+01  3.14159205e+00 
 4.21696503e+03  4.21696503e+03  0.00000000e+00 -4.01919719e+01  3.14159203e+00 
 4.34010264e+03  4.34010264e+03  0.00000000e+00 -4.01919719e+01  3.14159201e+00 
 4.46683592e+03  4.46683592e+03  0.00000000e+00 -4.01919719e+01  3.14159199e+00 
 4.59726989e+03  4.59726989e+03  0.00000000e+00 -4.01919719e+01  3.14159197e+00 
 4.73151259e+03  4.73151259e+03  0.00000000e+00 -4.01919719e+01  3.14159195e+00 
 4.86967525e+03  4.86967525e+03  0.00000000e+00 -4.01919719e+01  3.14159193e+00 
 5.01187234e+03  5.01187234e+03  0.00000000e+00 -4.01919719e+01  3.14159191e+00 
 5.15822165e+03  5.15822165e+03  0.00000000e+00 -4.01919719e+01  3.14159189e+00 
 5.30884444e+03  5.30884444e+03  0.00000000e+00 -4.01919719e+01  3.14159187e+00 
 5.46386550e+03  5.46386550e+03  0.00000000e+00 -4.01919719e+01  3.14159184e+00 
 5.62341325e+03  5.62341325e+03  0.00000000e+00 -4.01919719e+01  3.14159182e+00 
 5.78761988e+03  5.78761988e+03  0.00000000e+00 -4.01919719e+01  3.14159180e+00 
 5.95662144e+03  5.95662144e+03  0.00000000e+00 -4.01919719e+01  3.14159177e+00 
 6.13055792e+03  6.13055792e+03  0.00000000e+00 -4.01919719e+01  3.14159174e+00 
 6.30957344e+03  6.30957344e+03  0.00000000e+00 -4.01919719e+01  3.14159172e+00 
 6.49381632e+03  6.49381632e+03  0.00000000e+00 -4.01919719e+01  3.14159169e+00 
 6.68343918e+03  6.68343918e+03  0.00000000e+00 -4.01919719e+01  3.14159166e+00 
 6.87859912e+03  6.87859912e+03  0.00000000e+00 -4.01919719e+01  3.14159163e+00 
 7.07945784e+03  7.07945784e+03  0.00000000e+00 -4.01919719e+01  3.14159160e+00 
 7.28618175e+03  7.28618175e+03  0.00000000e+00 -4.01919719e+01  3.14159157e+00 
 7.49894209e+03  7.49894209e+03  0.00000000e+00 -4.01919719e+01  3.14159154e+00 
 7.71791516e+03  7.71791516e+03  0.00000000e+00 -4.01919719e+01  3.14159151e+00 
 7.94328235e+03  7.94328235e+03  0.00000000e+00 -4.01919719e+01  3.14159148e+00 
 8.17523038e+03  8.17523038e+03  0.00000000e+00 -4.01919719e+01  3.14159144e+00 
 8.41395142e+03  8.41395142e+03  0.00000000e+00 -4.01919719e+01  3.14159141e+00 
 8.65964323e+03  8.65964323e+03  0.00000000e+00 -4.01919719e+01  3.14159137e+00 
 8.91250938e+03  8.91250938e+03  0.00000000e+00 -4.01919719e+01  3.14159133e+00 
 9.17275935e+03  9.17275935e+03  0.00000000e+00 -4.01919719e+01  3.14159129e+00 
 9.44060876e+03  9.44060876e+03  0.00000000e+00 -4.01919719e+01  3.14159125e+00 
 9.71627952e+03  9.71627952e+03  0.00000000e+00 -4.01919719e+01  3.14159121e+00 
 1.00000000e+04  1.00000000e+04  0.00000000e+00 -4.01919719e+01  3.14159117e+00 
 1.02920053e+04  1.02920053e+04  0.00000000e+00 -4.01919719e+01  3.14159113e+00 
 1.05925373e+04  1.05925373e+04  0.00000000e+00 -4.01919719e+01  3.14159108e+00 
 1.09018449e+04  1.09018449e+04  0.00000000e+00 -4.01919719e+01  3.14159104e+00 
 1.12201845e+04  1.12201845e+04  0.00000000e+00 -4.01919719e+01  3.14159099e+00 
 1.15478198e+04  1.15478198e+04  0.00000000e+00 -4.01919719e+01  3.14159094e+00 
 1.18850223e+04  1.18850223e+04  0.00000000e+00 -4.01919719e+01  3.14159089e+00 
 1.22320712e+04  1.22320712e+04  0.00000000e+00 -4.01919719e+01  3.14159084e+00 
 1.25892541e+04  1.25892541e+04  0.00000000e+00 -4.01919719e+01  3.14159079e+00 
 1.29568670e+04  1.29568670e+04  0.00000000e+00 -4.01919719e+01  3.14159073e+00 
 1.33352143e+04  1.33352143e+04  0.00000000e+00 -4.01919719e+01  3.14159068e+00 
 1.37246096e+04  1.37246096e+04  0.00000000e+00 -4.01919719e+01  3.14159062e+00 
 1.41253754e+04  1.41253754e+04  0.00000000e+00 -4.01919719e+01  3.14159056e+00 
 1.45378439e+04  1.45378439e+04  0.00000000e+00 -4.01919719e+01  3.14159050e+00 
 1.49623566e+04  1.49623566e+04  0.00000000e+00 -4.01919719e+01  3.14159043e+00 
 1.53992653e+04  1.53992653e+04  0.00000000e+00 -4.01919719e+01  3.14159037e+00 
 1.58489319e+04  1.58489319e+04  0.00000000e+00 -4.01919719e+01  3.14159030e+00 
 1.63117291e+04  1.63117291e+04  0.00000000e+00 -4.01919719e+01  3.14159023e+00 
 1.67880402e+04  1.67880402e+04  0.00000000e+00 -4.01919719e+01  3.14159016e+00 
 1.72782598e+04  1.72782598e+04  0.00000000e+00 -4.01919719e+01  3.14159009e+00 
 1.77827941e+04  1.77827941e+04  0.00000000e+00 -4.01919719e+01  3.14159002e+00 
 1.83020611e+04  1.83020611e+04  0.00000000e+00 -4.01919719e+01  3.14158994e+00 
 1.88364909e+04  1.88364909e+04  0.00000000e+00 -4.01919719e+01  3.14158986e+00 
 1.93865264e+04  1.93865264e+04  0.00000000e+00 -4.01919719e+01  3.14158978e+00 
 1.99526231e+04  1.99526231e+04  0.00000000e+00 -4.01919719e+01  3.14158969e+00 
 2.05352503e+04  2.05352503e+04  0.00000000e+00 -4.01919719e+01  3.14158961e+00 
 2.11348904e+04  2.11348904e+04  0.00000000e+00 -4.01919719e+01  3.14158952e+00 
 2.17520403e+04  2.17520403e+04  0.00000000e+00 -4.01919719e+01  3.14158943e+00 
 2.23872114e+04  2.23872114e+04  0.00000000e+00 -4.01919719e+01  3.14158933e+00 
 2.30409298e+04  2.30409298e+04  0.00000000e+00 -4.01919719e+01  3.14158924e+00 
 2.37137371e+04  2.37137371e+04  0.00000000e+00 -4.01919719e+01  3.14158914e+00 
 2.44061907e+04  2.44061907e+04  0.00000000e+00 -4.01919719e+01  3.14158903e+00 
 2.51188643e+04  2.51188643e+04  0.00000000e+00 -4.01919719e+01  3.14158893e+00 
 2.58523484e+04  2.58523484e+04  0.00000000e+00 -4.01919719e+01  3.14158882e+00 
 2.66072506e+04  2.66072506e+04  0.00000000e+00 -4.01919719e+01  3.14158871e+00 
 2.73841963e+04  2.73841963e+04  0.00000000e+00 -4.01919719e+01  3.14158859e+00 
 2.81838293e+04  2.81838293e+04  0.00000000e+00 -4.01919719e+01  3.14158847e+00 
 2.90068120e+04  2.90068120e+04  0.00000000e+00 -4.01919719e+01  3.14158835e+00 
 2.98538262e+04  2.98538262e+04  0.00000000e+00 -4.01919719e+01  3.14158823e+00 
 3.07255737e+04  3.07255737e+04  0.00000000e+00 -4.01919719e+01  3.14158810e+00 
 3.16227766e+04  3.16227766e+04  0.00000000e+00 -4.01919719e+01  3.14158796e+00 
 3.25461783e+04  3.25461783e+04  0.00000000e+00 -4.01919719e+01  3.14158783e+00 
 3.34965439e+04  3.34965439e+04  0.00000000e+00 -4.01919719e+01  3.14158769e+00 
 3.44746607e+04  3.44746607e+04  0.00000000e+00 -4.01919719e+01  3.14158754e+00 
 3.54813389e+04  3.54813389e+04  0.00000000e+00 -4.01919719e+01  3.14158739e+00 
 3.65174127e+04  3.65174127e+04  0.00000000e+00 -4.01919719e+01  3.14158724e+00 
 3.75837404e+04  3.75837404e+04  0.00000000e+00 -4.01919719e+01  3.14158708e+00 
 3.86812055e+04  3.86812055e+04  0.00000000e+00 -4.01919719e+01  3.14158692e+00 
 3.98107171e+04  3.98107171e+04  0.00000000e+00 -4.01919719e+01  3.14158675e+00 
 4.09732110e+04  4.09732110e+04  0.00000000e+00 -4.01919719e+01  3.14158658e+00 
 4.21696503e+04  4.21696503e+04  0.00000000e+00 -4.01919719e+01  3.14158640e+00 
 4.34010264e+04  4.34010264e+04  0.00000000e+00 -4.01919719e+01  3.14158622e+00 
 4.46683592e+04  4.46683592e+04  0.00000000e+00 -4.01919719e+01  3.14158603e+00 
 4.59726989e+04  4.59726989e+04  0.00000000e+00 -4.01919719e+01  3.14158584e+00 
 4.73151259e+04  4.73151259e+04  0.00000000e+00 -4.01919719e+01  3.14158564e+00 
 4.86967525e+04  4.86967525e+04  0.00000000e+00 -4.01919719e+01  3.14158543e+00 
 5.01187234e+04  5.01187234e+04  0.00000000e+00 -4.01919719e+01  3.14158522e+00 
 5.15822165e+04  5.15822165e+04  0.00000000e+00 -4.01919719e+01  3.14158500e+00 
 5.30884444e+04  5.30884444e+04  0.00000000e+00 -4.01919719e+01  3.14158478e+00 
 5.46386550e+04  5.46386550e+04  0.00000000e+00 -4.01919719e+01  3.14158455e+00 
 5.62341325e+04  5.62341325e+04  0.00000000e+00 -4.01919719e+01  3.14158432e+00 
 5.78761988e+04  5.78761988e+04  0.00000000e+00 -4.01919719e+01  3.14158407e+00 
 5.95662144e+04  5.95662144e+04  0.00000000e+00 -4.01919719e+01  3.14158382e+00 
 6.13055792e+04  6.13055792e+04  0.00000000e+00 -4.01919719e+01  3.14158356e+00 
 6.30957344e+04  6.30957344e+04  0.00000000e+00 -4.01919719e+01  3.14158330e+00 
 6.49381632e+04  6.49381632e+04  0.00000000e+00 -4.01919719e+01  3.14158302e+00 
 6.68343918e+04  6.68343918e+04  0.00000000e+00 -4.01919719e+01  3.14158274e+00 
 6.87859912e+04  6.87859912e+04  0.00000000e+00 -4.01919719e+01  3.14158245e+00 
 7.07945784e+04  7.07945784e+04  0.00000000e+00 -4.01919719e+01  3.14158216e+00 
 7.28618175e+04  7.28618175e+04  0.00000000e+00 -4.01919719e+01  3.14158185e+00 
 7.49894209e+04  7.49894209e+04  0.00000000e+00 -4.01919719e+01  3.14158153e+00 
 7.71791516e+04  7.71791516e+04  0.00000000e+00 -4.01919719e+01  3.14158121e+00 
 7.94328235e+04  7.94328235e+04  0.00000000e+00 -4.01919719e+01  3.14158088e+00 
 8.17523038e+04  8.17523038e+04  0.00000000e+00 -4.01919719e+01  3.14158053e+00 
 8.41395142e+04  8.41395142e+04  0.00000000e+00 -4.01919719e+01  3.14158018e+00 
 8.65964323e+04  8.65964323e+04  0.00000000e+00 -4.01919719e+01  3.14157981e+00 
 8.91250938e+04  8.91250938e+04  0.00000000e+00 -4.01919719e+01  3.14157944e+00 
 9.17275935e+04  9.17275935e+04  0.00000000e+00 -4.01919719e+01  3.14157905e+00 
 9.44060876e+04  9.44060876e+04  0.00000000e+00 -4.01919719e+01  3.14157865e+00 
 9.71627952e+04  9.71627952e+04  0.00000000e+00 -4.01919719e+01  3.14157825e+00 
 1.00000000e+05  1.00000000e+05  0.00000000e+00 -4.01919719e+01  3.14157783e+00 
 1.02920053e+05  1.02920053e+05  0.00000000e+00 -4.01919719e+01  3.14157739e+00 
 1.05925373e+05  1.05925373e+05  0.00000000e+00 -4.01919719e+01  3.14157695e+00 
 1.09018449e+05  1.09018449e+05  0.00000000e+00 -4.01919719e+01  3.14157649e+00 
 1.12201845e+05  1.12201845e+05  0.00000000e+00 -4.01919719e+01  3.14157602e+00 
 1.15478198e+05  1.15478198e+05  0.00000000e+00 -4.01919719e+01  3.14157553e+00 
 1.18850223e+05  1.18850223e+05  0.00000000e+00 -4.01919719e+01  3.14157503e+00 
 1.22320712e+05  1.22320712e+05  0.00000000e+00 -4.01919719e+01  3.14157452e+00 
 1.25892541e+05  1.25892541e+05  0.00000000e+00 -4.01919719e+01  3.14157399e+00 
 1.29568670e+05  1.29568670e+05  0.00000000e+00 -4.01919719e+01  3.14157344e+00 
 1.33352143e+05  1.33352143e+05  0.00000000e+00 -4.01919719e+01  3.14157288e+00 
 1.37246096e+05  1.37246096e+05  0.00000000e+00 -4.01919719e+01  3.14157230e+00 
 1.41253754e+05  1.41253754e+05  0.00000000e+00 -4.01919719e+01  3.14157171e+00 
 1.45378439e+05  1.45378439e+05  0.00000000e+00 -4.01919719e+01  3.14157110e+00 
 1.49623566e+05  1.49623566e+05  0.00000000e+00 -4.01919719e+01  3.14157047e+00 
 1.53992653e+05  1.53992653e+05  0.00000000e+00 -4.01919719e+01  3.14156982e+00 
 1.58489319e+05  1.58489319e+05  0.00000000e+00 -4.01919719e+01  3.14156915e+00 
 1.63117291e+05  1.63117291e+05  0.00000000e+00 -4.01919719e+01  3.14156847e+00 
 1.67880402e+05  1.67880402e+05  0.00000000e+00 -4.01919719e+01  3.14156776e+00 
 1.72782598e+05  1.72782598e+05  0.00000000e+00 -4.01919719e+01  3.14156703e+00 
 1.77827941e+05  1.77827941e+05  0.00000000e+00 -4.01919719e+01  3.14156628e+00 
 1.83020611e+05  1.83020611e+05  0.00000000e+00 -4.01919719e+01  3.14156551e+00 
 1.88364909e+05  1.88364909e+05  0.00000000e+00 -4.01919719e+01  3.14156472e+00 
 1.93865264e+05  1.93865264e+05  0.00000000e+00 -4.01919719e+01  3.14156391e+00 
 1.99526231e+05  1.99526231e+05  0.00000000e+00 -4.01919719e+01  3.14156307e+00 
 2.05352503e+05  2.05352503e+05  0.00000000e+00 -4.01919719e+01  3.14156220e+00 
 2.11348904e+05  2.11348904e+05  0.00000000e+00 -4.01919720e+01  3.14156131e+00 
 2.17520403e+05  2.17520403e+05  0.00000000e+00 -4.01919720e+01  3.14156040e+00 
 2.23872114e+05  2.23872114e+05  0.00000000e+00 -4.01919720e+01  3.14155946e+00 
 2.30409298e+05  2.30409298e+05  0.00000000e+00 -4.01919720e+01  3.14155849e+00 
 2.37137371e+05  2.37137371e+05  0.00000000e+00 -4.01919720e+01  3.14155749e+00 
 2.44061907e+05  2.44061907e+05  0.00000000e+00 -4.01919720e+01  3.14155646e+00 
 2.51188643e+05  2.51188643e+05  0.00000000e+00 -4.01919720e+01  3.14155541e+00 
 2.58523484e+05  2.58523484e+05  0.00000000e+00 -4.01919720e+01  3.14155432e+00 
 2.66072506e+05  2.66072506e+05  0.00000000e+00 -4.01919720e+01  3.14155320e+00 
 2.73841963e+05  2.73841963e+05  0.00000000e+00 -4.01919720e+01  3.14155205e+00 
 2.81838293e+05  2.81838293e+05  0.00000000e+00 -4.01919720e+01  3.14155086e+00 
 2.90068120e+05  2.90068120e+05  0.00000000e+00 -4.01919720e+01  3.14154964e+00 
 2.98538262e+05  2.98538262e+05  0.00000000e+00 -4.01919720e+01  3.14154839e+00 
 3.07255737e+05  3.07255737e+05  0.00000000e+00 -4.01919720e+01  3.14154709e+00 
 3.16227766e+05  3.16227766e+05  0.00000000e+00 -4.01919720e+01  3.14154576e+00 
 3.25461783e+05  3.25461783e+05  0.00000000e+00 -4.01919720e+01  3.14154439e+00 
 3.34965439e+05  3.34965439e+05  0.00000000e+00 -4.01919720e+01  3.14154298e+00 
 3.44746607e+05  3.44746607e+05  0.00000000e+00 -4.01919720e+01  3.14154153e+00 
 3.54813389e+05  3.54813389e+05  0.00000000e+00 -4.01919720e+01  3.14154004e+00 
 3.65174127e+05  3.65174127e+05  0.00000000e+00 -4.01919720e+01  3.14153850e+00 
 3.75837404e+05  3.75837404e+05  0.00000000e+00 -4.01919720e+01  3.14153692e+00 
 3.86812055e+05  3.86812055e+05  0.00000000e+00 -4.01919720e+01  3.14153530e+00 
 3.98107171e+05  3.98107171e+05  0.00000000e+00 -4.01919720e+01  3.14153362e+00 
 4.09732110e+05  4.09732110e+05  0.00000000e+00 -4.01919720e+01  3.14153190e+00 
 4.21696503e+05  4.21696503e+05  0.00000000e+00 -4.01919720e+01  3.14153012e+00 
 4.34010264e+05  4.34010264e+05  0.00000000e+00 -4.01919720e+01  3.14152830e+00 
 4.46683592e+05  4.46683592e+05  0.00000000e+00 -4.01919720e+01  3.14152642e+00 
 4.59726989e+05  4.59726989e+05  0.00000000e+00 -4.01919720e+01  3.14152448e+00 
 4.73151259e+05  4.73151259e+05  0.00000000e+00 -4.01919720e+01  3.14152249e+00 
 4.86967525e+05  4.86967525e+05  0.00000000e+00 -4.01919720e+01  3.14152044e+00 
 5.01187234e+05  5.01187234e+05  0.00000000e+00 -4.01919720e+01  3.14151834e+00 
 5.15822165e+05  5.15822165e+05  0.00000000e+00 -4.01919720e+01  3.14151617e+00 
 5.30884444e+05  5.30884444e+05  0.00000000e+00 -4.01919720e+01  3.14151393e+00 
 5.46386550e+05  5.46386550e+05  0.00000000e+00 -4.01919720e+01  3.14151163e+00 
 5.62341325e+05  5.62341325e+05  0.00000000e+00 -4.01919720e+01  3.14150927e+00 
 5.78761988e+05  5.78761988e+05  0.00000000e+00 -4.01919720e+01  3.14150683e+00 
 5.95662144e+05  5.95662144e+05  0.00000000e+00 -4.01919720e+01  3.14150433e+00 
 6.13055792e+05  6.13055792e+05  0.00000000e+00 -4.01919720e+01  3.14150175e+00 
 6.30957344e+05  6.30957344e+05  0.00000000e+00 -4.01919720e+01  3.14149909e+00 
 6.49381632e+05  6.49381632e+05  0.00000000e+00 -4.01919720e+01  3.14149636e+00 
 6.68343918e+05  6.68343918e+05  0.00000000e+00 -4.01919720e+01  3.14149355e+00 
 6.87859912e+05  6.87859912e+05  0.00000000e+00 -4.01919720e+01  3.14149066e+00 
 7.07945784e+05  7.07945784e+05  0.00000000e+00 -4.01919720e+01  3.14148768e+00 
 7.28618175e+05  7.28618175e+05  0.00000000e+00 -4.01919720e+01  3.14148461e+00 
 7.49894209e+05  7.49894209e+05  0.00000000e+00 -4.01919720e+01  3.14148146e+00 
 7.71791516e+05  7.71791516e+05  0.00000000e+00 -4.01919720e+01  3.14147821e+00 
 7.94328235e+05  7.94328235e+05  0.00000000e+00 -4.01919720e+01  3.14147487e+00 
 8.17523038e+05  8.17523038e+05  0.00000000e+00 -4.01919720e+01  3.14147143e+00 
 8.41395142e+05  8.41395142e+05  0.00000000e+00 -4.01919720e+01  3.14146789e+00 
 8.65964323e+05  8.65964323e+05  0.00000000e+00 -4.01919720e+01  3.14146425e+00 
 8.91250938e+05  8.91250938e+05  0.00000000e+00 -4.01919720e+01  3.14146050e+00 
 9.17275935e+05  9.17275935e+05  0.00000000e+00 -4.01919720e+01  3.14145664e+00 
 9.44060876e+05  9.44060876e+05  0.00000000e+00 -4.01919720e+01  3.14145267e+00 
 9.71627952e+05  9.71627952e+05  0.00000000e+00 -4.01919720e+01  3.14144858e+00 
 1.00000000e+06  1.00000000e+06  0.00000000e+00 -4.01919720e+01  3.14144437e+00 
 1.02920053e+06  1.02920053e+06  0.00000000e+00 -4.01919720e+01  3.14144004e+00 
 1.05925373e+06  1.05925373e+06  0.00000000e+00 -4.01919720e+01  3.14143558e+00 
 1.09018449e+06  1.09018449e+06  0.00000000e+00 -4.01919720e+01  3.14143100e+00 
 1.12201845e+06  1.12201845e+06  0.00000000e+00 -4.01919720e+01  3.14142628e+00 
 1.15478198e+06  1.15478198e+06  0.00000000e+00 -4.01919721e+01  3.14142142e+00 
 1.18850223e+06  1.18850223e+06  0.00000000e+00 -4.01919721e+01  3.14141642e+00 
 1.22320712e+06  1.22320712e+06  0.00000000e+00 -4.01919721e+01  3.14141127e+00 
 1.25892541e+06  1.25892541e+06  0.00000000e+00 -4.01919721e+01  3.14140598e+00 
 1.29568670e+06  1.29568670e+06  0.00000000e+00 -4.01919721e+01  3.14140053e+00 
 1.33352143e+06  1.33352143e+06  0.00000000e+00 -4.01919721e+01  3.14139492e+00 
 1.37246096e+06  1.37246096e+06  0.00000000e+00 -4.01919721e+01  3.14138914e+00 
 1.41253754e+06  1.41253754e+06  0.00000000e+00 -4.01919721e+01  3.14138320e+00 
 1.45378439e+06  1.45378439e+06  0.00000000e+00 -4.01919721e+01  3.14137708e+00 
 1.49623566e+06  1.49623566e+06  0.00000000e+00 -4.01919721e+01  3.14137079e+00 
 1.53992653e+06  1.53992653e+06  0.00000000e+00 -4.01919721e+01  3.14136431e+00 
 1.58489319e+06  1.58489319e+06  0.00000000e+00 -4.01919721e+01  3.14135764e+00 
 1.63117291e+06  1.63117291e+06  0.00000000e+00 -4.01919722e+01  3.14135078e+00 
 1.67880402e+06  1.67880402e+06  0.00000000e+00 -4.01919722e+01  3.14134372e+00 
 1.72782598e+06  1.72782598e+06  0.00000000e+00 -4.01919722e+01  3.14133645e+00 
 1.77827941e+06  1.77827941e+06  0.00000000e+00 -4.01919722e+01  3.14132897e+00 
 1.83020611e+06  1.83020611e+06  0.00000000e+00 -4.01919722e+01  3.14132127e+00 
 1.88364909e+06  1.88364909e+06  0.00000000e+00 -4.01919722e+01  3.14131334e+00 
 1.93865264e+06  1.93865264e+06  0.00000000e+00 -4.01919722e+01  3.14130519e+00 
 1.99526231e+06  1.99526231e+06  0.00000000e+00 -4.01919723e+01  3.14129679e+00 
 2.05352503e+06  2.05352503e+06  0.00000000e+00 -4.01919723e+01  3.14128815e+00 
 2.11348904e+06  2.11348904e+06  0.00000000e+00 -4.01919723e+01  3.14127926e+00 
 2.17520403e+06  2.17520403e+06  0.00000000e+00 -4.01919723e+01  3.14127011e+00 
 2.23872114e+06  2.23872114e+06  0.00000000e+00 -4.01919723e+01  3.14126069e+00 
 2.30409298e+06  2.30409298e+06  0.00000000e+00 -4.01919724e+01  3.14125100e+00 
 2.37137371e+06  2.37137371e+06  0.00000000e+00 -4.01919724e+01  3.14124102e+00 
 2.44061907e+06  2.44061907e+06  0.00000000e+00 -4.01919724e+01  3.14123075e+00 
 2.51188643e+06  2.51188643e+06  0.00000000e+00 -4.01919724e+01  3.14122018e+00 
 2.58523484e+06  2.58523484e+06  0.00000000e+00 -4.01919725e+01  3.14120931e+00 
 2.66072506e+06  2.66072506e+06  0.00000000e+00 -4.01919725e+01  3.14119811e+00 
 2.73841963e+06  2.73841963e+06  0.00000000e+00 -4.01919725e+01  3.14118659e+00 
 2.81838293e+06  2.81838293e+06  0.00000000e+00 -4.01919726e+01  3.14117474e+00 
 2.90068120e+06  2.90068120e+06  0.00000000e+00 -4.01919726e+01  3.14116253e+00 
 2.98538262e+06  2.98538262e+06  0.00000000e+00 -4.01919726e+01  3.14114997e+00 
 3.07255737e+06  3.07255737e+06  0.00000000e+00 -4.01919727e+01  3.14113705e+00 
 3.16227766e+06  3.16227766e+06  0.00000000e+00 -4.01919727e+01  3.14112374e+00 
 3.25461783e+06  3.25461783e+06  0.00000000e+00 -4.01919728e+01  3.14111005e+00 
 3.34965439e+06  3.34965439e+06  0.00000000e+00 -4.01919728e+01  3.14109596e+00 
 3.44746607e+06  3.44746607e+06  0.00000000e+00 -4.01919729e+01  3.14108145e+00 
 3.54813389e+06  3.54813389e+06  0.00000000e+00 -4.01919729e+01  3.14106653e+00 
 3.65174127e+06  3.65174127e+06  0.00000000e+00 -4.01919730e+01  3.14105116e+00 
 3.75837404e+06  3.75837404e+06  0.00000000e+00 -4.01919730e+01  3.14103535e+00 
 3.86812055e+06  3.86812055e+06  0.00000000e+00 -4.01919731e+01  3.14101908e+00 
 3.98107171e+06  3.98107171e+06  0.00000000e+00 -4.01919732e+01  3.14100233e+00 
 4.09732110e+06  4.09732110e+06  0.00000000e+00 -4.01919733e+01  3.14098509e+00 
 4.21696503e+06  4.21696503e+06  0.00000000e+00 -4.01919733e+01  3.14096735e+00 
 4.34010264e+06  4.34010264e+06  0.00000000e+00 -4.01919734e+01  3.14094909e+00 
 4.46683592e+06  4.46683592e+06  0.00000000e+00 -4.01919735e+01  3.14093030e+00 
 4.59726989e+06  4.59726989e+06  0.00000000e+00 -4.01919736e+01  3.14091096e+00 
 4.73151259e+06  4.73151259e+06  0.00000000e+00 -4.01919737e+01  3.14089105e+00 
 4.86967525e+06  4.86967525e+06  0.00000000e+00 -4.01919738e+01  3.14087057e+00 
 5.01187234e+06  5.01187234e+06  0.00000000e+00 -4.01919739e+01  3.14084948e+00 
 5.15822165e+06  5.15822165e+06  0.00000000e+00 -4.01919740e+01  3.14082778e+00 
 5.30884444e+06  5.30884444e+06  0.00000000e+00 -4.01919741e+01  3.14080544e+00 
 5.46386550e+06  5.46386550e+06  0.00000000e+00 -4.01919743e+01  3.14078246e+00 
 5.62341325e+06  5.62341325e+06  0.00000000e+00 -4.01919744e+01  3.14075880e+00 
 5.78761988e+06  5.78761988e+06  0.00000000e+00 -4.01919746e+01  3.14073445e+00 
 5.95662144e+06  5.95662144e+06  0.00000000e+00 -4.01919747e+01  3.14070939e+00 
 6.13055792e+06  6.13055792e+06  0.00000000e+00 -4.01919749e+01  3.14068360e+00 
 6.30957344e+06  6.30957344e+06  0.00000000e+00 -4.01919750e+01  3.14065705e+00 
 6.49381632e+06  6.49381632e+06  0.00000000e+00 -4.01919752e+01  3.14062973e+00 
 6.68343918e+06  6.68343918e+06  0.00000000e+00 -4.01919754e+01  3.14060162e+00 
 6.87859912e+06  6.87859912e+06  0.00000000e+00 -4.01919756e+01  3.14057268e+00 
 7.07945784e+06  7.07945784e+06  0.00000000e+00 -4.01919758e+01  3.14054289e+00 
 7.28618175e+06  7.28618175e+06  0.00000000e+00 -4.01919761e+01  3.14051224e+00 
 7.49894209e+06  7.49894209e+06  0.00000000e+00 -4.01919763e+01  3.14048069e+00 
 7.71791516e+06  7.71791516e+06  0.00000000e+00 -4.01919766e+01  3.14044822e+00 
 7.94328235e+06  7.94328235e+06  0.00000000e+00 -4.01919769e+01  3.14041480e+00 
 8.17523038e+06  8.17523038e+06  0.00000000e+00 -4.01919771e+01  3.14038041e+00 
 8.41395142e+06  8.41395142e+06  0.00000000e+00 -4.01919775e+01  3.14034501e+00 
 8.65964323e+06  8.65964323e+06  0.00000000e+00 -4.01919778e+01  3.14030858e+00 
 8.91250938e+06  8.91250938e+06  0.00000000e+00 -4.01919781e+01  3.14027108e+00 
 9.17275935e+06  9.17275935e+06  0.00000000e+00 -4.01919785e+01  3.14023249e+00 
 9.44060876e+06  9.44060876e+06  0.00000000e+00 -4.01919789e+01  3.14019278e+00 
 9.71627952e+06  9.71627952e+06  0.00000000e+00 -4.01919793e+01  3.14015190e+00 
 1.00000000e+07  1.00000000e+07  0.00000000e+00 -4.01919797e+01  3.14010983e+00 
 1.02920053e+07  1.02920053e+07  0.00000000e+00 -4.01919802e+01  3.14006653e+00 
 1.05925373e+07  1.05925373e+07  0.00000000e+00 -4.01919807e+01  3.14002197e+00 
 1.09018449e+07  1.09018449e+07  0.00000000e+00 -4.01919812e+01  3.13997610e+00 
 1.12201845e+07  1.12201845e+07  0.00000000e+00 -4.01919817e+01  3.13992890e+00 
 1.15478198e+07  1.15478198e+07  0.00000000e+00 -4.01919823e+01  3.13988031e+00 
 1.18850223e+07  1.18850223e+07  0.00000000e+00 -4.01919829e+01  3.13983031e+00 
 1.22320712e+07  1.22320712e+07  0.00000000e+00 -4.01919836e+01  3.13977885e+00 
 1.25892541e+07  1.25892541e+07  0.00000000e+00 -4.01919843e+01  3.13972589e+00 
 1.29568670e+07  1.29568670e+07  0.00000000e+00 -4.01919850e+01  3.13967138e+00 
 1.33352143e+07  1.33352143e+07  0.00000000e+00 -4.01919858e+01  3.13961527e+00 
 1.37246096e+07  1.37246096e+07  0.00000000e+00 -4.01919866e+01  3.13955753e+00 
 1.41253754e+07  1.41253754e+07  0.00000000e+00 -4.01919875e+01  3.13949811e+00 
 1.45378439e+07  1.45378439e+07  0.00000000e+00 -4.01919884e+01  3.13943695e+00 
 1.49623566e+07  1.49623566e+07  0.00000000e+00 -4.01919894e+01  3.13937400e+00 
 1.53992653e+07  1.53992653e+07  0.00000000e+00 -4.01919904e+01  3.13930921e+00 
 1.58489319e+07  1.58489319e+07  0.00000000e+00 -4.01919915e+01  3.13924254e+00 
 1.63117291e+07  1.63117291e+07  0.00000000e+00 -4.01919926e+01  3.13917391e+00 
 1.67880402e+07  1.67880402e+07  0.00000000e+00 -4.01919939e+01  3.13910328e+00 
 1.72782598e+07  1.72782598e+07  0.00000000e+00 -4.01919952e+01  3.13903059e+00 
 1.77827941e+07  1.77827941e+07  0.00000000e+00 -4.01919965e+01  3.13895578e+00 
 1.83020611e+07  1.83020611e+07  0.00000000e+00 -4.01919980e+01  3.13887878e+00 
 1.88364909e+07  1.88364909e+07  0.00000000e+00 -4.01919995e+01  3.13879953e+00 
 1.93865264e+07  1.93865264e+07  0.00000000e+00 -4.01920012e+01  3.13871797e+00 
 1.99526231e+07  1.99526231e+07  0.00000000e+00 -4.01920029e+01  3.13863403e+00 
 2.05352503e+07  2.05352503e+07  0.00000000e+00 -4.01920047e+01  3.13854764e+00 
 2.11348904e+07  2.11348904e+07  0.00000000e+00 -4.01920067e+01  3.13845872e+00 
 2.17520403e+07  2.17520403e+07  0.00000000e+00 -4.01920087e+01  3.13836721e+00 
 2.23872114e+07  2.23872114e+07  0.00000000e+00 -4.01920109e+01  3.13827303e+00 
 2.30409298e+07  2.30409298e+07  0.00000000e+00 -4.01920132e+01  3.13817609e+00 
 2.37137371e+07  2.37137371e+07  0.00000000e+00 -4.01920157e+01  3.13807633e+00 
 2.44061907e+07  2.44061907e+07  0.00000000e+00 -4.01920183e+01  3.13797365e+00 
 2.51188643e+07  2.51188643e+07  0.00000000e+00 -4.01920210e+01  3.13786797e+00 
 2.58523484e+07  2.58523484e+07  0.00000000e+00 -4.01920239e+01  3.13775921e+00 
 2.66072506e+07  2.66072506e+07  0.00000000e+00 -4.01920270e+01  3.13764728e+00 
 2.73841963e+07  2.73841963e+07  0.00000000e+00 -4.01920303e+01  3.13753207e+00 
 2.81838293e+07  2.81838293e+07  0.00000000e+00 -4.01920337e+01  3.13741350e+00 
 2.90068120e+07  2.90068120e+07  0.00000000e+00 -4.01920374e+01  3.13729147e+00 
 2.98538262e+07  2.98538262e+07  0.00000000e+00 -4.01920413e+01  3.13716587e+00 
 3.07255737e+07  3.07255737e+07  0.00000000e+00 -4.01920454e+01  3.13703661e+00 
 3.16227766e+07  3.16227766e+07  0.00000000e+00 -4.01920497e+01  3.13690357e+00 
 3.25461783e+07  3.25461783e+07  0.00000000e+00 -4.01920543e+01  3.13676665e+00 
 3.34965439e+07  3.34965439e+07  0.00000000e+00 -4.01920592e+01  3.13662573e+00 
 3.44746607e+07  3.44746607e+07  0.00000000e+00 -4.01920644e+01  3.13648069e+00 
 3.54813389e+07  3.54813389e+07  0.00000000e+00 -4.01920699e+01  3.13633142e+00 
 3.65174127e+07  3.65174127e+07  0.00000000e+00 -4.01920757e+01  3.13617779e+00 
 3.75837404e+07  3.75837404e+07  0.00000000e+00 -4.01920818e+01  3.13601968e+00 
 3.86812055e+07  3.86812055e+07  0.00000000e+00 -4.01920883e+01  3.13585695e+00 
 3.98107171e+07  3.98107171e+07  0.00000000e+00 -4.01920952e+01  3.13568947e+00 
 4.09732110e+07  4.09732110e+07  0.00000000e+00 -4.01921025e+01  3.13551709e+00 
 4.21696503e+07  4.21696503e+07  0.00000000e+00 -4.01921103e+01  3.13533969e+00 
 4.34010264e+07  4.34010264e+07  0.00000000e+00 -4.01921184e+01  3.13515710e+00 
 4.46683592e+07  4.46683592e+07  0.00000000e+00 -4.01921271e+01  3.13496918e+00 
 4.59726989e+07  4.59726989e+07  0.00000000e+00 -4.01921363e+01  3.13477578e+00 
 4.73151259e+07  4.73151259e+07  0.00000000e+00 -4.01921461e+01  3.13457673e+00 
 4.86967525e+07  4.86967525e+07  0.00000000e+00 -4.01921564e+01  3.13437186e+00 
 5.01187234e+07  5.01187234e+07  0.00000000e+00 -4.01921673e+01  3.13416102e+00 
 5.15822165e+07  5.15822165e+07  0.00000000e+00 -4.01921789e+01  3.13394402e+00 
 5.30884444e+07  5.30884444e+07  0.00000000e+00 -4.01921911e+01  3.13372068e+00 
 5.46386550e+07  5.46386550e+07  0.00000000e+00 -4.01922041e+01  3.13349082e+00 
 5.62341325e+07  5.62341325e+07  0.00000000e+00 -4.01922179e+01  3.13325425e+00 
 5.78761988e+07  5.78761988e+07  0.00000000e+00 -4.01922325e+01  3.13301078e+00 
 5.95662144e+07  5.95662144e+07  0.00000000e+00 -4.01922479e+01  3.13276019e+00 
 6.13055792e+07  6.13055792e+07  0.00000000e+00 -4.01922643e+01  3.13250229e+00 
 6.30957344e+07  6.30957344e+07  0.00000000e+00 -4.01922816e+01  3.13223686e+00 
 6.49381632e+07  6.49381632e+07  0.00000000e+00 -4.01922999e+01  3.13196367e+00 
 6.68343918e+07  6.68343918e+07  0.00000000e+00 -4.01923194e+01  3.13168252e+00 
 6.87859912e+07  6.87859912e+07  0.00000000e+00 -4.01923399e+01  3.13139315e+00 
 7.07945784e+07  7.07945784e+07  0.00000000e+00 -4.01923617e+01  3.13109533e+00 
 7.28618175e+07  7.28618175e+07  0.00000000e+00 -4.01923848e+01  3.13078882e+00 
 7.49894209e+07  7.49894209e+07  0.00000000e+00 -4.01924093e+01  3.13047337e+00 
 7.71791516e+07  7.71791516e+07  0.00000000e+00 -4.01924352e+01  3.13014870e+00 
 7.94328235e+07  7.94328235e+07  0.00000000e+00 -4.01924627e+01  3.12981455e+00 
 8.17523038e+07  8.17523038e+07  0.00000000e+00 -4.01924917e+01  3.12947065e+00 
 8.41395142e+07  8.41395142e+07  0.00000000e+00 -4.01925225e+01  3.12911671e+00 
 8.65964323e+07  8.65964323e+07  0.00000000e+00 -4.01925552e+01  3.12875243e+00 
 8.91250938e+07  8.91250938e+07  0.00000000e+00 -4.01925897e+01  3.12837752e+00 
 9.17275935e+07  9.17275935e+07  0.00000000e+00 -4.01926263e+01  3.12799167e+00 
 9.44060876e+07  9.44060876e+07  0.00000000e+00 -4.01926651e+01  3.12759455e+00 
 9.71627952e+07  9.71627952e+07  0.00000000e+00 -4.01927061e+01  3.12718584e+00 
 1.00000000e+08  1.00000000e+08  0.00000000e+00 -4.01927496e+01  3.12676520e+00 
 1.02920053e+08  1.02920053e+08  0.00000000e+00 -4.01927957e+01  3.12633228e+00 
 1.05925373e+08  1.05925373e+08  0.00000000e+00 -4.01928445e+01  3.12588672e+00 
 1.09018449e+08  1.09018449e+08  0.00000000e+00 -4.01928962e+01  3.12542816e+00 
 1.12201845e+08  1.12201845e+08  0.00000000e+00 -4.01929510e+01  3.12495621e+00 
 1.15478198e+08  1.15478198e+08  0.00000000e+00 -4.01930090e+01  3.12447049e+00 
 1.18850223e+08  1.18850223e+08  0.00000000e+00 -4.01930704e+01  3.12397059e+00 
 1.22320712e+08  1.22320712e+08  0.00000000e+00 -4.01931355e+01  3.12345610e+00 
 1.25892541e+08  1.25892541e+08  0.00000000e+00 -4.01932045e+01  3.12292660e+00 
 1.29568670e+08  1.29568670e+08  0.00000000e+00 -4.01932775e+01  3.12238164e+00 
 1.33352143e+08  1.33352143e+08  0.00000000e+00 -4.01933548e+01  3.12182077e+00 
 1.37246096e+08  1.37246096e+08  0.00000000e+00 -4.01934367e+01  3.12124354e+00 
 1.41253754e+08  1.41253754e+08  0.00000000e+00 -4.01935235e+01  3.12064946e+00 
 1.45378439e+08  1.45378439e+08  0.00000000e+00 -4.01936154e+01  3.12003805e+00 
 1.49623566e+08  1.49623566e+08  0.00000000e+00 -4.01937128e+01  3.11940880e+00 
 1.53992653e+08  1.53992653e+08  0.00000000e+00 -4.01938159e+01  3.11876118e+00 
 1.58489319e+08  1.58489319e+08  0.00000000e+00 -4.01939252e+01  3.11809467e+00 
 1.63117291e+08  1.63117291e+08  0.00000000e+00 -4.01940409e+01  3.11740871e+00 
 1.67880402e+08  1.67880402e+08  0.00000000e+00 -4.01941634e+01  3.11670275e+00 
 1.72782598e+08  1.72782598e+08  0.00000000e+00 -4.01942933e+01  3.11597618e+00 
 1.77827941e+08  1.77827941e+08  0.00000000e+00 -4.01944308e+01  3.11522842e+00 
 1.83020611e+08  1.83020611e+08  0.00000000e+00 -4.01945764e+01  3.11445885e+00 
 1.88364909e+08  1.88364909e+08  0.00000000e+00 -4.01947307e+01  3.11366683e+00 
 1.93865264e+08  1.93865264e+08  0.00000000e+00 -4.01948941e+01  3.11285172e+00 
 1.99526231e+08  1.99526231e+08  0.00000000e+00 -4.01950672e+01  3.11201283e+00 
 2.05352503e+08  2.05352503e+08  0.00000000e+00 -4.01952505e+01  3.11114947e+00 
 2.11348904e+08  2.11348904e+08  0.00000000e+00 -4.01954447e+01  3.11026094e+00 
 2.17520403e+08  2.17520403e+08  0.00000000e+00 -4.01956504e+01  3.10934651e+00 
 2.23872114e+08  2.23872114e+08  0.00000000e+00 -4.01958683e+01  3.10840541e+00 
 2.30409298e+08  2.30409298e+08  0.00000000e+00 -4.01960990e+01  3.10743689e+00 
 2.37137371e+08  2.37137371e+08  0.00000000e+00 -4.01963434e+01  3.10644012e+00 
 2.44061907e+08  2.44061907e+08  0.00000000e+00 -4.01966023e+01  3.10541431e+00 
 2.51188643e+08  2.51188643e+08  0.00000000e+00 -4.01968765e+01  3.10435860e+00 
 2.58523484e+08  2.58523484e+08  0.00000000e+00 -4.01971670e+01  3.10327213e+00 
 2.66072506e+08  2.66072506e+08  0.00000000e+00 -4.01974746e+01  3.10215401e+00 
 2.73841963e+08  2.73841963e+08  0.00000000e+00 -4.01978004e+01  3.10100331e+00 
 2.81838293e+08  2.81838293e+08  0.00000000e+00 -4.01981455e+01  3.09981910e+00 
 2.90068120e+08  2.90068120e+08  0.00000000e+00 -4.01985111e+01  3.09860040e+00 
 2.98538262e+08  2.98538262e+08  0.00000000e+00 -4.01988982e+01  3.09734621e+00 
 3.07255737e+08  3.07255737e+08  0.00000000e+00 -4.01993083e+01  3.09605550e+00 
 3.16227766e+08  3.16227766e+08  0.00000000e+00 -4.01997426e+01  3.09472723e+00 
 3.25461783e+08  3.25461783e+08  0.00000000e+00 -4.02002026e+01  3.09336030e+00 
 3.34965439e+08  3.34965439e+08  0.00000000e+00 -4.02006898e+01  3.09195359e+00 
 3.44746607e+08  3.44746607e+08  0.00000000e+00 -4.02012058e+01  3.09050596e+00 
 3.54813389e+08  3.54813389e+08  0.00000000e+00 -4.02017523e+01  3.08901623e+00 
 3.65174127e+08  3.65174127e+08  0.00000000e+00 -4.02023311e+01  3.08748317e+00 
 3.75837404e+08  3.75837404e+08  0.00000000e+00 -4.02029441e+01  3.08590555e+00 
 3.86812055e+08  3.86812055e+08  0.00000000e+00 -4.02035934e+01  3.08428208e+00 
 3.98107171e+08  3.98107171e+08  0.00000000e+00 -4.02042810e+01  3.08261144e+00 
 4.09732110e+08  4.09732110e+08  0.00000000e+00 -4.02050093e+01  3.08089227e+00 
 4.21696503e+08  4.21696503e+08  0.00000000e+00 -4.02057805e+01  3.07912319e+00 
 4.34010264e+08  4.34010264e+08  0.00000000e+00 -4.02065973e+01  3.07730275e+00 
 4.46683592e+08  4.46683592e+08  0.00000000e+00 -4.02074623e+01  3.07542948e+00 
 4.59726989e+08  4.59726989e+08  0.00000000e+00 -4.02083784e+01  3.07350188e+00 
 4.73151259e+08  4.73151259e+08  0.00000000e+00 -4.02093486e+01  3.07151838e+00 
 4.86967525e+08  4.86967525e+08  0.00000000e+00 -4.02103760e+01  3.06947740e+00 
 5.01187234e+08  5.01187234e+08  0.00000000e+00 -4.02114640e+01  3.06737729e+00 
 5.15822165e+08  5.15822165e+08  0.00000000e+00 -4.02126162e+01  3.06521636e+00 
 5.30884444e+08  5.30884444e+08  0.00000000e+00 -4.02138363e+01  3.06299289e+00 
 5.46386550e+08  5.46386550e+08  0.00000000e+00 -4.02151283e+01  3.06070510e+00 
 5.62341325e+08  5.62341325e+08  0.00000000e+00 -4.02164965e+01  3.05835117e+00 
 5.78761988e+08  5.78761988e+08  0.00000000e+00 -4.02179452e+01  3.05592923e+00 
 5.95662144e+08  5.95662144e+08  0.00000000e+00 -4.02194793e+01  3.05343734e+00 
 6.13055792e+08  6.13055792e+08  0.00000000e+00 -4.02211036e+01  3.05087355e+00 
 6.30957344e+08  6.30957344e+08  0.00000000e+00 -4.02228235e+01  3.04823583e+00 
 6.49381632e+08  6.49381632e+08  0.00000000e+00 -4.02246446e+01  3.04552209e+00 
 6.68343918e+08  6.68343918e+08  0.00000000e+00 -4.02265727e+01  3.04273022e+00 
 6.87859912e+08  6.87859912e+08  0.00000000e+00 -4.02286141e+01  3.03985803e+00 
 7.07945784e+08  7.07945784e+08  0.00000000e+00 -4.02307754e+01  3.03690329e+00 
 7.28618175e+08  7.28618175e+08  0.00000000e+00 -4.02330636e+01  3.03386369e+00 
 7.49894209e+08  7.49894209e+08  0.00000000e+00 -4.02354860e+01  3.03073688e+00 
 7.71791516e+08  7.71791516e+08  0.00000000e+00 -4.02380505e+01  3.02752047e+00 
 7.94328235e+08  7.94328235e+08  0.00000000e+00 -4.02407652e+01  3.02421198e+00 
 8.17523038e+08  8.17523038e+08  0.00000000e+00 -4.02436389e+01  3.02080889e+00 
 8.41395142e+08  8.41395142e+08  0.00000000e+00 -4.02466807e+01  3.01730861e+00 
 8.65964323e+08  8.65964323e+08  0.00000000e+00 -4.02499005e+01  3.01370850e+00 
 8.91250938e+08  8.91250938e+08  0.00000000e+00 -4.02533083e+01  3.01000586e+00 
 9.17275935e+08  9.17275935e+08  0.00000000e+00 -4.02569151e+01  3.00619792e+00 
 9.44060876e+08  9.44060876e+08  0.00000000e+00 -4.02607323e+01  3.00228186e+00 
 9.71627952e+08  9.71627952e+08  0.00000000e+00 -4.02647719e+01  2.99825478e+00 
 1.00000000e+09  1.00000000e+09  0.00000000e+00 -4.02690467e+01  2.99411375e+00 
 1.02920053e+09  1.02920053e+09  0.00000000e+00 -4.02735701e+01  2.98985574e+00 
 1.05925373e+09  1.05925373e+09  0.00000000e+00 -4.02783563e+01  2.98547771e+00 
 1.09018449e+09  1.09018449e+09  0.00000000e+00 -4.02834202e+01  2.98097651e+00 
 1.12201845e+09  1.12201845e+09  0.00000000e+00 -4.02887777e+01  2.97634897e+00 
 1.15478198e+09  1.15478198e+09  0.00000000e+00 -4.02944452e+01  2.97159183e+00 
 1.18850223e+09  1.18850223e+09  0.00000000e+00 -4.03004403e+01  2.96670180e+00 
 1.22320712e+09  1.22320712e+09  0.00000000e+00 -4.03067814e+01  2.96167552e+00 
 1.25892541e+09  1.25892541e+09  0.00000000e+00 -4.03134880e+01  2.95650958e+00 
 1.29568670e+09  1.29568670e+09  0.00000000e+00 -4.03205804e+01  2.95120052e+00 
 1.33352143e+09  1.33352143e+09  0.00000000e+00 -4.03280802e+01  2.94574483e+00 
 1.37246096e+09  1.37246096e+09  0.00000000e+00 -4.03360100e+01  2.94013896e+00 
 1.41253754e+09  1.41253754e+09  0.00000000e+00 -4.03443935e+01  2.93437930e+00 
 1.45378439e+09  1.45378439e+09  0.00000000e+00 -4.03532558e+01  2.92846221e+00 
 1.49623566e+09  1.49623566e+09  0.00000000e+00 -4.03626231e+01  2.92238403e+00 
 1.53992653e+09  1.53992653e+09  0.00000000e+00 -4.03725230e+01  2.91614104e+00 
 1.58489319e+09  1.58489319e+09  0.00000000e+00 -4.03829844e+01  2.90972951e+00 
 1.63117291e+09  1.63117291e+09  0.00000000e+00 -4.03940377e+01  2.90314569e+00 
 1.67880402e+09  1.67880402e+09  0.00000000e+00 -4.04057146e+01  2.89638582e+00 
 1.72782598e+09  1.72782598e+09  0.00000000e+00 -4.04180485e+01  2.88944610e+00 
 1.77827941e+09  1.77827941e+09  0.00000000e+00 -4.04310744e+01  2.88232278e+00 
 1.83020611e+09  1.83020611e+09  0.00000000e+00 -4.04448286e+01  2.87501207e+00 
 1.88364909e+09  1.88364909e+09  0.00000000e+00 -4.04593494e+01  2.86751022e+00 
 1.93865264e+09  1.93865264e+09  0.00000000e+00 -4.04746767e+01  2.85981350e+00 
 1.99526231e+09  1.99526231e+09  0.00000000e+00 -4.04908521e+01  2.85191821e+00 
 2.05352503e+09  2.05352503e+09  0.00000000e+00 -4.05079190e+01  2.84382071e+00 
 2.11348904e+09  2.11348904e+09  0.00000000e+00 -4.05259226e+01  2.83551739e+00 
 2.17520403e+09  2.17520403e+09  0.00000000e+00 -4.05449102e+01  2.82700473e+00 
 2.23872114e+09  2.23872114e+09  0.00000000e+00 -4.05649306e+01  2.81827930e+00 
 2.30409298e+09  2.30409298e+09  0.00000000e+00 -4.05860349e+01  2.80933773e+00 
 2.37137371e+09  2.37137371e+09  0.00000000e+00 -4.06082758e+01  2.80017680e+00 
 2.44061907e+09  2.44061907e+09  0.00000000e+00 -4.06317082e+01  2.79079340e+00 
 2.51188643e+09  2.51188643e+09  0.00000000e+00 -4.06563887e+01  2.78118454e+00 
 2.58523484e+09  2.58523484e+09  0.00000000e+00 -4.06823760e+01  2.77134744e+00 
 2.66072506e+09  2.66072506e+09  0.00000000e+00 -4.07097306e+01  2.76127945e+00 
 2.73841963e+09  2.73841963e+09  0.00000000e+00 -4.07385150e+01  2.75097814e+00 
 2.81838293e+09  2.81838293e+09  0.00000000e+00 -4.07687933e+01  2.74044128e+00 
 2.90068120e+09  2.90068120e+09  0.00000000e+00 -4.08006318e+01  2.72966689e+00 
 2.98538262e+09  2.98538262e+09  0.00000000e+00 -4.08340980e+01  2.71865323e+00 
 3.07255737e+09  3.07255737e+09  0.00000000e+00 -4.08692614e+01  2.70739884e+00 
 3.16227766e+09  3.16227766e+09  0.00000000e+00 -4.09061929e+01  2.69590255e+00 
 3.25461783e+09  3.25461783e+09  0.00000000e+00 -4.09449648e+01  2.68416351e+00 
 3.34965439e+09  3.34965439e+09  0.00000000e+00 -4.09856507e+01  2.67218119e+00 
 3.44746607e+09  3.44746607e+09  0.00000000e+00 -4.10283253e+01  2.65995544e+00 
 3.54813389e+09  3.54813389e+09  0.00000000e+00 -4.10730644e+01  2.64748645e+00 
 3.65174127e+09  3.65174127e+09  0.00000000e+00 -4.11199443e+01  2.63477482e+00 
 3.75837404e+09  3.75837404e+09  0.00000000e+00 -4.11690421e+01  2.62182157e+00 
 3.86812055e+09  3.86812055e+09  0.00000000e+00 -4.12204351e+01  2.60862812e+00 
 3.98107171e+09  3.98107171e+09  0.00000000e+00 -4.12742007e+01  2.59519636e+00 
 4.09732110e+09  4.09732110e+09  0.00000000e+00 -4.13304161e+01  2.58152860e+00 
 4.21696503e+09  4.21696503e+09  0.00000000e+00 -4.13891582e+01  2.56762764e+00 
 4.34010264e+09  4.34010264e+09  0.00000000e+00 -4.14505028e+01  2.55349674e+00 
 4.46683592e+09  4.46683592e+09  0.00000000e+00 -4.15145250e+01  2.53913966e+00 
 4.59726989e+09  4.59726989e+09  0.00000000e+00 -4.15812982e+01  2.52456061e+00 
 4.73151259e+09  4.73151259e+09  0.00000000e+00 -4.16508942e+01  2.50976433e+00 
 4.86967525e+09  4.86967525e+09  0.00000000e+00 -4.17233826e+01  2.49475599e+00 
 5.01187234e+09  5.01187234e+09  0.00000000e+00 -4.17988306e+01  2.47954128e+00 
 5.15822165e+09  5.15822165e+09  0.00000000e+00 -4.18773027e+01  2.46412634e+00 
 5.30884444e+09  5.30884444e+09  0.00000000e+00 -4.19588599e+01  2.44851775e+00 
 5.46386550e+09  5.46386550e+09  0.00000000e+00 -4.20435600e+01  2.43272255e+00 
 5.62341325e+09  5.62341325e+09  0.00000000e+00 -4.21314567e+01  2.41674819e+00 
 5.78761988e+09  5.78761988e+09  0.00000000e+00 -4.22225995e+01  2.40060250e+00 
 5.95662144e+09  5.95662144e+09  0.00000000e+00 -4.23170335e+01  2.38429370e+00 
 6.13055792e+09  6.13055792e+09  0.00000000e+00 -4.24147986e+01  2.36783030e+00 
 6.30957344e+09  6.30957344e+09  0.00000000e+00 -4.25159299e+01  2.35122115e+00 
 6.49381632e+09  6.49381632e+09  0.00000000e+00 -4.26204567e+01  2.33447533e+00 
 6.68343918e+09  6.68343918e+09  0.00000000e+00 -4.27284030e+01  2.31760216e+00 
 6.87859912e+09  6.87859912e+09  0.00000000e+00 -4.28397866e+01  2.30061112e+00 
 7.07945784e+09  7.07945784e+09  0.00000000e+00 -4.29546194e+01  2.28351182e+00 
 7.28618175e+09  7.28618175e+09  0.00000000e+00 -4.30729070e+01  2.26631396e+00 
 7.49894209e+09  7.49894209e+09  0.00000000e+00 -4.31946488e+01  2.24902726e+00 
 7.71791516e+09  7.71791516e+09  0.00000000e+00 -4.33198377e+01  2.23166143e+00 
 7.94328235e+09  7.94328235e+09  0.00000000e+00 -4.34484602e+01  2.21422611e+00 
 8.17523038e+09  8.17523038e+09  0.00000000e+00 -4.35804964e+01  2.19673084e+00 
 8.41395142e+09  8.41395142e+09  0.00000000e+00 -4.37159201e+01  2.17918497e+00 
 8.65964323e+09  8.65964323e+09  0.00000000e+00 -4.38546988e+01  2.16159766e+00 
 8.91250938e+09  8.91250938e+09  0.00000000e+00 -4.39967936e+01  2.14397780e+00 
 9.17275935e+09  9.17275935e+09  0.00000000e+00 -4.41421600e+01  2.12633398e+00 
 9.44060876e+09  9.44060876e+09  0.00000000e+00 -4.42907472e+01  2.10867444e+00 
 9.71627952e+09  9.71627952e+09  0.00000000e+00 -4.44424992e+01  2.09100705e+00 
 1.00000000e+10  1.00000000e+10  0.00000000e+00 -4.45973542e+01  2.07333927e+00 
