 frequency       frequency       frequency       vdb(out)        vp(out)        
 1.00000000e+01  1.00000000e+01  0.00000000e+00 -6.18740883e+01 -1.10834006e-10 
 1.02920053e+01  1.02920053e+01  0.00000000e+00 -6.18740883e+01 -1.14070418e-10 
 1.05925373e+01  1.05925373e+01  0.00000000e+00 -6.18740883e+01 -1.17401334e-10 
 1.09018449e+01  1.09018449e+01  0.00000000e+00 -6.18740883e+01 -1.20829515e-10 
 1.12201845e+01  1.12201845e+01  0.00000000e+00 -6.18740883e+01 -1.24357801e-10 
 1.15478198e+01  1.15478198e+01  0.00000000e+00 -6.18740883e+01 -1.27989114e-10 
 1.18850223e+01  1.18850223e+01  0.00000000e+00 -6.18740883e+01 -1.31726464e-10 
 1.22320712e+01  1.22320712e+01  0.00000000e+00 -6.18740883e+01 -1.35572946e-10 
 1.25892541e+01  1.25892541e+01  0.00000000e+00 -6.18740883e+01 -1.39531747e-10 
 1.29568670e+01  1.29568670e+01  0.00000000e+00 -6.18740883e+01 -1.43606148e-10 
 1.33352143e+01  1.33352143e+01  0.00000000e+00 -6.18740883e+01 -1.47799523e-10 
 1.37246096e+01  1.37246096e+01  0.00000000e+00 -6.18740883e+01 -1.52115347e-10 
 1.41253754e+01  1.41253754e+01  0.00000000e+00 -6.18740883e+01 -1.56557195e-10 
 1.45378439e+01  1.45378439e+01  0.00000000e+00 -6.18740883e+01 -1.61128748e-10 
 1.49623566e+01  1.49623566e+01  0.00000000e+00 -6.18740883e+01 -1.65833792e-10 
 1.53992653e+01  1.53992653e+01  0.00000000e+00 -6.18740883e+01 -1.70676227e-10 
 1.58489319e+01  1.58489319e+01  0.00000000e+00 -6.18740883e+01 -1.75660062e-10 
 1.63117291e+01  1.63117291e+01  0.00000000e+00 -6.18740883e+01 -1.80789429e-10 
 1.67880402e+01  1.67880402e+01  0.00000000e+00 -6.18740883e+01 -1.86068575e-10 
 1.72782598e+01  1.72782598e+01  0.00000000e+00 -6.18740883e+01 -1.91501876e-10 
 1.77827941e+01  1.77827941e+01  0.00000000e+00 -6.18740883e+01 -1.97093832e-10 
 1.83020611e+01  1.83020611e+01  0.00000000e+00 -6.18740883e+01 -2.02849075e-10 
 1.88364909e+01  1.88364909e+01  0.00000000e+00 -6.18740883e+01 -2.08772375e-10 
 1.93865264e+01  1.93865264e+01  0.00000000e+00 -6.18740883e+01 -2.14868639e-10 
 1.99526231e+01  1.99526231e+01  0.00000000e+00 -6.18740883e+01 -2.21142916e-10 
 2.05352503e+01  2.05352503e+01  0.00000000e+00 -6.18740883e+01 -2.27600406e-10 
 2.11348904e+01  2.11348904e+01  0.00000000e+00 -6.18740883e+01 -2.34246458e-10 
 2.17520403e+01  2.17520403e+01  0.00000000e+00 -6.18740883e+01 -2.41086578e-10 
 2.23872114e+01  2.23872114e+01  0.00000000e+00 -6.18740883e+01 -2.48126433e-10 
 2.30409298e+01  2.30409298e+01  0.00000000e+00 -6.18740883e+01 -2.55371856e-10 
 2.37137371e+01  2.37137371e+01  0.00000000e+00 -6.18740883e+01 -2.62828849e-10 
 2.44061907e+01  2.44061907e+01  0.00000000e+00 -6.18740883e+01 -2.70503590e-10 
 2.51188643e+01  2.51188643e+01  0.00000000e+00 -6.18740883e+01 -2.78402437e-10 
 2.58523484e+01  2.58523484e+01  0.00000000e+00 -6.18740883e+01 -2.86531935e-10 
 2.66072506e+01  2.66072506e+01  0.00000000e+00 -6.18740883e+01 -2.94898818e-10 
 2.73841963e+01  2.73841963e+01  0.00000000e+00 -6.18740883e+01 -3.03510019e-10 
 2.81838293e+01  2.81838293e+01  0.00000000e+00 -6.18740883e+01 -3.12372672e-10 
 2.90068120e+01  2.90068120e+01  0.00000000e+00 -6.18740883e+01 -3.21494119e-10 
 2.98538262e+01  2.98538262e+01  0.00000000e+00 -6.18740883e+01 -3.30881916e-10 
 3.07255737e+01  3.07255737e+01  0.00000000e+00 -6.18740883e+01 -3.40543843e-10 
 3.16227766e+01  3.16227766e+01  0.00000000e+00 -6.18740883e+01 -3.50487903e-10 
 3.25461783e+01  3.25461783e+01  0.00000000e+00 -6.18740883e+01 -3.60722334e-10 
 3.34965439e+01  3.34965439e+01  0.00000000e+00 -6.18740883e+01 -3.71255616e-10 
 3.44746607e+01  3.44746607e+01  0.00000000e+00 -6.18740883e+01 -3.82096476e-10 
 3.54813389e+01  3.54813389e+01  0.00000000e+00 -6.18740883e+01 -3.93253895e-10 
 3.65174127e+01  3.65174127e+01  0.00000000e+00 -6.18740883e+01 -4.04737116e-10 
 3.75837404e+01  3.75837404e+01  0.00000000e+00 -6.18740883e+01 -4.16555653e-10 
 3.86812055e+01  3.86812055e+01  0.00000000e+00 -6.18740883e+01 -4.28719298e-10 
 3.98107171e+01  3.98107171e+01  0.00000000e+00 -6.18740883e+01 -4.41238127e-10 
 4.09732110e+01  4.09732110e+01  0.00000000e+00 -6.18740883e+01 -4.54122513e-10 
 4.21696503e+01  4.21696503e+01  0.00000000e+00 -6.18740883e+01 -4.67383130e-10 
 4.34010264e+01  4.34010264e+01  0.00000000e+00 -6.18740883e+01 -4.81030964e-10 
 4.46683592e+01  4.46683592e+01  0.00000000e+00 -6.18740883e+01 -4.95077321e-10 
 4.59726989e+01  4.59726989e+01  0.00000000e+00 -6.18740883e+01 -5.09533840e-10 
 4.73151259e+01  4.73151259e+01  0.00000000e+00 -6.18740883e+01 -5.24412497e-10 
 4.86967525e+01  4.86967525e+01  0.00000000e+00 -6.18740883e+01 -5.39725618e-10 
 5.01187234e+01  5.01187234e+01  0.00000000e+00 -6.18740883e+01 -5.55485891e-10 
 5.15822165e+01  5.15822165e+01  0.00000000e+00 -6.18740883e+01 -5.71706372e-10 
 5.30884444e+01  5.30884444e+01  0.00000000e+00 -6.18740883e+01 -5.88400499e-10 
 5.46386550e+01  5.46386550e+01  0.00000000e+00 -6.18740883e+01 -6.05582104e-10 
 5.62341325e+01  5.62341325e+01  0.00000000e+00 -6.18740883e+01 -6.23265421e-10 
 5.78761988e+01  5.78761988e+01  0.00000000e+00 -6.18740883e+01 -6.41465100e-10 
 5.95662144e+01  5.95662144e+01  0.00000000e+00 -6.18740883e+01 -6.60196219e-10 
 6.13055792e+01  6.13055792e+01  0.00000000e+00 -6.18740883e+01 -6.79474296e-10 
 6.30957344e+01  6.30957344e+01  0.00000000e+00 -6.18740883e+01 -6.99315304e-10 
 6.49381632e+01  6.49381632e+01  0.00000000e+00 -6.18740883e+01 -7.19735679e-10 
 6.68343918e+01  6.68343918e+01  0.00000000e+00 -6.18740883e+01 -7.40752341e-10 
 6.87859912e+01  6.87859912e+01  0.00000000e+00 -6.18740883e+01 -7.62382700e-10 
 7.07945784e+01  7.07945784e+01  0.00000000e+00 -6.18740883e+01 -7.84644676e-10 
 7.28618175e+01  7.28618175e+01  0.00000000e+00 -6.18740883e+01 -8.07556715e-10 
 7.49894209e+01  7.49894209e+01  0.00000000e+00 -6.18740883e+01 -8.31137796e-10 
 7.71791516e+01  7.71791516e+01  0.00000000e+00 -6.18740883e+01 -8.55407458e-10 
 7.94328235e+01  7.94328235e+01  0.00000000e+00 -6.18740883e+01 -8.80385807e-10 
 8.17523038e+01  8.17523038e+01  0.00000000e+00 -6.18740883e+01 -9.06093537e-10 
 8.41395142e+01  8.41395142e+01  0.00000000e+00 -6.18740883e+01 -9.32551946e-10 
 8.65964323e+01  8.65964323e+01  0.00000000e+00 -6.18740883e+01 -9.59782954e-10 
 8.91250938e+01  8.91250938e+01  0.00000000e+00 -6.18740883e+01 -9.87809122e-10 
 9.17275935e+01  9.17275935e+01  0.00000000e+00 -6.18740883e+01 -1.01665367e-09 
 9.44060876e+01  9.44060876e+01  0.00000000e+00 -6.18740883e+01 -1.04634049e-09 
 9.71627952e+01  9.71627952e+01  0.00000000e+00 -6.18740883e+01 -1.07689419e-09 
 1.00000000e+02  1.00000000e+02  0.00000000e+00 -6.18740883e+01 -1.10834006e-09 
 1.02920053e+02  1.02920053e+02  0.00000000e+00 -6.18740883e+01 -1.14070418e-09 
 1.05925373e+02  1.05925373e+02  0.00000000e+00 -6.18740883e+01 -1.17401334e-09 
 1.09018449e+02  1.09018449e+02  0.00000000e+00 -6.18740883e+01 -1.20829515e-09 
 1.12201845e+02  1.12201845e+02  0.00000000e+00 -6.18740883e+01 -1.24357801e-09 
 1.15478198e+02  1.15478198e+02  0.00000000e+00 -6.18740883e+01 -1.27989114e-09 
 1.18850223e+02  1.18850223e+02  0.00000000e+00 -6.18740883e+01 -1.31726464e-09 
 1.22320712e+02  1.22320712e+02  0.00000000e+00 -6.18740883e+01 -1.35572946e-09 
 1.25892541e+02  1.25892541e+02  0.00000000e+00 -6.18740883e+01 -1.39531747e-09 
 1.29568670e+02  1.29568670e+02  0.00000000e+00 -6.18740883e+01 -1.43606148e-09 
 1.33352143e+02  1.33352143e+02  0.00000000e+00 -6.18740883e+01 -1.47799523e-09 
 1.37246096e+02  1.37246096e+02  0.00000000e+00 -6.18740883e+01 -1.52115347e-09 
 1.41253754e+02  1.41253754e+02  0.00000000e+00 -6.18740883e+01 -1.56557195e-09 
 1.45378439e+02  1.45378439e+02  0.00000000e+00 -6.18740883e+01 -1.61128748e-09 
 1.49623566e+02  1.49623566e+02  0.00000000e+00 -6.18740883e+01 -1.65833792e-09 
 1.53992653e+02  1.53992653e+02  0.00000000e+00 -6.18740883e+01 -1.70676227e-09 
 1.58489319e+02  1.58489319e+02  0.00000000e+00 -6.18740883e+01 -1.75660062e-09 
 1.63117291e+02  1.63117291e+02  0.00000000e+00 -6.18740883e+01 -1.80789429e-09 
 1.67880402e+02  1.67880402e+02  0.00000000e+00 -6.18740883e+01 -1.86068575e-09 
 1.72782598e+02  1.72782598e+02  0.00000000e+00 -6.18740883e+01 -1.91501876e-09 
 1.77827941e+02  1.77827941e+02  0.00000000e+00 -6.18740883e+01 -1.97093832e-09 
 1.83020611e+02  1.83020611e+02  0.00000000e+00 -6.18740883e+01 -2.02849075e-09 
 1.88364909e+02  1.88364909e+02  0.00000000e+00 -6.18740883e+01 -2.08772375e-09 
 1.93865264e+02  1.93865264e+02  0.00000000e+00 -6.18740883e+01 -2.14868639e-09 
 1.99526231e+02  1.99526231e+02  0.00000000e+00 -6.18740883e+01 -2.21142916e-09 
 2.05352503e+02  2.05352503e+02  0.00000000e+00 -6.18740883e+01 -2.27600406e-09 
 2.11348904e+02  2.11348904e+02  0.00000000e+00 -6.18740883e+01 -2.34246458e-09 
 2.17520403e+02  2.17520403e+02  0.00000000e+00 -6.18740883e+01 -2.41086578e-09 
 2.23872114e+02  2.23872114e+02  0.00000000e+00 -6.18740883e+01 -2.48126433e-09 
 2.30409298e+02  2.30409298e+02  0.00000000e+00 -6.18740883e+01 -2.55371856e-09 
 2.37137371e+02  2.37137371e+02  0.00000000e+00 -6.18740883e+01 -2.62828849e-09 
 2.44061907e+02  2.44061907e+02  0.00000000e+00 -6.18740883e+01 -2.70503590e-09 
 2.51188643e+02  2.51188643e+02  0.00000000e+00 -6.18740883e+01 -2.78402437e-09 
 2.58523484e+02  2.58523484e+02  0.00000000e+00 -6.18740883e+01 -2.86531935e-09 
 2.66072506e+02  2.66072506e+02  0.00000000e+00 -6.18740883e+01 -2.94898818e-09 
 2.73841963e+02  2.73841963e+02  0.00000000e+00 -6.18740883e+01 -3.03510019e-09 
 2.81838293e+02  2.81838293e+02  0.00000000e+00 -6.18740883e+01 -3.12372672e-09 
 2.90068120e+02  2.90068120e+02  0.00000000e+00 -6.18740883e+01 -3.21494119e-09 
 2.98538262e+02  2.98538262e+02  0.00000000e+00 -6.18740883e+01 -3.30881916e-09 
 3.07255737e+02  3.07255737e+02  0.00000000e+00 -6.18740883e+01 -3.40543843e-09 
 3.16227766e+02  3.16227766e+02  0.00000000e+00 -6.18740883e+01 -3.50487903e-09 
 3.25461783e+02  3.25461783e+02  0.00000000e+00 -6.18740883e+01 -3.60722334e-09 
 3.34965439e+02  3.34965439e+02  0.00000000e+00 -6.18740883e+01 -3.71255616e-09 
 3.44746607e+02  3.44746607e+02  0.00000000e+00 -6.18740883e+01 -3.82096476e-09 
 3.54813389e+02  3.54813389e+02  0.00000000e+00 -6.18740883e+01 -3.93253895e-09 
 3.65174127e+02  3.65174127e+02  0.00000000e+00 -6.18740883e+01 -4.04737116e-09 
 3.75837404e+02  3.75837404e+02  0.00000000e+00 -6.18740883e+01 -4.16555653e-09 
 3.86812055e+02  3.86812055e+02  0.00000000e+00 -6.18740883e+01 -4.28719298e-09 
 3.98107171e+02  3.98107171e+02  0.00000000e+00 -6.18740883e+01 -4.41238127e-09 
 4.09732110e+02  4.09732110e+02  0.00000000e+00 -6.18740883e+01 -4.54122513e-09 
 4.21696503e+02  4.21696503e+02  0.00000000e+00 -6.18740883e+01 -4.67383130e-09 
 4.34010264e+02  4.34010264e+02  0.00000000e+00 -6.18740883e+01 -4.81030964e-09 
 4.46683592e+02  4.46683592e+02  0.00000000e+00 -6.18740883e+01 -4.95077321e-09 
 4.59726989e+02  4.59726989e+02  0.00000000e+00 -6.18740883e+01 -5.09533840e-09 
 4.73151259e+02  4.73151259e+02  0.00000000e+00 -6.18740883e+01 -5.24412497e-09 
 4.86967525e+02  4.86967525e+02  0.00000000e+00 -6.18740883e+01 -5.39725618e-09 
 5.01187234e+02  5.01187234e+02  0.00000000e+00 -6.18740883e+01 -5.55485891e-09 
 5.15822165e+02  5.15822165e+02  0.00000000e+00 -6.18740883e+01 -5.71706372e-09 
 5.30884444e+02  5.30884444e+02  0.00000000e+00 -6.18740883e+01 -5.88400499e-09 
 5.46386550e+02  5.46386550e+02  0.00000000e+00 -6.18740883e+01 -6.05582104e-09 
 5.62341325e+02  5.62341325e+02  0.00000000e+00 -6.18740883e+01 -6.23265421e-09 
 5.78761988e+02  5.78761988e+02  0.00000000e+00 -6.18740883e+01 -6.41465100e-09 
 5.95662144e+02  5.95662144e+02  0.00000000e+00 -6.18740883e+01 -6.60196219e-09 
 6.13055792e+02  6.13055792e+02  0.00000000e+00 -6.18740883e+01 -6.79474296e-09 
 6.30957344e+02  6.30957344e+02  0.00000000e+00 -6.18740883e+01 -6.99315304e-09 
 6.49381632e+02  6.49381632e+02  0.00000000e+00 -6.18740883e+01 -7.19735679e-09 
 6.68343918e+02  6.68343918e+02  0.00000000e+00 -6.18740883e+01 -7.40752341e-09 
 6.87859912e+02  6.87859912e+02  0.00000000e+00 -6.18740883e+01 -7.62382700e-09 
 7.07945784e+02  7.07945784e+02  0.00000000e+00 -6.18740883e+01 -7.84644676e-09 
 7.28618175e+02  7.28618175e+02  0.00000000e+00 -6.18740883e+01 -8.07556715e-09 
 7.49894209e+02  7.49894209e+02  0.00000000e+00 -6.18740883e+01 -8.31137796e-09 
 7.71791516e+02  7.71791516e+02  0.00000000e+00 -6.18740883e+01 -8.55407458e-09 
 7.94328235e+02  7.94328235e+02  0.00000000e+00 -6.18740883e+01 -8.80385807e-09 
 8.17523038e+02  8.17523038e+02  0.00000000e+00 -6.18740883e+01 -9.06093537e-09 
 8.41395142e+02  8.41395142e+02  0.00000000e+00 -6.18740883e+01 -9.32551946e-09 
 8.65964323e+02  8.65964323e+02  0.00000000e+00 -6.18740883e+01 -9.59782954e-09 
 8.91250938e+02  8.91250938e+02  0.00000000e+00 -6.18740883e+01 -9.87809122e-09 
 9.17275935e+02  9.17275935e+02  0.00000000e+00 -6.18740883e+01 -1.01665367e-08 
 9.44060876e+02  9.44060876e+02  0.00000000e+00 -6.18740883e+01 -1.04634049e-08 
 9.71627952e+02  9.71627952e+02  0.00000000e+00 -6.18740883e+01 -1.07689419e-08 
 1.00000000e+03  1.00000000e+03  0.00000000e+00 -6.18740883e+01 -1.10834006e-08 
 1.02920053e+03  1.02920053e+03  0.00000000e+00 -6.18740883e+01 -1.14070418e-08 
 1.05925373e+03  1.05925373e+03  0.00000000e+00 -6.18740883e+01 -1.17401334e-08 
 1.09018449e+03  1.09018449e+03  0.00000000e+00 -6.18740883e+01 -1.20829515e-08 
 1.12201845e+03  1.12201845e+03  0.00000000e+00 -6.18740883e+01 -1.24357801e-08 
 1.15478198e+03  1.15478198e+03  0.00000000e+00 -6.18740883e+01 -1.27989114e-08 
 1.18850223e+03  1.18850223e+03  0.00000000e+00 -6.18740883e+01 -1.31726464e-08 
 1.22320712e+03  1.22320712e+03  0.00000000e+00 -6.18740883e+01 -1.35572946e-08 
 1.25892541e+03  1.25892541e+03  0.00000000e+00 -6.18740883e+01 -1.39531747e-08 
 1.29568670e+03  1.29568670e+03  0.00000000e+00 -6.18740883e+01 -1.43606148e-08 
 1.33352143e+03  1.33352143e+03  0.00000000e+00 -6.18740883e+01 -1.47799523e-08 
 1.37246096e+03  1.37246096e+03  0.00000000e+00 -6.18740883e+01 -1.52115347e-08 
 1.41253754e+03  1.41253754e+03  0.00000000e+00 -6.18740883e+01 -1.56557195e-08 
 1.45378439e+03  1.45378439e+03  0.00000000e+00 -6.18740883e+01 -1.61128748e-08 
 1.49623566e+03  1.49623566e+03  0.00000000e+00 -6.18740883e+01 -1.65833792e-08 
 1.53992653e+03  1.53992653e+03  0.00000000e+00 -6.18740883e+01 -1.70676227e-08 
 1.58489319e+03  1.58489319e+03  0.00000000e+00 -6.18740883e+01 -1.75660062e-08 
 1.63117291e+03  1.63117291e+03  0.00000000e+00 -6.18740883e+01 -1.80789429e-08 
 1.67880402e+03  1.67880402e+03  0.00000000e+00 -6.18740883e+01 -1.86068575e-08 
 1.72782598e+03  1.72782598e+03  0.00000000e+00 -6.18740883e+01 -1.91501876e-08 
 1.77827941e+03  1.77827941e+03  0.00000000e+00 -6.18740883e+01 -1.97093832e-08 
 1.83020611e+03  1.83020611e+03  0.00000000e+00 -6.18740883e+01 -2.02849075e-08 
 1.88364909e+03  1.88364909e+03  0.00000000e+00 -6.18740883e+01 -2.08772375e-08 
 1.93865264e+03  1.93865264e+03  0.00000000e+00 -6.18740883e+01 -2.14868639e-08 
 1.99526231e+03  1.99526231e+03  0.00000000e+00 -6.18740883e+01 -2.21142916e-08 
 2.05352503e+03  2.05352503e+03  0.00000000e+00 -6.18740883e+01 -2.27600406e-08 
 2.11348904e+03  2.11348904e+03  0.00000000e+00 -6.18740883e+01 -2.34246458e-08 
 2.17520403e+03  2.17520403e+03  0.00000000e+00 -6.18740883e+01 -2.41086578e-08 
 2.23872114e+03  2.23872114e+03  0.00000000e+00 -6.18740883e+01 -2.48126433e-08 
 2.30409298e+03  2.30409298e+03  0.00000000e+00 -6.18740883e+01 -2.55371856e-08 
 2.37137371e+03  2.37137371e+03  0.00000000e+00 -6.18740883e+01 -2.62828849e-08 
 2.44061907e+03  2.44061907e+03  0.00000000e+00 -6.18740883e+01 -2.70503590e-08 
 2.51188643e+03  2.51188643e+03  0.00000000e+00 -6.18740883e+01 -2.78402437e-08 
 2.58523484e+03  2.58523484e+03  0.00000000e+00 -6.18740883e+01 -2.86531935e-08 
 2.66072506e+03  2.66072506e+03  0.00000000e+00 -6.18740883e+01 -2.94898818e-08 
 2.73841963e+03  2.73841963e+03  0.00000000e+00 -6.18740883e+01 -3.03510019e-08 
 2.81838293e+03  2.81838293e+03  0.00000000e+00 -6.18740883e+01 -3.12372672e-08 
 2.90068120e+03  2.90068120e+03  0.00000000e+00 -6.18740883e+01 -3.21494119e-08 
 2.98538262e+03  2.98538262e+03  0.00000000e+00 -6.18740883e+01 -3.30881916e-08 
 3.07255737e+03  3.07255737e+03  0.00000000e+00 -6.18740883e+01 -3.40543843e-08 
 3.16227766e+03  3.16227766e+03  0.00000000e+00 -6.18740883e+01 -3.50487903e-08 
 3.25461783e+03  3.25461783e+03  0.00000000e+00 -6.18740883e+01 -3.60722334e-08 
 3.34965439e+03  3.34965439e+03  0.00000000e+00 -6.18740883e+01 -3.71255616e-08 
 3.44746607e+03  3.44746607e+03  0.00000000e+00 -6.18740883e+01 -3.82096476e-08 
 3.54813389e+03  3.54813389e+03  0.00000000e+00 -6.18740883e+01 -3.93253895e-08 
 3.65174127e+03  3.65174127e+03  0.00000000e+00 -6.18740883e+01 -4.04737116e-08 
 3.75837404e+03  3.75837404e+03  0.00000000e+00 -6.18740883e+01 -4.16555653e-08 
 3.86812055e+03  3.86812055e+03  0.00000000e+00 -6.18740883e+01 -4.28719298e-08 
 3.98107171e+03  3.98107171e+03  0.00000000e+00 -6.18740883e+01 -4.41238127e-08 
 4.09732110e+03  4.09732110e+03  0.00000000e+00 -6.18740883e+01 -4.54122513e-08 
 4.21696503e+03  4.21696503e+03  0.00000000e+00 -6.18740883e+01 -4.67383130e-08 
 4.34010264e+03  4.34010264e+03  0.00000000e+00 -6.18740883e+01 -4.81030964e-08 
 4.46683592e+03  4.46683592e+03  0.00000000e+00 -6.18740883e+01 -4.95077321e-08 
 4.59726989e+03  4.59726989e+03  0.00000000e+00 -6.18740883e+01 -5.09533840e-08 
 4.73151259e+03  4.73151259e+03  0.00000000e+00 -6.18740883e+01 -5.24412497e-08 
 4.86967525e+03  4.86967525e+03  0.00000000e+00 -6.18740883e+01 -5.39725618e-08 
 5.01187234e+03  5.01187234e+03  0.00000000e+00 -6.18740883e+01 -5.55485891e-08 
 5.15822165e+03  5.15822165e+03  0.00000000e+00 -6.18740883e+01 -5.71706372e-08 
 5.30884444e+03  5.30884444e+03  0.00000000e+00 -6.18740883e+01 -5.88400499e-08 
 5.46386550e+03  5.46386550e+03  0.00000000e+00 -6.18740883e+01 -6.05582104e-08 
 5.62341325e+03  5.62341325e+03  0.00000000e+00 -6.18740883e+01 -6.23265421e-08 
 5.78761988e+03  5.78761988e+03  0.00000000e+00 -6.18740883e+01 -6.41465100e-08 
 5.95662144e+03  5.95662144e+03  0.00000000e+00 -6.18740883e+01 -6.60196219e-08 
 6.13055792e+03  6.13055792e+03  0.00000000e+00 -6.18740883e+01 -6.79474296e-08 
 6.30957344e+03  6.30957344e+03  0.00000000e+00 -6.18740883e+01 -6.99315304e-08 
 6.49381632e+03  6.49381632e+03  0.00000000e+00 -6.18740883e+01 -7.19735679e-08 
 6.68343918e+03  6.68343918e+03  0.00000000e+00 -6.18740883e+01 -7.40752341e-08 
 6.87859912e+03  6.87859912e+03  0.00000000e+00 -6.18740883e+01 -7.62382700e-08 
 7.07945784e+03  7.07945784e+03  0.00000000e+00 -6.18740883e+01 -7.84644676e-08 
 7.28618175e+03  7.28618175e+03  0.00000000e+00 -6.18740883e+01 -8.07556715e-08 
 7.49894209e+03  7.49894209e+03  0.00000000e+00 -6.18740883e+01 -8.31137796e-08 
 7.71791516e+03  7.71791516e+03  0.00000000e+00 -6.18740883e+01 -8.55407458e-08 
 7.94328235e+03  7.94328235e+03  0.00000000e+00 -6.18740883e+01 -8.80385807e-08 
 8.17523038e+03  8.17523038e+03  0.00000000e+00 -6.18740883e+01 -9.06093537e-08 
 8.41395142e+03  8.41395142e+03  0.00000000e+00 -6.18740883e+01 -9.32551946e-08 
 8.65964323e+03  8.65964323e+03  0.00000000e+00 -6.18740883e+01 -9.59782954e-08 
 8.91250938e+03  8.91250938e+03  0.00000000e+00 -6.18740883e+01 -9.87809122e-08 
 9.17275935e+03  9.17275935e+03  0.00000000e+00 -6.18740883e+01 -1.01665367e-07 
 9.44060876e+03  9.44060876e+03  0.00000000e+00 -6.18740883e+01 -1.04634049e-07 
 9.71627952e+03  9.71627952e+03  0.00000000e+00 -6.18740883e+01 -1.07689419e-07 
 1.00000000e+04  1.00000000e+04  0.00000000e+00 -6.18740883e+01 -1.10834006e-07 
 1.02920053e+04  1.02920053e+04  0.00000000e+00 -6.18740883e+01 -1.14070418e-07 
 1.05925373e+04  1.05925373e+04  0.00000000e+00 -6.18740883e+01 -1.17401334e-07 
 1.09018449e+04  1.09018449e+04  0.00000000e+00 -6.18740883e+01 -1.20829515e-07 
 1.12201845e+04  1.12201845e+04  0.00000000e+00 -6.18740883e+01 -1.24357801e-07 
 1.15478198e+04  1.15478198e+04  0.00000000e+00 -6.18740883e+01 -1.27989114e-07 
 1.18850223e+04  1.18850223e+04  0.00000000e+00 -6.18740883e+01 -1.31726464e-07 
 1.22320712e+04  1.22320712e+04  0.00000000e+00 -6.18740883e+01 -1.35572946e-07 
 1.25892541e+04  1.25892541e+04  0.00000000e+00 -6.18740883e+01 -1.39531747e-07 
 1.29568670e+04  1.29568670e+04  0.00000000e+00 -6.18740883e+01 -1.43606148e-07 
 1.33352143e+04  1.33352143e+04  0.00000000e+00 -6.18740883e+01 -1.47799523e-07 
 1.37246096e+04  1.37246096e+04  0.00000000e+00 -6.18740883e+01 -1.52115347e-07 
 1.41253754e+04  1.41253754e+04  0.00000000e+00 -6.18740883e+01 -1.56557195e-07 
 1.45378439e+04  1.45378439e+04  0.00000000e+00 -6.18740883e+01 -1.61128748e-07 
 1.49623566e+04  1.49623566e+04  0.00000000e+00 -6.18740883e+01 -1.65833792e-07 
 1.53992653e+04  1.53992653e+04  0.00000000e+00 -6.18740883e+01 -1.70676227e-07 
 1.58489319e+04  1.58489319e+04  0.00000000e+00 -6.18740883e+01 -1.75660062e-07 
 1.63117291e+04  1.63117291e+04  0.00000000e+00 -6.18740883e+01 -1.80789429e-07 
 1.67880402e+04  1.67880402e+04  0.00000000e+00 -6.18740883e+01 -1.86068575e-07 
 1.72782598e+04  1.72782598e+04  0.00000000e+00 -6.18740883e+01 -1.91501876e-07 
 1.77827941e+04  1.77827941e+04  0.00000000e+00 -6.18740883e+01 -1.97093832e-07 
 1.83020611e+04  1.83020611e+04  0.00000000e+00 -6.18740883e+01 -2.02849075e-07 
 1.88364909e+04  1.88364909e+04  0.00000000e+00 -6.18740883e+01 -2.08772375e-07 
 1.93865264e+04  1.93865264e+04  0.00000000e+00 -6.18740883e+01 -2.14868639e-07 
 1.99526231e+04  1.99526231e+04  0.00000000e+00 -6.18740883e+01 -2.21142916e-07 
 2.05352503e+04  2.05352503e+04  0.00000000e+00 -6.18740883e+01 -2.27600406e-07 
 2.11348904e+04  2.11348904e+04  0.00000000e+00 -6.18740883e+01 -2.34246458e-07 
 2.17520403e+04  2.17520403e+04  0.00000000e+00 -6.18740883e+01 -2.41086578e-07 
 2.23872114e+04  2.23872114e+04  0.00000000e+00 -6.18740883e+01 -2.48126433e-07 
 2.30409298e+04  2.30409298e+04  0.00000000e+00 -6.18740883e+01 -2.55371856e-07 
 2.37137371e+04  2.37137371e+04  0.00000000e+00 -6.18740883e+01 -2.62828849e-07 
 2.44061907e+04  2.44061907e+04  0.00000000e+00 -6.18740883e+01 -2.70503590e-07 
 2.51188643e+04  2.51188643e+04  0.00000000e+00 -6.18740883e+01 -2.78402437e-07 
 2.58523484e+04  2.58523484e+04  0.00000000e+00 -6.18740883e+01 -2.86531935e-07 
 2.66072506e+04  2.66072506e+04  0.00000000e+00 -6.18740883e+01 -2.94898818e-07 
 2.73841963e+04  2.73841963e+04  0.00000000e+00 -6.18740883e+01 -3.03510019e-07 
 2.81838293e+04  2.81838293e+04  0.00000000e+00 -6.18740883e+01 -3.12372672e-07 
 2.90068120e+04  2.90068120e+04  0.00000000e+00 -6.18740883e+01 -3.21494119e-07 
 2.98538262e+04  2.98538262e+04  0.00000000e+00 -6.18740883e+01 -3.30881916e-07 
 3.07255737e+04  3.07255737e+04  0.00000000e+00 -6.18740883e+01 -3.40543843e-07 
 3.16227766e+04  3.16227766e+04  0.00000000e+00 -6.18740883e+01 -3.50487903e-07 
 3.25461783e+04  3.25461783e+04  0.00000000e+00 -6.18740883e+01 -3.60722334e-07 
 3.34965439e+04  3.34965439e+04  0.00000000e+00 -6.18740883e+01 -3.71255616e-07 
 3.44746607e+04  3.44746607e+04  0.00000000e+00 -6.18740883e+01 -3.82096476e-07 
 3.54813389e+04  3.54813389e+04  0.00000000e+00 -6.18740883e+01 -3.93253895e-07 
 3.65174127e+04  3.65174127e+04  0.00000000e+00 -6.18740883e+01 -4.04737116e-07 
 3.75837404e+04  3.75837404e+04  0.00000000e+00 -6.18740883e+01 -4.16555653e-07 
 3.86812055e+04  3.86812055e+04  0.00000000e+00 -6.18740883e+01 -4.28719298e-07 
 3.98107171e+04  3.98107171e+04  0.00000000e+00 -6.18740883e+01 -4.41238127e-07 
 4.09732110e+04  4.09732110e+04  0.00000000e+00 -6.18740883e+01 -4.54122513e-07 
 4.21696503e+04  4.21696503e+04  0.00000000e+00 -6.18740883e+01 -4.67383130e-07 
 4.34010264e+04  4.34010264e+04  0.00000000e+00 -6.18740883e+01 -4.81030964e-07 
 4.46683592e+04  4.46683592e+04  0.00000000e+00 -6.18740883e+01 -4.95077321e-07 
 4.59726989e+04  4.59726989e+04  0.00000000e+00 -6.18740883e+01 -5.09533840e-07 
 4.73151259e+04  4.73151259e+04  0.00000000e+00 -6.18740883e+01 -5.24412497e-07 
 4.86967525e+04  4.86967525e+04  0.00000000e+00 -6.18740883e+01 -5.39725618e-07 
 5.01187234e+04  5.01187234e+04  0.00000000e+00 -6.18740883e+01 -5.55485891e-07 
 5.15822165e+04  5.15822165e+04  0.00000000e+00 -6.18740883e+01 -5.71706372e-07 
 5.30884444e+04  5.30884444e+04  0.00000000e+00 -6.18740883e+01 -5.88400499e-07 
 5.46386550e+04  5.46386550e+04  0.00000000e+00 -6.18740883e+01 -6.05582104e-07 
 5.62341325e+04  5.62341325e+04  0.00000000e+00 -6.18740883e+01 -6.23265421e-07 
 5.78761988e+04  5.78761988e+04  0.00000000e+00 -6.18740883e+01 -6.41465099e-07 
 5.95662144e+04  5.95662144e+04  0.00000000e+00 -6.18740883e+01 -6.60196219e-07 
 6.13055792e+04  6.13055792e+04  0.00000000e+00 -6.18740883e+01 -6.79474296e-07 
 6.30957344e+04  6.30957344e+04  0.00000000e+00 -6.18740883e+01 -6.99315304e-07 
 6.49381632e+04  6.49381632e+04  0.00000000e+00 -6.18740883e+01 -7.19735679e-07 
 6.68343918e+04  6.68343918e+04  0.00000000e+00 -6.18740883e+01 -7.40752341e-07 
 6.87859912e+04  6.87859912e+04  0.00000000e+00 -6.18740883e+01 -7.62382700e-07 
 7.07945784e+04  7.07945784e+04  0.00000000e+00 -6.18740883e+01 -7.84644676e-07 
 7.28618175e+04  7.28618175e+04  0.00000000e+00 -6.18740883e+01 -8.07556714e-07 
 7.49894209e+04  7.49894209e+04  0.00000000e+00 -6.18740883e+01 -8.31137796e-07 
 7.71791516e+04  7.71791516e+04  0.00000000e+00 -6.18740883e+01 -8.55407458e-07 
 7.94328235e+04  7.94328235e+04  0.00000000e+00 -6.18740883e+01 -8.80385807e-07 
 8.17523038e+04  8.17523038e+04  0.00000000e+00 -6.18740883e+01 -9.06093536e-07 
 8.41395142e+04  8.41395142e+04  0.00000000e+00 -6.18740883e+01 -9.32551945e-07 
 8.65964323e+04  8.65964323e+04  0.00000000e+00 -6.18740883e+01 -9.59782954e-07 
 8.91250938e+04  8.91250938e+04  0.00000000e+00 -6.18740883e+01 -9.87809122e-07 
 9.17275935e+04  9.17275935e+04  0.00000000e+00 -6.18740883e+01 -1.01665367e-06 
 9.44060876e+04  9.44060876e+04  0.00000000e+00 -6.18740883e+01 -1.04634049e-06 
 9.71627952e+04  9.71627952e+04  0.00000000e+00 -6.18740883e+01 -1.07689419e-06 
 1.00000000e+05  1.00000000e+05  0.00000000e+00 -6.18740883e+01 -1.10834006e-06 
 1.02920053e+05  1.02920053e+05  0.00000000e+00 -6.18740883e+01 -1.14070418e-06 
 1.05925373e+05  1.05925373e+05  0.00000000e+00 -6.18740883e+01 -1.17401334e-06 
 1.09018449e+05  1.09018449e+05  0.00000000e+00 -6.18740883e+01 -1.20829515e-06 
 1.12201845e+05  1.12201845e+05  0.00000000e+00 -6.18740883e+01 -1.24357801e-06 
 1.15478198e+05  1.15478198e+05  0.00000000e+00 -6.18740883e+01 -1.27989114e-06 
 1.18850223e+05  1.18850223e+05  0.00000000e+00 -6.18740883e+01 -1.31726463e-06 
 1.22320712e+05  1.22320712e+05  0.00000000e+00 -6.18740883e+01 -1.35572946e-06 
 1.25892541e+05  1.25892541e+05  0.00000000e+00 -6.18740883e+01 -1.39531747e-06 
 1.29568670e+05  1.29568670e+05  0.00000000e+00 -6.18740883e+01 -1.43606148e-06 
 1.33352143e+05  1.33352143e+05  0.00000000e+00 -6.18740883e+01 -1.47799523e-06 
 1.37246096e+05  1.37246096e+05  0.00000000e+00 -6.18740883e+01 -1.52115347e-06 
 1.41253754e+05  1.41253754e+05  0.00000000e+00 -6.18740883e+01 -1.56557195e-06 
 1.45378439e+05  1.45378439e+05  0.00000000e+00 -6.18740883e+01 -1.61128748e-06 
 1.49623566e+05  1.49623566e+05  0.00000000e+00 -6.18740883e+01 -1.65833792e-06 
 1.53992653e+05  1.53992653e+05  0.00000000e+00 -6.18740883e+01 -1.70676226e-06 
 1.58489319e+05  1.58489319e+05  0.00000000e+00 -6.18740883e+01 -1.75660062e-06 
 1.63117291e+05  1.63117291e+05  0.00000000e+00 -6.18740883e+01 -1.80789429e-06 
 1.67880402e+05  1.67880402e+05  0.00000000e+00 -6.18740883e+01 -1.86068575e-06 
 1.72782598e+05  1.72782598e+05  0.00000000e+00 -6.18740883e+01 -1.91501876e-06 
 1.77827941e+05  1.77827941e+05  0.00000000e+00 -6.18740883e+01 -1.97093831e-06 
 1.83020611e+05  1.83020611e+05  0.00000000e+00 -6.18740883e+01 -2.02849075e-06 
 1.88364909e+05  1.88364909e+05  0.00000000e+00 -6.18740883e+01 -2.08772375e-06 
 1.93865264e+05  1.93865264e+05  0.00000000e+00 -6.18740883e+01 -2.14868639e-06 
 1.99526231e+05  1.99526231e+05  0.00000000e+00 -6.18740883e+01 -2.21142916e-06 
 2.05352503e+05  2.05352503e+05  0.00000000e+00 -6.18740883e+01 -2.27600406e-06 
 2.11348904e+05  2.11348904e+05  0.00000000e+00 -6.18740883e+01 -2.34246458e-06 
 2.17520403e+05  2.17520403e+05  0.00000000e+00 -6.18740883e+01 -2.41086578e-06 
 2.23872114e+05  2.23872114e+05  0.00000000e+00 -6.18740883e+01 -2.48126433e-06 
 2.30409298e+05  2.30409298e+05  0.00000000e+00 -6.18740883e+01 -2.55371855e-06 
 2.37137371e+05  2.37137371e+05  0.00000000e+00 -6.18740883e+01 -2.62828848e-06 
 2.44061907e+05  2.44061907e+05  0.00000000e+00 -6.18740883e+01 -2.70503589e-06 
 2.51188643e+05  2.51188643e+05  0.00000000e+00 -6.18740883e+01 -2.78402436e-06 
 2.58523484e+05  2.58523484e+05  0.00000000e+00 -6.18740883e+01 -2.86531934e-06 
 2.66072506e+05  2.66072506e+05  0.00000000e+00 -6.18740883e+01 -2.94898818e-06 
 2.73841963e+05  2.73841963e+05  0.00000000e+00 -6.18740883e+01 -3.03510019e-06 
 2.81838293e+05  2.81838293e+05  0.00000000e+00 -6.18740883e+01 -3.12372671e-06 
 2.90068120e+05  2.90068120e+05  0.00000000e+00 -6.18740883e+01 -3.21494118e-06 
 2.98538262e+05  2.98538262e+05  0.00000000e+00 -6.18740883e+01 -3.30881916e-06 
 3.07255737e+05  3.07255737e+05  0.00000000e+00 -6.18740883e+01 -3.40543842e-06 
 3.16227766e+05  3.16227766e+05  0.00000000e+00 -6.18740883e+01 -3.50487902e-06 
 3.25461783e+05  3.25461783e+05  0.00000000e+00 -6.18740883e+01 -3.60722333e-06 
 3.34965439e+05  3.34965439e+05  0.00000000e+00 -6.18740883e+01 -3.71255615e-06 
 3.44746607e+05  3.44746607e+05  0.00000000e+00 -6.18740883e+01 -3.82096475e-06 
 3.54813389e+05  3.54813389e+05  0.00000000e+00 -6.18740883e+01 -3.93253893e-06 
 3.65174127e+05  3.65174127e+05  0.00000000e+00 -6.18740883e+01 -4.04737114e-06 
 3.75837404e+05  3.75837404e+05  0.00000000e+00 -6.18740883e+01 -4.16555651e-06 
 3.86812055e+05  3.86812055e+05  0.00000000e+00 -6.18740883e+01 -4.28719296e-06 
 3.98107171e+05  3.98107171e+05  0.00000000e+00 -6.18740883e+01 -4.41238125e-06 
 4.09732110e+05  4.09732110e+05  0.00000000e+00 -6.18740883e+01 -4.54122511e-06 
 4.21696503e+05  4.21696503e+05  0.00000000e+00 -6.18740883e+01 -4.67383128e-06 
 4.34010264e+05  4.34010264e+05  0.00000000e+00 -6.18740883e+01 -4.81030961e-06 
 4.46683592e+05  4.46683592e+05  0.00000000e+00 -6.18740883e+01 -4.95077319e-06 
 4.59726989e+05  4.59726989e+05  0.00000000e+00 -6.18740883e+01 -5.09533837e-06 
 4.73151259e+05  4.73151259e+05  0.00000000e+00 -6.18740883e+01 -5.24412494e-06 
 4.86967525e+05  4.86967525e+05  0.00000000e+00 -6.18740883e+01 -5.39725615e-06 
 5.01187234e+05  5.01187234e+05  0.00000000e+00 -6.18740883e+01 -5.55485887e-06 
 5.15822165e+05  5.15822165e+05  0.00000000e+00 -6.18740883e+01 -5.71706368e-06 
 5.30884444e+05  5.30884444e+05  0.00000000e+00 -6.18740883e+01 -5.88400495e-06 
 5.46386550e+05  5.46386550e+05  0.00000000e+00 -6.18740883e+01 -6.05582099e-06 
 5.62341325e+05  5.62341325e+05  0.00000000e+00 -6.18740883e+01 -6.23265415e-06 
 5.78761988e+05  5.78761988e+05  0.00000000e+00 -6.18740883e+01 -6.41465094e-06 
 5.95662144e+05  5.95662144e+05  0.00000000e+00 -6.18740883e+01 -6.60196212e-06 
 6.13055792e+05  6.13055792e+05  0.00000000e+00 -6.18740883e+01 -6.79474289e-06 
 6.30957344e+05  6.30957344e+05  0.00000000e+00 -6.18740883e+01 -6.99315296e-06 
 6.49381632e+05  6.49381632e+05  0.00000000e+00 -6.18740883e+01 -7.19735671e-06 
 6.68343918e+05  6.68343918e+05  0.00000000e+00 -6.18740883e+01 -7.40752332e-06 
 6.87859912e+05  6.87859912e+05  0.00000000e+00 -6.18740883e+01 -7.62382690e-06 
 7.07945784e+05  7.07945784e+05  0.00000000e+00 -6.18740883e+01 -7.84644665e-06 
 7.28618175e+05  7.28618175e+05  0.00000000e+00 -6.18740883e+01 -8.07556703e-06 
 7.49894209e+05  7.49894209e+05  0.00000000e+00 -6.18740883e+01 -8.31137783e-06 
 7.71791516e+05  7.71791516e+05  0.00000000e+00 -6.18740883e+01 -8.55407444e-06 
 7.94328235e+05  7.94328235e+05  0.00000000e+00 -6.18740883e+01 -8.80385792e-06 
 8.17523038e+05  8.17523038e+05  0.00000000e+00 -6.18740883e+01 -9.06093520e-06 
 8.41395142e+05  8.41395142e+05  0.00000000e+00 -6.18740883e+01 -9.32551927e-06 
 8.65964323e+05  8.65964323e+05  0.00000000e+00 -6.18740883e+01 -9.59782934e-06 
 8.91250938e+05  8.91250938e+05  0.00000000e+00 -6.18740883e+01 -9.87809101e-06 
 9.17275935e+05  9.17275935e+05  0.00000000e+00 -6.18740883e+01 -1.01665365e-05 
 9.44060876e+05  9.44060876e+05  0.00000000e+00 -6.18740883e+01 -1.04634047e-05 
 9.71627952e+05  9.71627952e+05  0.00000000e+00 -6.18740883e+01 -1.07689416e-05 
 1.00000000e+06  1.00000000e+06  0.00000000e+00 -6.18740883e+01 -1.10834003e-05 
 1.02920053e+06  1.02920053e+06  0.00000000e+00 -6.18740883e+01 -1.14070415e-05 
 1.05925373e+06  1.05925373e+06  0.00000000e+00 -6.18740883e+01 -1.17401331e-05 
 1.09018449e+06  1.09018449e+06  0.00000000e+00 -6.18740884e+01 -1.20829511e-05 
 1.12201845e+06  1.12201845e+06  0.00000000e+00 -6.18740884e+01 -1.24357796e-05 
 1.15478198e+06  1.15478198e+06  0.00000000e+00 -6.18740884e+01 -1.27989109e-05 
 1.18850223e+06  1.18850223e+06  0.00000000e+00 -6.18740884e+01 -1.31726458e-05 
 1.22320712e+06  1.22320712e+06  0.00000000e+00 -6.18740884e+01 -1.35572940e-05 
 1.25892541e+06  1.25892541e+06  0.00000000e+00 -6.18740884e+01 -1.39531741e-05 
 1.29568670e+06  1.29568670e+06  0.00000000e+00 -6.18740884e+01 -1.43606141e-05 
 1.33352143e+06  1.33352143e+06  0.00000000e+00 -6.18740884e+01 -1.47799516e-05 
 1.37246096e+06  1.37246096e+06  0.00000000e+00 -6.18740884e+01 -1.52115339e-05 
 1.41253754e+06  1.41253754e+06  0.00000000e+00 -6.18740884e+01 -1.56557187e-05 
 1.45378439e+06  1.45378439e+06  0.00000000e+00 -6.18740884e+01 -1.61128739e-05 
 1.49623566e+06  1.49623566e+06  0.00000000e+00 -6.18740884e+01 -1.65833782e-05 
 1.53992653e+06  1.53992653e+06  0.00000000e+00 -6.18740884e+01 -1.70676215e-05 
 1.58489319e+06  1.58489319e+06  0.00000000e+00 -6.18740884e+01 -1.75660050e-05 
 1.63117291e+06  1.63117291e+06  0.00000000e+00 -6.18740884e+01 -1.80789415e-05 
 1.67880402e+06  1.67880402e+06  0.00000000e+00 -6.18740884e+01 -1.86068561e-05 
 1.72782598e+06  1.72782598e+06  0.00000000e+00 -6.18740884e+01 -1.91501860e-05 
 1.77827941e+06  1.77827941e+06  0.00000000e+00 -6.18740884e+01 -1.97093814e-05 
 1.83020611e+06  1.83020611e+06  0.00000000e+00 -6.18740884e+01 -2.02849057e-05 
 1.88364909e+06  1.88364909e+06  0.00000000e+00 -6.18740884e+01 -2.08772355e-05 
 1.93865264e+06  1.93865264e+06  0.00000000e+00 -6.18740884e+01 -2.14868616e-05 
 1.99526231e+06  1.99526231e+06  0.00000000e+00 -6.18740884e+01 -2.21142892e-05 
 2.05352503e+06  2.05352503e+06  0.00000000e+00 -6.18740884e+01 -2.27600379e-05 
 2.11348904e+06  2.11348904e+06  0.00000000e+00 -6.18740884e+01 -2.34246429e-05 
 2.17520403e+06  2.17520403e+06  0.00000000e+00 -6.18740884e+01 -2.41086546e-05 
 2.23872114e+06  2.23872114e+06  0.00000000e+00 -6.18740884e+01 -2.48126399e-05 
 2.30409298e+06  2.30409298e+06  0.00000000e+00 -6.18740884e+01 -2.55371818e-05 
 2.37137371e+06  2.37137371e+06  0.00000000e+00 -6.18740884e+01 -2.62828808e-05 
 2.44061907e+06  2.44061907e+06  0.00000000e+00 -6.18740884e+01 -2.70503545e-05 
 2.51188643e+06  2.51188643e+06  0.00000000e+00 -6.18740884e+01 -2.78402388e-05 
 2.58523484e+06  2.58523484e+06  0.00000000e+00 -6.18740885e+01 -2.86531882e-05 
 2.66072506e+06  2.66072506e+06  0.00000000e+00 -6.18740885e+01 -2.94898761e-05 
 2.73841963e+06  2.73841963e+06  0.00000000e+00 -6.18740885e+01 -3.03509956e-05 
 2.81838293e+06  2.81838293e+06  0.00000000e+00 -6.18740885e+01 -3.12372603e-05 
 2.90068120e+06  2.90068120e+06  0.00000000e+00 -6.18740885e+01 -3.21494044e-05 
 2.98538262e+06  2.98538262e+06  0.00000000e+00 -6.18740885e+01 -3.30881835e-05 
 3.07255737e+06  3.07255737e+06  0.00000000e+00 -6.18740885e+01 -3.40543754e-05 
 3.16227766e+06  3.16227766e+06  0.00000000e+00 -6.18740885e+01 -3.50487806e-05 
 3.25461783e+06  3.25461783e+06  0.00000000e+00 -6.18740885e+01 -3.60722228e-05 
 3.34965439e+06  3.34965439e+06  0.00000000e+00 -6.18740885e+01 -3.71255501e-05 
 3.44746607e+06  3.44746607e+06  0.00000000e+00 -6.18740885e+01 -3.82096350e-05 
 3.54813389e+06  3.54813389e+06  0.00000000e+00 -6.18740886e+01 -3.93253758e-05 
 3.65174127e+06  3.65174127e+06  0.00000000e+00 -6.18740886e+01 -4.04736966e-05 
 3.75837404e+06  3.75837404e+06  0.00000000e+00 -6.18740886e+01 -4.16555490e-05 
 3.86812055e+06  3.86812055e+06  0.00000000e+00 -6.18740886e+01 -4.28719120e-05 
 3.98107171e+06  3.98107171e+06  0.00000000e+00 -6.18740886e+01 -4.41237933e-05 
 4.09732110e+06  4.09732110e+06  0.00000000e+00 -6.18740886e+01 -4.54122302e-05 
 4.21696503e+06  4.21696503e+06  0.00000000e+00 -6.18740887e+01 -4.67382900e-05 
 4.34010264e+06  4.34010264e+06  0.00000000e+00 -6.18740887e+01 -4.81030713e-05 
 4.46683592e+06  4.46683592e+06  0.00000000e+00 -6.18740887e+01 -4.95077048e-05 
 4.59726989e+06  4.59726989e+06  0.00000000e+00 -6.18740887e+01 -5.09533542e-05 
 4.73151259e+06  4.73151259e+06  0.00000000e+00 -6.18740887e+01 -5.24412172e-05 
 4.86967525e+06  4.86967525e+06  0.00000000e+00 -6.18740888e+01 -5.39725264e-05 
 5.01187234e+06  5.01187234e+06  0.00000000e+00 -6.18740888e+01 -5.55485505e-05 
 5.15822165e+06  5.15822165e+06  0.00000000e+00 -6.18740888e+01 -5.71705951e-05 
 5.30884444e+06  5.30884444e+06  0.00000000e+00 -6.18740888e+01 -5.88400040e-05 
 5.46386550e+06  5.46386550e+06  0.00000000e+00 -6.18740889e+01 -6.05581603e-05 
 5.62341325e+06  5.62341325e+06  0.00000000e+00 -6.18740889e+01 -6.23264875e-05 
 5.78761988e+06  5.78761988e+06  0.00000000e+00 -6.18740889e+01 -6.41464505e-05 
 5.95662144e+06  5.95662144e+06  0.00000000e+00 -6.18740890e+01 -6.60195570e-05 
 6.13055792e+06  6.13055792e+06  0.00000000e+00 -6.18740890e+01 -6.79473589e-05 
 6.30957344e+06  6.30957344e+06  0.00000000e+00 -6.18740891e+01 -6.99314533e-05 
 6.49381632e+06  6.49381632e+06  0.00000000e+00 -6.18740891e+01 -7.19734839e-05 
 6.68343918e+06  6.68343918e+06  0.00000000e+00 -6.18740891e+01 -7.40751425e-05 
 6.87859912e+06  6.87859912e+06  0.00000000e+00 -6.18740892e+01 -7.62381701e-05 
 7.07945784e+06  7.07945784e+06  0.00000000e+00 -6.18740892e+01 -7.84643587e-05 
 7.28618175e+06  7.28618175e+06  0.00000000e+00 -6.18740893e+01 -8.07555527e-05 
 7.49894209e+06  7.49894209e+06  0.00000000e+00 -6.18740894e+01 -8.31136502e-05 
 7.71791516e+06  7.71791516e+06  0.00000000e+00 -6.18740894e+01 -8.55406047e-05 
 7.94328235e+06  7.94328235e+06  0.00000000e+00 -6.18740895e+01 -8.80384269e-05 
 8.17523038e+06  8.17523038e+06  0.00000000e+00 -6.18740895e+01 -9.06091860e-05 
 8.41395142e+06  8.41395142e+06  0.00000000e+00 -6.18740896e+01 -9.32550117e-05 
 8.65964323e+06  8.65964323e+06  0.00000000e+00 -6.18740897e+01 -9.59780961e-05 
 8.91250938e+06  8.91250938e+06  0.00000000e+00 -6.18740898e+01 -9.87806950e-05 
 9.17275935e+06  9.17275935e+06  0.00000000e+00 -6.18740899e+01 -1.01665130e-04 
 9.44060876e+06  9.44060876e+06  0.00000000e+00 -6.18740899e+01 -1.04633791e-04 
 9.71627952e+06  9.71627952e+06  0.00000000e+00 -6.18740900e+01 -1.07689137e-04 
 1.00000000e+07  1.00000000e+07  0.00000000e+00 -6.18740901e+01 -1.10833700e-04 
 1.02920053e+07  1.02920053e+07  0.00000000e+00 -6.18740903e+01 -1.14070083e-04 
 1.05925373e+07  1.05925373e+07  0.00000000e+00 -6.18740904e+01 -1.17400969e-04 
 1.09018449e+07  1.09018449e+07  0.00000000e+00 -6.18740905e+01 -1.20829117e-04 
 1.12201845e+07  1.12201845e+07  0.00000000e+00 -6.18740906e+01 -1.24357367e-04 
 1.15478198e+07  1.15478198e+07  0.00000000e+00 -6.18740908e+01 -1.27988641e-04 
 1.18850223e+07  1.18850223e+07  0.00000000e+00 -6.18740909e+01 -1.31725948e-04 
 1.22320712e+07  1.22320712e+07  0.00000000e+00 -6.18740910e+01 -1.35572384e-04 
 1.25892541e+07  1.25892541e+07  0.00000000e+00 -6.18740912e+01 -1.39531135e-04 
 1.29568670e+07  1.29568670e+07  0.00000000e+00 -6.18740914e+01 -1.43605480e-04 
 1.33352143e+07  1.33352143e+07  0.00000000e+00 -6.18740916e+01 -1.47798795e-04 
 1.37246096e+07  1.37246096e+07  0.00000000e+00 -6.18740918e+01 -1.52114554e-04 
 1.41253754e+07  1.41253754e+07  0.00000000e+00 -6.18740920e+01 -1.56556330e-04 
 1.45378439e+07  1.45378439e+07  0.00000000e+00 -6.18740922e+01 -1.61127805e-04 
 1.49623566e+07  1.49623566e+07  0.00000000e+00 -6.18740924e+01 -1.65832764e-04 
 1.53992653e+07  1.53992653e+07  0.00000000e+00 -6.18740926e+01 -1.70675106e-04 
 1.58489319e+07  1.58489319e+07  0.00000000e+00 -6.18740929e+01 -1.75658840e-04 
 1.63117291e+07  1.63117291e+07  0.00000000e+00 -6.18740932e+01 -1.80788097e-04 
 1.67880402e+07  1.67880402e+07  0.00000000e+00 -6.18740934e+01 -1.86067123e-04 
 1.72782598e+07  1.72782598e+07  0.00000000e+00 -6.18740938e+01 -1.91500293e-04 
 1.77827941e+07  1.77827941e+07  0.00000000e+00 -6.18740941e+01 -1.97092106e-04 
 1.83020611e+07  1.83020611e+07  0.00000000e+00 -6.18740944e+01 -2.02847194e-04 
 1.88364909e+07  1.88364909e+07  0.00000000e+00 -6.18740948e+01 -2.08770324e-04 
 1.93865264e+07  1.93865264e+07  0.00000000e+00 -6.18740952e+01 -2.14866403e-04 
 1.99526231e+07  1.99526231e+07  0.00000000e+00 -6.18740956e+01 -2.21140478e-04 
 2.05352503e+07  2.05352503e+07  0.00000000e+00 -6.18740960e+01 -2.27597748e-04 
 2.11348904e+07  2.11348904e+07  0.00000000e+00 -6.18740964e+01 -2.34243560e-04 
 2.17520403e+07  2.17520403e+07  0.00000000e+00 -6.18740969e+01 -2.41083419e-04 
 2.23872114e+07  2.23872114e+07  0.00000000e+00 -6.18740974e+01 -2.48122990e-04 
 2.30409298e+07  2.30409298e+07  0.00000000e+00 -6.18740980e+01 -2.55368102e-04 
 2.37137371e+07  2.37137371e+07  0.00000000e+00 -6.18740985e+01 -2.62824756e-04 
 2.44061907e+07  2.44061907e+07  0.00000000e+00 -6.18740992e+01 -2.70499128e-04 
 2.51188643e+07  2.51188643e+07  0.00000000e+00 -6.18740998e+01 -2.78397573e-04 
 2.58523484e+07  2.58523484e+07  0.00000000e+00 -6.18741005e+01 -2.86526632e-04 
 2.66072506e+07  2.66072506e+07  0.00000000e+00 -6.18741012e+01 -2.94893037e-04 
 2.73841963e+07  2.73841963e+07  0.00000000e+00 -6.18741020e+01 -3.03503717e-04 
 2.81838293e+07  2.81838293e+07  0.00000000e+00 -6.18741028e+01 -3.12365801e-04 
 2.90068120e+07  2.90068120e+07  0.00000000e+00 -6.18741036e+01 -3.21486628e-04 
 2.98538262e+07  2.98538262e+07  0.00000000e+00 -6.18741045e+01 -3.30873751e-04 
 3.07255737e+07  3.07255737e+07  0.00000000e+00 -6.18741055e+01 -3.40534940e-04 
 3.16227766e+07  3.16227766e+07  0.00000000e+00 -6.18741065e+01 -3.50478197e-04 
 3.25461783e+07  3.25461783e+07  0.00000000e+00 -6.18741076e+01 -3.60711754e-04 
 3.34965439e+07  3.34965439e+07  0.00000000e+00 -6.18741087e+01 -3.71244082e-04 
 3.44746607e+07  3.44746607e+07  0.00000000e+00 -6.18741099e+01 -3.82083901e-04 
 3.54813389e+07  3.54813389e+07  0.00000000e+00 -6.18741112e+01 -3.93240186e-04 
 3.65174127e+07  3.65174127e+07  0.00000000e+00 -6.18741126e+01 -4.04722171e-04 
 3.75837404e+07  3.75837404e+07  0.00000000e+00 -6.18741140e+01 -4.16539360e-04 
 3.86812055e+07  3.86812055e+07  0.00000000e+00 -6.18741155e+01 -4.28701535e-04 
 3.98107171e+07  3.98107171e+07  0.00000000e+00 -6.18741171e+01 -4.41218763e-04 
 4.09732110e+07  4.09732110e+07  0.00000000e+00 -6.18741188e+01 -4.54101402e-04 
 4.21696503e+07  4.21696503e+07  0.00000000e+00 -6.18741206e+01 -4.67360115e-04 
 4.34010264e+07  4.34010264e+07  0.00000000e+00 -6.18741225e+01 -4.81005874e-04 
 4.46683592e+07  4.46683592e+07  0.00000000e+00 -6.18741246e+01 -4.95049969e-04 
 4.59726989e+07  4.59726989e+07  0.00000000e+00 -6.18741267e+01 -5.09504021e-04 
 4.73151259e+07  4.73151259e+07  0.00000000e+00 -6.18741290e+01 -5.24379988e-04 
 4.86967525e+07  4.86967525e+07  0.00000000e+00 -6.18741314e+01 -5.39690178e-04 
 5.01187234e+07  5.01187234e+07  0.00000000e+00 -6.18741340e+01 -5.55447255e-04 
 5.15822165e+07  5.15822165e+07  0.00000000e+00 -6.18741367e+01 -5.71664251e-04 
 5.30884444e+07  5.30884444e+07  0.00000000e+00 -6.18741395e+01 -5.88354580e-04 
 5.46386550e+07  5.46386550e+07  0.00000000e+00 -6.18741426e+01 -6.05532044e-04 
 5.62341325e+07  5.62341325e+07  0.00000000e+00 -6.18741458e+01 -6.23210846e-04 
 5.78761988e+07  5.78761988e+07  0.00000000e+00 -6.18741492e+01 -6.41405604e-04 
 5.95662144e+07  5.95662144e+07  0.00000000e+00 -6.18741528e+01 -6.60131357e-04 
 6.13055792e+07  6.13055792e+07  0.00000000e+00 -6.18741566e+01 -6.79403586e-04 
 6.30957344e+07  6.30957344e+07  0.00000000e+00 -6.18741606e+01 -6.99238217e-04 
 6.49381632e+07  6.49381632e+07  0.00000000e+00 -6.18741649e+01 -7.19651641e-04 
 6.68343918e+07  6.68343918e+07  0.00000000e+00 -6.18741695e+01 -7.40660723e-04 
 6.87859912e+07  6.87859912e+07  0.00000000e+00 -6.18741743e+01 -7.62282820e-04 
 7.07945784e+07  7.07945784e+07  0.00000000e+00 -6.18741794e+01 -7.84535790e-04 
 7.28618175e+07  7.28618175e+07  0.00000000e+00 -6.18741848e+01 -8.07438009e-04 
 7.49894209e+07  7.49894209e+07  0.00000000e+00 -6.18741905e+01 -8.31008386e-04 
 7.71791516e+07  7.71791516e+07  0.00000000e+00 -6.18741965e+01 -8.55266378e-04 
 7.94328235e+07  7.94328235e+07  0.00000000e+00 -6.18742029e+01 -8.80232004e-04 
 8.17523038e+07  8.17523038e+07  0.00000000e+00 -6.18742097e+01 -9.05925864e-04 
 8.41395142e+07  8.41395142e+07  0.00000000e+00 -6.18742169e+01 -9.32369153e-04 
 8.65964323e+07  8.65964323e+07  0.00000000e+00 -6.18742245e+01 -9.59583678e-04 
 8.91250938e+07  8.91250938e+07  0.00000000e+00 -6.18742326e+01 -9.87591877e-04 
 9.17275935e+07  9.17275935e+07  0.00000000e+00 -6.18742412e+01 -1.01641683e-03 
 9.44060876e+07  9.44060876e+07  0.00000000e+00 -6.18742502e+01 -1.04608230e-03 
 9.71627952e+07  9.71627952e+07  0.00000000e+00 -6.18742598e+01 -1.07661271e-03 
 1.00000000e+08  1.00000000e+08  0.00000000e+00 -6.18742700e+01 -1.10803321e-03 
 1.02920053e+08  1.02920053e+08  0.00000000e+00 -6.18742807e+01 -1.14036965e-03 
 1.05925373e+08  1.05925373e+08  0.00000000e+00 -6.18742921e+01 -1.17364865e-03 
 1.09018449e+08  1.09018449e+08  0.00000000e+00 -6.18743042e+01 -1.20789758e-03 
 1.12201845e+08  1.12201845e+08  0.00000000e+00 -6.18743170e+01 -1.24314458e-03 
 1.15478198e+08  1.15478198e+08  0.00000000e+00 -6.18743305e+01 -1.27941863e-03 
 1.18850223e+08  1.18850223e+08  0.00000000e+00 -6.18743449e+01 -1.31674952e-03 
 1.22320712e+08  1.22320712e+08  0.00000000e+00 -6.18743601e+01 -1.35516790e-03 
 1.25892541e+08  1.25892541e+08  0.00000000e+00 -6.18743762e+01 -1.39470528e-03 
 1.29568670e+08  1.29568670e+08  0.00000000e+00 -6.18743932e+01 -1.43539409e-03 
 1.33352143e+08  1.33352143e+08  0.00000000e+00 -6.18744113e+01 -1.47726766e-03 
 1.37246096e+08  1.37246096e+08  0.00000000e+00 -6.18744304e+01 -1.52036030e-03 
 1.41253754e+08  1.41253754e+08  0.00000000e+00 -6.18744507e+01 -1.56470727e-03 
 1.45378439e+08  1.45378439e+08  0.00000000e+00 -6.18744721e+01 -1.61034484e-03 
 1.49623566e+08  1.49623566e+08  0.00000000e+00 -6.18744949e+01 -1.65731030e-03 
 1.53992653e+08  1.53992653e+08  0.00000000e+00 -6.18745189e+01 -1.70564199e-03 
 1.58489319e+08  1.58489319e+08  0.00000000e+00 -6.18745444e+01 -1.75537935e-03 
 1.63117291e+08  1.63117291e+08  0.00000000e+00 -6.18745714e+01 -1.80656291e-03 
 1.67880402e+08  1.67880402e+08  0.00000000e+00 -6.18746001e+01 -1.85923435e-03 
 1.72782598e+08  1.72782598e+08  0.00000000e+00 -6.18746304e+01 -1.91343650e-03 
 1.77827941e+08  1.77827941e+08  0.00000000e+00 -6.18746625e+01 -1.96921342e-03 
 1.83020611e+08  1.83020611e+08  0.00000000e+00 -6.18746964e+01 -2.02661037e-03 
 1.88364909e+08  1.88364909e+08  0.00000000e+00 -6.18747325e+01 -2.08567386e-03 
 1.93865264e+08  1.93865264e+08  0.00000000e+00 -6.18747706e+01 -2.14645171e-03 
 1.99526231e+08  1.99526231e+08  0.00000000e+00 -6.18748110e+01 -2.20899305e-03 
 2.05352503e+08  2.05352503e+08  0.00000000e+00 -6.18748538e+01 -2.27334837e-03 
 2.11348904e+08  2.11348904e+08  0.00000000e+00 -6.18748991e+01 -2.33956952e-03 
 2.17520403e+08  2.17520403e+08  0.00000000e+00 -6.18749471e+01 -2.40770978e-03 
 2.23872114e+08  2.23872114e+08  0.00000000e+00 -6.18749979e+01 -2.47782389e-03 
 2.30409298e+08  2.30409298e+08  0.00000000e+00 -6.18750518e+01 -2.54996804e-03 
 2.37137371e+08  2.37137371e+08  0.00000000e+00 -6.18751088e+01 -2.62419997e-03 
 2.44061907e+08  2.44061907e+08  0.00000000e+00 -6.18751692e+01 -2.70057893e-03 
 2.51188643e+08  2.51188643e+08  0.00000000e+00 -6.18752331e+01 -2.77916577e-03 
 2.58523484e+08  2.58523484e+08  0.00000000e+00 -6.18753009e+01 -2.86002294e-03 
 2.66072506e+08  2.66072506e+08  0.00000000e+00 -6.18753726e+01 -2.94321454e-03 
 2.73841963e+08  2.73841963e+08  0.00000000e+00 -6.18754486e+01 -3.02880634e-03 
 2.81838293e+08  2.81838293e+08  0.00000000e+00 -6.18755291e+01 -3.11686582e-03 
 2.90068120e+08  2.90068120e+08  0.00000000e+00 -6.18756143e+01 -3.20746219e-03 
 2.98538262e+08  2.98538262e+08  0.00000000e+00 -6.18757046e+01 -3.30066642e-03 
 3.07255737e+08  3.07255737e+08  0.00000000e+00 -6.18758001e+01 -3.39655129e-03 
 3.16227766e+08  3.16227766e+08  0.00000000e+00 -6.18759014e+01 -3.49519140e-03 
 3.25461783e+08  3.25461783e+08  0.00000000e+00 -6.18760086e+01 -3.59666319e-03 
 3.34965439e+08  3.34965439e+08  0.00000000e+00 -6.18761221e+01 -3.70104498e-03 
 3.44746607e+08  3.44746607e+08  0.00000000e+00 -6.18762423e+01 -3.80841698e-03 
 3.54813389e+08  3.54813389e+08  0.00000000e+00 -6.18763696e+01 -3.91886131e-03 
 3.65174127e+08  3.65174127e+08  0.00000000e+00 -6.18765044e+01 -4.03246205e-03 
 3.75837404e+08  3.75837404e+08  0.00000000e+00 -6.18766472e+01 -4.14930521e-03 
 3.86812055e+08  3.86812055e+08  0.00000000e+00 -6.18767984e+01 -4.26947875e-03 
 3.98107171e+08  3.98107171e+08  0.00000000e+00 -6.18769584e+01 -4.39307264e-03 
 4.09732110e+08  4.09732110e+08  0.00000000e+00 -6.18771279e+01 -4.52017878e-03 
 4.21696503e+08  4.21696503e+08  0.00000000e+00 -6.18773074e+01 -4.65089107e-03 
 4.34010264e+08  4.34010264e+08  0.00000000e+00 -6.18774974e+01 -4.78530538e-03 
 4.46683592e+08  4.46683592e+08  0.00000000e+00 -6.18776986e+01 -4.92351953e-03 
 4.59726989e+08  4.59726989e+08  0.00000000e+00 -6.18779116e+01 -5.06563329e-03 
 4.73151259e+08  4.73151259e+08  0.00000000e+00 -6.18781372e+01 -5.21174834e-03 
 4.86967525e+08  4.86967525e+08  0.00000000e+00 -6.18783759e+01 -5.36196825e-03 
 5.01187234e+08  5.01187234e+08  0.00000000e+00 -6.18786287e+01 -5.51639844e-03 
 5.15822165e+08  5.15822165e+08  0.00000000e+00 -6.18788963e+01 -5.67514613e-03 
 5.30884444e+08  5.30884444e+08  0.00000000e+00 -6.18791796e+01 -5.83832026e-03 
 5.46386550e+08  5.46386550e+08  0.00000000e+00 -6.18794795e+01 -6.00603145e-03 
 5.62341325e+08  5.62341325e+08  0.00000000e+00 -6.18797969e+01 -6.17839191e-03 
 5.78761988e+08  5.78761988e+08  0.00000000e+00 -6.18801329e+01 -6.35551533e-03 
 5.95662144e+08  5.95662144e+08  0.00000000e+00 -6.18804885e+01 -6.53751677e-03 
 6.13055792e+08  6.13055792e+08  0.00000000e+00 -6.18808649e+01 -6.72451253e-03 
 6.30957344e+08  6.30957344e+08  0.00000000e+00 -6.18812632e+01 -6.91662002e-03 
 6.49381632e+08  6.49381632e+08  0.00000000e+00 -6.18816848e+01 -7.11395758e-03 
 6.68343918e+08  6.68343918e+08  0.00000000e+00 -6.18821309e+01 -7.31664430e-03 
 6.87859912e+08  6.87859912e+08  0.00000000e+00 -6.18826029e+01 -7.52479979e-03 
 7.07945784e+08  7.07945784e+08  0.00000000e+00 -6.18831024e+01 -7.73854397e-03 
 7.28618175e+08  7.28618175e+08  0.00000000e+00 -6.18836309e+01 -7.95799680e-03 
 7.49894209e+08  7.49894209e+08  0.00000000e+00 -6.18841900e+01 -8.18327796e-03 
 7.71791516e+08  7.71791516e+08  0.00000000e+00 -6.18847814e+01 -8.41450657e-03 
 7.94328235e+08  7.94328235e+08  0.00000000e+00 -6.18854071e+01 -8.65180079e-03 
 8.17523038e+08  8.17523038e+08  0.00000000e+00 -6.18860688e+01 -8.89527745e-03 
 8.41395142e+08  8.41395142e+08  0.00000000e+00 -6.18867687e+01 -9.14505158e-03 
 8.65964323e+08  8.65964323e+08  0.00000000e+00 -6.18875089e+01 -9.40123597e-03 
 8.91250938e+08  8.91250938e+08  0.00000000e+00 -6.18882916e+01 -9.66394057e-03 
 9.17275935e+08  9.17275935e+08  0.00000000e+00 -6.18891191e+01 -9.93327198e-03 
 9.44060876e+08  9.44060876e+08  0.00000000e+00 -6.18899940e+01 -1.02093328e-02 
 9.71627952e+08  9.71627952e+08  0.00000000e+00 -6.18909188e+01 -1.04922208e-02 
 1.00000000e+09  1.00000000e+09  0.00000000e+00 -6.18918963e+01 -1.07820285e-02 
 1.02920053e+09  1.02920053e+09  0.00000000e+00 -6.18929294e+01 -1.10788418e-02 
 1.05925373e+09  1.05925373e+09  0.00000000e+00 -6.18940211e+01 -1.13827397e-02 
 1.09018449e+09  1.09018449e+09  0.00000000e+00 -6.18951744e+01 -1.16937928e-02 
 1.12201845e+09  1.12201845e+09  0.00000000e+00 -6.18963929e+01 -1.20120627e-02 
 1.15478198e+09  1.15478198e+09  0.00000000e+00 -6.18976798e+01 -1.23376002e-02 
 1.18850223e+09  1.18850223e+09  0.00000000e+00 -6.18990388e+01 -1.26704449e-02 
 1.22320712e+09  1.22320712e+09  0.00000000e+00 -6.19004737e+01 -1.30106232e-02 
 1.25892541e+09  1.25892541e+09  0.00000000e+00 -6.19019886e+01 -1.33581472e-02 
 1.29568670e+09  1.29568670e+09  0.00000000e+00 -6.19035874e+01 -1.37130131e-02 
 1.33352143e+09  1.33352143e+09  0.00000000e+00 -6.19052745e+01 -1.40751992e-02 
 1.37246096e+09  1.37246096e+09  0.00000000e+00 -6.19070544e+01 -1.44446648e-02 
 1.41253754e+09  1.41253754e+09  0.00000000e+00 -6.19089317e+01 -1.48213477e-02 
 1.45378439e+09  1.45378439e+09  0.00000000e+00 -6.19109114e+01 -1.52051625e-02 
 1.49623566e+09  1.49623566e+09  0.00000000e+00 -6.19129984e+01 -1.55959984e-02 
 1.53992653e+09  1.53992653e+09  0.00000000e+00 -6.19151979e+01 -1.59937168e-02 
 1.58489319e+09  1.58489319e+09  0.00000000e+00 -6.19175154e+01 -1.63981488e-02 
 1.63117291e+09  1.63117291e+09  0.00000000e+00 -6.19199565e+01 -1.68090932e-02 
 1.67880402e+09  1.67880402e+09  0.00000000e+00 -6.19225268e+01 -1.72263131e-02 
 1.72782598e+09  1.72782598e+09  0.00000000e+00 -6.19252323e+01 -1.76495335e-02 
 1.77827941e+09  1.77827941e+09  0.00000000e+00 -6.19280791e+01 -1.80784383e-02 
 1.83020611e+09  1.83020611e+09  0.00000000e+00 -6.19310735e+01 -1.85126671e-02 
 1.88364909e+09  1.88364909e+09  0.00000000e+00 -6.19342218e+01 -1.89518122e-02 
 1.93865264e+09  1.93865264e+09  0.00000000e+00 -6.19375305e+01 -1.93954150e-02 
 1.99526231e+09  1.99526231e+09  0.00000000e+00 -6.19410063e+01 -1.98429629e-02 
 2.05352503e+09  2.05352503e+09  0.00000000e+00 -6.19446559e+01 -2.02938857e-02 
 2.11348904e+09  2.11348904e+09  0.00000000e+00 -6.19484861e+01 -2.07475521e-02 
 2.17520403e+09  2.17520403e+09  0.00000000e+00 -6.19525038e+01 -2.12032660e-02 
 2.23872114e+09  2.23872114e+09  0.00000000e+00 -6.19567158e+01 -2.16602631e-02 
 2.30409298e+09  2.30409298e+09  0.00000000e+00 -6.19611289e+01 -2.21177071e-02 
 2.37137371e+09  2.37137371e+09  0.00000000e+00 -6.19657501e+01 -2.25746863e-02 
 2.44061907e+09  2.44061907e+09  0.00000000e+00 -6.19705859e+01 -2.30302105e-02 
 2.51188643e+09  2.51188643e+09  0.00000000e+00 -6.19756429e+01 -2.34832071e-02 
 2.58523484e+09  2.58523484e+09  0.00000000e+00 -6.19809276e+01 -2.39325186e-02 
 2.66072506e+09  2.66072506e+09  0.00000000e+00 -6.19864461e+01 -2.43768993e-02 
 2.73841963e+09  2.73841963e+09  0.00000000e+00 -6.19922042e+01 -2.48150133e-02 
 2.81838293e+09  2.81838293e+09  0.00000000e+00 -6.19982074e+01 -2.52454322e-02 
 2.90068120e+09  2.90068120e+09  0.00000000e+00 -6.20044608e+01 -2.56666332e-02 
 2.98538262e+09  2.98538262e+09  0.00000000e+00 -6.20109689e+01 -2.60769985e-02 
 3.07255737e+09  3.07255737e+09  0.00000000e+00 -6.20177357e+01 -2.64748143e-02 
 3.16227766e+09  3.16227766e+09  0.00000000e+00 -6.20247644e+01 -2.68582716e-02 
 3.25461783e+09  3.25461783e+09  0.00000000e+00 -6.20320575e+01 -2.72254669e-02 
 3.34965439e+09  3.34965439e+09  0.00000000e+00 -6.20396168e+01 -2.75744041e-02 
 3.44746607e+09  3.44746607e+09  0.00000000e+00 -6.20474429e+01 -2.79029980e-02 
 3.54813389e+09  3.54813389e+09  0.00000000e+00 -6.20555356e+01 -2.82090776e-02 
 3.65174127e+09  3.65174127e+09  0.00000000e+00 -6.20638934e+01 -2.84903917e-02 
 3.75837404e+09  3.75837404e+09  0.00000000e+00 -6.20725136e+01 -2.87446155e-02 
 3.86812055e+09  3.86812055e+09  0.00000000e+00 -6.20813922e+01 -2.89693578e-02 
 3.98107171e+09  3.98107171e+09  0.00000000e+00 -6.20905237e+01 -2.91621709e-02 
 4.09732110e+09  4.09732110e+09  0.00000000e+00 -6.20999013e+01 -2.93205602e-02 
 4.21696503e+09  4.21696503e+09  0.00000000e+00 -6.21095161e+01 -2.94419971e-02 
 4.34010264e+09  4.34010264e+09  0.00000000e+00 -6.21193581e+01 -2.95239319e-02 
 4.46683592e+09  4.46683592e+09  0.00000000e+00 -6.21294150e+01 -2.95638090e-02 
 4.59726989e+09  4.59726989e+09  0.00000000e+00 -6.21396731e+01 -2.95590827e-02 
 4.73151259e+09  4.73151259e+09  0.00000000e+00 -6.21501165e+01 -2.95072357e-02 
 4.86967525e+09  4.86967525e+09  0.00000000e+00 -6.21607275e+01 -2.94057971e-02 
 5.01187234e+09  5.01187234e+09  0.00000000e+00 -6.21714863e+01 -2.92523629e-02 
 5.15822165e+09  5.15822165e+09  0.00000000e+00 -6.21823713e+01 -2.90446169e-02 
 5.30884444e+09  5.30884444e+09  0.00000000e+00 -6.21933589e+01 -2.87803527e-02 
 5.46386550e+09  5.46386550e+09  0.00000000e+00 -6.22044234e+01 -2.84574956e-02 
 5.62341325e+09  5.62341325e+09  0.00000000e+00 -6.22155374e+01 -2.80741258e-02 
 5.78761988e+09  5.78761988e+09  0.00000000e+00 -6.22266715e+01 -2.76285010e-02 
 5.95662144e+09  5.95662144e+09  0.00000000e+00 -6.22377947e+01 -2.71190790e-02 
 6.13055792e+09  6.13055792e+09  0.00000000e+00 -6.22488743e+01 -2.65445403e-02 
 6.30957344e+09  6.30957344e+09  0.00000000e+00 -6.22598760e+01 -2.59038087e-02 
 6.49381632e+09  6.49381632e+09  0.00000000e+00 -6.22707643e+01 -2.51960724e-02 
 6.68343918e+09  6.68343918e+09  0.00000000e+00 -6.22815025e+01 -2.44208024e-02 
 6.87859912e+09  6.87859912e+09  0.00000000e+00 -6.22920527e+01 -2.35777702e-02 
 7.07945784e+09  7.07945784e+09  0.00000000e+00 -6.23023766e+01 -2.26670622e-02 
 7.28618175e+09  7.28618175e+09  0.00000000e+00 -6.23124351e+01 -2.16890936e-02 
 7.49894209e+09  7.49894209e+09  0.00000000e+00 -6.23221887e+01 -2.06446185e-02 
 7.71791516e+09  7.71791516e+09  0.00000000e+00 -6.23315983e+01 -1.95347376e-02 
 7.94328235e+09  7.94328235e+09  0.00000000e+00 -6.23406244e+01 -1.83609035e-02 
 8.17523038e+09  8.17523038e+09  0.00000000e+00 -6.23492286e+01 -1.71249224e-02 
 8.41395142e+09  8.41395142e+09  0.00000000e+00 -6.23573727e+01 -1.58289532e-02 
 8.65964323e+09  8.65964323e+09  0.00000000e+00 -6.23650200e+01 -1.44755033e-02 
 8.91250938e+09  8.91250938e+09  0.00000000e+00 -6.23721349e+01 -1.30674211e-02 
 9.17275935e+09  9.17275935e+09  0.00000000e+00 -6.23786833e+01 -1.16078856e-02 
 9.44060876e+09  9.44060876e+09  0.00000000e+00 -6.23846330e+01 -1.01003929e-02 
 9.71627952e+09  9.71627952e+09  0.00000000e+00 -6.23899540e+01 -8.54873994e-03 
 1.00000000e+10  1.00000000e+10  0.00000000e+00 -6.23946185e+01 -6.95700507e-03 
