 v-sweep         v(in)           v(out)          i(vdd)         
 0.00000000e+00  0.00000000e+00  2.50000000e+00 -2.51000262e-12 
 4.16666670e-03  4.16666670e-03  2.50000344e+00 -2.51000436e-12 
 8.33333340e-03  8.33333340e-03  2.50000339e+00 -2.51000262e-12 
 1.25000001e-02  1.25000001e-02  2.50000001e+00 -2.51000262e-12 
 1.66666668e-02  1.66666668e-02  2.50000000e+00 -2.51000262e-12 
 2.08333335e-02  2.08333335e-02  2.50000000e+00 -2.50999742e-12 
 2.50000002e-02  2.50000002e-02  2.50000000e+00 -2.51000262e-12 
 2.91666669e-02  2.91666669e-02  2.50000000e+00 -2.51000089e-12 
 3.33333336e-02  3.33333336e-02  2.50000000e+00 -2.50999915e-12 
 3.75000003e-02  3.75000003e-02  2.50000000e+00 -2.51000262e-12 
 4.16666670e-02  4.16666670e-02  2.50000000e+00 -2.51000262e-12 
 4.58333337e-02  4.58333337e-02  2.50000000e+00 -2.50999915e-12 
 5.00000004e-02  5.00000004e-02  2.50000000e+00 -2.50999915e-12 
 5.41666671e-02  5.41666671e-02  2.50000000e+00 -2.51000089e-12 
 5.83333338e-02  5.83333338e-02  2.50000000e+00 -2.50999915e-12 
 6.25000005e-02  6.25000005e-02  2.50000000e+00 -2.50999915e-12 
 6.66666672e-02  6.66666672e-02  2.50000000e+00 -2.50999915e-12 
 7.08333339e-02  7.08333339e-02  2.50000000e+00 -2.51000089e-12 
 7.50000006e-02  7.50000006e-02  2.50000000e+00 -2.50999915e-12 
 7.91666673e-02  7.91666673e-02  2.50000000e+00 -2.51000262e-12 
 8.33333340e-02  8.33333340e-02  2.50000000e+00 -2.51000089e-12 
 8.75000007e-02  8.75000007e-02  2.50000000e+00 -2.51000089e-12 
 9.16666674e-02  9.16666674e-02  2.50000000e+00 -2.51000089e-12 
 9.58333341e-02  9.58333341e-02  2.50000000e+00 -2.50999742e-12 
 1.00000001e-01  1.00000001e-01  2.50000000e+00 -2.50999915e-12 
 1.04166668e-01  1.04166668e-01  2.50000000e+00 -2.50999742e-12 
 1.08333334e-01  1.08333334e-01  2.50000000e+00 -2.50999915e-12 
 1.12500001e-01  1.12500001e-01  2.50000000e+00 -2.51000436e-12 
 1.16666668e-01  1.16666668e-01  2.50000000e+00 -2.50999915e-12 
 1.20833334e-01  1.20833334e-01  2.50000000e+00 -2.50999742e-12 
 1.25000001e-01  1.25000001e-01  2.50000000e+00 -2.50999742e-12 
 1.29166668e-01  1.29166668e-01  2.50000000e+00 -2.51000089e-12 
 1.33333334e-01  1.33333334e-01  2.50000000e+00 -2.50999915e-12 
 1.37500001e-01  1.37500001e-01  2.50000000e+00 -2.51000089e-12 
 1.41666668e-01  1.41666668e-01  2.50000000e+00 -2.50999742e-12 
 1.45833334e-01  1.45833334e-01  2.50000000e+00 -2.51000089e-12 
 1.50000001e-01  1.50000001e-01  2.50000000e+00 -2.51000089e-12 
 1.54166668e-01  1.54166668e-01  2.50000000e+00 -2.50999915e-12 
 1.58333335e-01  1.58333335e-01  2.50000000e+00 -2.50999915e-12 
 1.62500001e-01  1.62500001e-01  2.50000000e+00 -2.50999915e-12 
 1.66666668e-01  1.66666668e-01  2.50000000e+00 -2.50999915e-12 
 1.70833335e-01  1.70833335e-01  2.50000000e+00 -2.51000089e-12 
 1.75000001e-01  1.75000001e-01  2.50000000e+00 -2.51000089e-12 
 1.79166668e-01  1.79166668e-01  2.50000000e+00 -2.50999742e-12 
 1.83333335e-01  1.83333335e-01  2.50000000e+00 -2.50999915e-12 
 1.87500001e-01  1.87500001e-01  2.50000000e+00 -2.51000089e-12 
 1.91666668e-01  1.91666668e-01  2.50000000e+00 -2.50999915e-12 
 1.95833335e-01  1.95833335e-01  2.50000000e+00 -2.51000089e-12 
 2.00000002e-01  2.00000002e-01  2.50000000e+00 -2.51000089e-12 
 2.04166668e-01  2.04166668e-01  2.50000000e+00 -2.51000089e-12 
 2.08333335e-01  2.08333335e-01  2.50000000e+00 -2.50999742e-12 
 2.12500002e-01  2.12500002e-01  2.50000000e+00 -2.50999915e-12 
 2.16666668e-01  2.16666668e-01  2.50000000e+00 -2.51000089e-12 
 2.20833335e-01  2.20833335e-01  2.50000000e+00 -2.51000089e-12 
 2.25000002e-01  2.25000002e-01  2.50000000e+00 -2.51000089e-12 
 2.29166668e-01  2.29166668e-01  2.50000000e+00 -2.50999742e-12 
 2.33333335e-01  2.33333335e-01  2.50000000e+00 -2.50999915e-12 
 2.37500002e-01  2.37500002e-01  2.50000000e+00 -2.50999742e-12 
 2.41666669e-01  2.41666669e-01  2.50000000e+00 -2.51000089e-12 
 2.45833335e-01  2.45833335e-01  2.50000000e+00 -2.51000089e-12 
 2.50000002e-01  2.50000002e-01  2.50000000e+00 -2.51000089e-12 
 2.54166669e-01  2.54166669e-01  2.50000000e+00 -2.50999915e-12 
 2.58333335e-01  2.58333335e-01  2.50000000e+00 -2.51000089e-12 
 2.62500002e-01  2.62500002e-01  2.50000000e+00 -2.50999915e-12 
 2.66666669e-01  2.66666669e-01  2.50000000e+00 -2.50999915e-12 
 2.70833335e-01  2.70833335e-01  2.50000000e+00 -2.51000089e-12 
 2.75000002e-01  2.75000002e-01  2.50000000e+00 -2.50999915e-12 
 2.79166669e-01  2.79166669e-01  2.50000000e+00 -2.51000089e-12 
 2.83333336e-01  2.83333336e-01  2.50000000e+00 -2.51000089e-12 
 2.87500002e-01  2.87500002e-01  2.50000000e+00 -2.51000262e-12 
 2.91666669e-01  2.91666669e-01  2.50000000e+00 -2.50999742e-12 
 2.95833336e-01  2.95833336e-01  2.50000000e+00 -2.51000089e-12 
 3.00000002e-01  3.00000002e-01  2.50000000e+00 -2.51000089e-12 
 3.04166669e-01  3.04166669e-01  2.50000000e+00 -2.50999915e-12 
 3.08333336e-01  3.08333336e-01  2.50000000e+00 -2.50999915e-12 
 3.12500002e-01  3.12500002e-01  2.50000000e+00 -2.51000089e-12 
 3.16666669e-01  3.16666669e-01  2.50000000e+00 -2.51000089e-12 
 3.20833336e-01  3.20833336e-01  2.50000000e+00 -2.50999742e-12 
 3.25000003e-01  3.25000003e-01  2.50000000e+00 -2.50999915e-12 
 3.29166669e-01  3.29166669e-01  2.50000000e+00 -2.50999915e-12 
 3.33333336e-01  3.33333336e-01  2.50000000e+00 -2.51000089e-12 
 3.37500003e-01  3.37500003e-01  2.50000000e+00 -2.50999915e-12 
 3.41666669e-01  3.41666669e-01  2.50000000e+00 -2.50999742e-12 
 3.45833336e-01  3.45833336e-01  2.50000000e+00 -2.51000262e-12 
 3.50000003e-01  3.50000003e-01  2.50000000e+00 -2.51000089e-12 
 3.54166669e-01  3.54166669e-01  2.50000000e+00 -2.51000089e-12 
 3.58333336e-01  3.58333336e-01  2.50000000e+00 -2.51000089e-12 
 3.62500003e-01  3.62500003e-01  2.50000000e+00 -2.50999915e-12 
 3.66666670e-01  3.66666670e-01  2.50000000e+00 -2.51000089e-12 
 3.70833336e-01  3.70833336e-01  2.50000000e+00 -2.51000089e-12 
 3.75000003e-01  3.75000003e-01  2.50000000e+00 -2.51000089e-12 
 3.79166670e-01  3.79166670e-01  2.50000000e+00 -2.51000089e-12 
 3.83333336e-01  3.83333336e-01  2.50000000e+00 -2.51000089e-12 
 3.87500003e-01  3.87500003e-01  2.50000000e+00 -2.51000262e-12 
 3.91666670e-01  3.91666670e-01  2.50000000e+00 -2.50999915e-12 
 3.95833336e-01  3.95833336e-01  2.50000000e+00 -2.51000089e-12 
 4.00000003e-01  4.00000003e-01  2.50000000e+00 -2.51000089e-12 
 4.04166670e-01  4.04166670e-01  2.50000000e+00 -2.51000089e-12 
 4.08333337e-01  4.08333337e-01  2.50000000e+00 -2.51000089e-12 
 4.12500003e-01  4.12500003e-01  2.50000000e+00 -2.50999915e-12 
 4.16666670e-01  4.16666670e-01  2.50000000e+00 -2.50999915e-12 
 4.20833337e-01  4.20833337e-01  2.50000000e+00 -2.50999915e-12 
 4.25000003e-01  4.25000003e-01  2.50000000e+00 -2.51000089e-12 
 4.29166670e-01  4.29166670e-01  2.50000000e+00 -2.51000089e-12 
 4.33333337e-01  4.33333337e-01  2.49999821e+00 -5.62474339e-09 
 4.37500003e-01  4.37500003e-01  2.49999092e+00 -2.84650231e-08 
 4.41666670e-01  4.41666670e-01  2.49997797e+00 -6.88746948e-08 
 4.45833337e-01  4.45833337e-01  2.49995932e+00 -1.26853687e-07 
 4.50000004e-01  4.50000004e-01  2.49993493e+00 -2.02401896e-07 
 4.54166670e-01  4.54166670e-01  2.49990474e+00 -2.95519186e-07 
 4.58333337e-01  4.58333337e-01  2.49986872e+00 -4.06205388e-07 
 4.62500004e-01  4.62500004e-01  2.49982683e+00 -5.34460303e-07 
 4.66666670e-01  4.66666670e-01  2.49977900e+00 -6.80283693e-07 
 4.70833337e-01  4.70833337e-01  2.49972520e+00 -8.43675292e-07 
 4.75000004e-01  4.75000004e-01  2.49966539e+00 -1.02463479e-06 
 4.79166670e-01  4.79166670e-01  2.49959950e+00 -1.22316186e-06 
 4.83333337e-01  4.83333337e-01  2.49952750e+00 -1.43925613e-06 
 4.87500004e-01  4.87500004e-01  2.49944933e+00 -1.67291717e-06 
 4.91666671e-01  4.91666671e-01  2.49936495e+00 -1.92414456e-06 
 4.95833337e-01  4.95833337e-01  2.49927430e+00 -2.19293780e-06 
 5.00000004e-01  5.00000004e-01  2.49917734e+00 -2.47929637e-06 
 5.04166671e-01  5.04166671e-01  2.49907401e+00 -2.78321973e-06 
 5.08333337e-01  5.08333337e-01  2.49896427e+00 -3.10470727e-06 
 5.12500004e-01  5.12500004e-01  2.49884805e+00 -3.44375836e-06 
 5.16666671e-01  5.16666671e-01  2.49872531e+00 -3.80037233e-06 
 5.20833337e-01  5.20833337e-01  2.49859599e+00 -4.17454846e-06 
 5.25000004e-01  5.25000004e-01  2.49846004e+00 -4.56628600e-06 
 5.29166671e-01  5.29166671e-01  2.49831740e+00 -4.97558416e-06 
 5.33333338e-01  5.33333338e-01  2.49816802e+00 -5.40244209e-06 
 5.37500004e-01  5.37500004e-01  2.49801184e+00 -5.84685892e-06 
 5.41666671e-01  5.41666671e-01  2.49784881e+00 -6.30883373e-06 
 5.45833338e-01  5.45833338e-01  2.49767886e+00 -6.78836555e-06 
 5.50000004e-01  5.50000004e-01  2.49750194e+00 -7.28545338e-06 
 5.54166671e-01  5.54166671e-01  2.49731798e+00 -7.80009616e-06 
 5.58333338e-01  5.58333338e-01  2.49712694e+00 -8.33229279e-06 
 5.62500004e-01  5.62500004e-01  2.49693232e+00 -8.87326597e-06 
 5.66666671e-01  5.66666671e-01  2.49672695e+00 -9.44056754e-06 
 5.70833338e-01  5.70833338e-01  2.49651430e+00 -1.00254193e-05 
 5.75000005e-01  5.75000005e-01  2.49629430e+00 -1.06278201e-05 
 5.79166671e-01  5.79166671e-01  2.49606690e+00 -1.12477686e-05 
 5.83333338e-01  5.83333338e-01  2.49583203e+00 -1.18852633e-05 
 5.87500005e-01  5.87500005e-01  2.49558963e+00 -1.25403029e-05 
 5.91666671e-01  5.91666671e-01  2.49533963e+00 -1.32128860e-05 
 5.95833338e-01  5.95833338e-01  2.49508196e+00 -1.39030108e-05 
 6.00000005e-01  6.00000005e-01  2.49481656e+00 -1.46106759e-05 
 6.04166671e-01  6.04166671e-01  2.49454335e+00 -1.53358796e-05 
 6.08333338e-01  6.08333338e-01  2.49426226e+00 -1.60786203e-05 
 6.12500005e-01  6.12500005e-01  2.49397324e+00 -1.68388960e-05 
 6.16666672e-01  6.16666672e-01  2.49367619e+00 -1.76167052e-05 
 6.20833338e-01  6.20833338e-01  2.49337105e+00 -1.84120458e-05 
 6.25000005e-01  6.25000005e-01  2.49305774e+00 -1.92249160e-05 
 6.29166672e-01  6.29166672e-01  2.49273620e+00 -2.00553139e-05 
 6.33333338e-01  6.33333338e-01  2.49240634e+00 -2.09032372e-05 
 6.37500005e-01  6.37500005e-01  2.49206809e+00 -2.17686840e-05 
 6.41666672e-01  6.41666672e-01  2.49172136e+00 -2.26516521e-05 
 6.45833338e-01  6.45833338e-01  2.49136609e+00 -2.35521393e-05 
 6.50000005e-01  6.50000005e-01  2.49100218e+00 -2.44701433e-05 
 6.54166672e-01  6.54166672e-01  2.49062957e+00 -2.54056617e-05 
 6.58333339e-01  6.58333339e-01  2.49024815e+00 -2.63586921e-05 
 6.62500005e-01  6.62500005e-01  2.48985786e+00 -2.73292321e-05 
 6.66666672e-01  6.66666672e-01  2.48945861e+00 -2.83172790e-05 
 6.70833339e-01  6.70833339e-01  2.48905030e+00 -2.93228304e-05 
 6.75000005e-01  6.75000005e-01  2.48863285e+00 -3.03458834e-05 
 6.79166672e-01  6.79166672e-01  2.48820618e+00 -3.13864353e-05 
 6.83333339e-01  6.83333339e-01  2.48777019e+00 -3.24444834e-05 
 6.87500005e-01  6.87500005e-01  2.48732480e+00 -3.35200246e-05 
 6.91666672e-01  6.91666672e-01  2.48686990e+00 -3.46130560e-05 
 6.95833339e-01  6.95833339e-01  2.48640540e+00 -3.57235746e-05 
 7.00000006e-01  7.00000006e-01  2.48593121e+00 -3.68515773e-05 
 7.04166672e-01  7.04166672e-01  2.48544724e+00 -3.79970607e-05 
 7.08333339e-01  7.08333339e-01  2.48495338e+00 -3.91600217e-05 
 7.12500006e-01  7.12500006e-01  2.48444952e+00 -4.03404568e-05 
 7.16666672e-01  7.16666672e-01  2.48393558e+00 -4.15383626e-05 
 7.20833339e-01  7.20833339e-01  2.48341145e+00 -4.27537356e-05 
 7.25000006e-01  7.25000006e-01  2.48287702e+00 -4.39865722e-05 
 7.29166672e-01  7.29166672e-01  2.48233218e+00 -4.52368685e-05 
 7.33333339e-01  7.33333339e-01  2.48177683e+00 -4.65046209e-05 
 7.37500006e-01  7.37500006e-01  2.48121086e+00 -4.77898254e-05 
 7.41666673e-01  7.41666673e-01  2.48063416e+00 -4.90924781e-05 
 7.45833339e-01  7.45833339e-01  2.48004660e+00 -5.04125748e-05 
 7.50000006e-01  7.50000006e-01  2.47944808e+00 -5.17501115e-05 
 7.54166673e-01  7.54166673e-01  2.47883848e+00 -5.31050837e-05 
 7.58333339e-01  7.58333339e-01  2.47821768e+00 -5.44774873e-05 
 7.62500006e-01  7.62500006e-01  2.47758556e+00 -5.58673176e-05 
 7.66666673e-01  7.66666673e-01  2.47694199e+00 -5.72745701e-05 
 7.70833339e-01  7.70833339e-01  2.47628686e+00 -5.86992401e-05 
 7.75000006e-01  7.75000006e-01  2.47562002e+00 -6.01413229e-05 
 7.79166673e-01  7.79166673e-01  2.47494136e+00 -6.16008135e-05 
 7.83333340e-01  7.83333340e-01  2.47425073e+00 -6.30777069e-05 
 7.87500006e-01  7.87500006e-01  2.47354802e+00 -6.45719980e-05 
 7.91666673e-01  7.91666673e-01  2.47283307e+00 -6.60836816e-05 
 7.95833340e-01  7.95833340e-01  2.47210575e+00 -6.76127524e-05 
 8.00000006e-01  8.00000006e-01  2.47136592e+00 -6.91592047e-05 
 8.04166673e-01  8.04166673e-01  2.47061344e+00 -7.07230330e-05 
 8.08333340e-01  8.08333340e-01  2.46984816e+00 -7.23042317e-05 
 8.12500006e-01  8.12500006e-01  2.46906993e+00 -7.39027948e-05 
 8.16666673e-01  8.16666673e-01  2.46827859e+00 -7.55187163e-05 
 8.20833340e-01  8.20833340e-01  2.46747400e+00 -7.71519901e-05 
 8.25000007e-01  8.25000007e-01  2.46665599e+00 -7.88026100e-05 
 8.29166673e-01  8.29166673e-01  2.46582441e+00 -8.04705696e-05 
 8.33333340e-01  8.33333340e-01  2.46497910e+00 -8.21558623e-05 
 8.37500007e-01  8.37500007e-01  2.46411987e+00 -8.38584813e-05 
 8.41666673e-01  8.41666673e-01  2.46324658e+00 -8.55784200e-05 
 8.45833340e-01  8.45833340e-01  2.46235904e+00 -8.73156713e-05 
 8.50000007e-01  8.50000007e-01  2.46145707e+00 -8.90702279e-05 
 8.54166673e-01  8.54166673e-01  2.46054051e+00 -9.08420827e-05 
 8.58333340e-01  8.58333340e-01  2.45960915e+00 -9.26312282e-05 
 8.62500007e-01  8.62500007e-01  2.45866283e+00 -9.44376567e-05 
 8.66666674e-01  8.66666674e-01  2.45770135e+00 -9.62613603e-05 
 8.70833340e-01  8.70833340e-01  2.45672450e+00 -9.81023312e-05 
 8.75000007e-01  8.75000007e-01  2.45573211e+00 -9.99605611e-05 
 8.79166674e-01  8.79166674e-01  2.45472396e+00 -1.01836042e-04 
 8.83333340e-01  8.83333340e-01  2.45369984e+00 -1.03728764e-04 
 8.87500007e-01  8.87500007e-01  2.45265956e+00 -1.05638721e-04 
 8.91666674e-01  8.91666674e-01  2.45160288e+00 -1.07565901e-04 
 8.95833340e-01  8.95833340e-01  2.45052960e+00 -1.09510297e-04 
 9.00000007e-01  9.00000007e-01  2.44943949e+00 -1.11471899e-04 
 9.04166674e-01  9.04166674e-01  2.44833232e+00 -1.13450698e-04 
 9.08333341e-01  9.08333341e-01  2.44720785e+00 -1.15446683e-04 
 9.12500007e-01  9.12500007e-01  2.44606585e+00 -1.17459845e-04 
 9.16666674e-01  9.16666674e-01  2.44490608e+00 -1.19490173e-04 
 9.20833341e-01  9.20833341e-01  2.44372828e+00 -1.21537658e-04 
 9.25000007e-01  9.25000007e-01  2.44253220e+00 -1.23602287e-04 
 9.29166674e-01  9.29166674e-01  2.44131758e+00 -1.25684051e-04 
 9.33333341e-01  9.33333341e-01  2.44008415e+00 -1.27782939e-04 
 9.37500007e-01  9.37500007e-01  2.43883164e+00 -1.29898937e-04 
 9.41666674e-01  9.41666674e-01  2.43755978e+00 -1.32032036e-04 
 9.45833341e-01  9.45833341e-01  2.43626827e+00 -1.34182223e-04 
 9.50000008e-01  9.50000008e-01  2.43495682e+00 -1.36349486e-04 
 9.54166674e-01  9.54166674e-01  2.43362514e+00 -1.38533811e-04 
 9.58333341e-01  9.58333341e-01  2.43227291e+00 -1.40735187e-04 
 9.62500008e-01  9.62500008e-01  2.43089984e+00 -1.42953600e-04 
 9.66666674e-01  9.66666674e-01  2.42950558e+00 -1.45189036e-04 
 9.70833341e-01  9.70833341e-01  2.42808983e+00 -1.47441482e-04 
 9.75000008e-01  9.75000008e-01  2.42665222e+00 -1.49710923e-04 
 9.79166674e-01  9.79166674e-01  2.42519244e+00 -1.51997345e-04 
 9.83333341e-01  9.83333341e-01  2.42371011e+00 -1.54300733e-04 
 9.87500008e-01  9.87500008e-01  2.42220487e+00 -1.56621072e-04 
 9.91666675e-01  9.91666675e-01  2.42067636e+00 -1.58958346e-04 
 9.95833341e-01  9.95833341e-01  2.41912418e+00 -1.61312540e-04 
 1.00000001e+00  1.00000001e+00  2.41754795e+00 -1.63683635e-04 
 1.00416667e+00  1.00416667e+00  2.41594726e+00 -1.66071617e-04 
 1.00833334e+00  1.00833334e+00  2.41432170e+00 -1.68476467e-04 
 1.01250001e+00  1.01250001e+00  2.41267085e+00 -1.70898168e-04 
 1.01666667e+00  1.01666667e+00  2.41099426e+00 -1.73336701e-04 
 1.02083334e+00  1.02083334e+00  2.40929148e+00 -1.75792049e-04 
 1.02500001e+00  1.02500001e+00  2.40756207e+00 -1.78264191e-04 
 1.02916667e+00  1.02916667e+00  2.40580553e+00 -1.80753108e-04 
 1.03333334e+00  1.03333334e+00  2.40402138e+00 -1.83258780e-04 
 1.03750001e+00  1.03750001e+00  2.40220912e+00 -1.85781186e-04 
 1.04166667e+00  1.04166667e+00  2.40036823e+00 -1.88320305e-04 
 1.04583334e+00  1.04583334e+00  2.39849818e+00 -1.90876114e-04 
 1.05000001e+00  1.05000001e+00  2.39659842e+00 -1.93448592e-04 
 1.05416668e+00  1.05416668e+00  2.39466838e+00 -1.96037715e-04 
 1.05833334e+00  1.05833334e+00  2.39270747e+00 -1.98643459e-04 
 1.06250001e+00  1.06250001e+00  2.39071511e+00 -2.01265800e-04 
 1.06666668e+00  1.06666668e+00  2.38869065e+00 -2.03904713e-04 
 1.07083334e+00  1.07083334e+00  2.38663348e+00 -2.06560171e-04 
 1.07500001e+00  1.07500001e+00  2.38454291e+00 -2.09232149e-04 
 1.07916668e+00  1.07916668e+00  2.38241828e+00 -2.11920618e-04 
 1.08333334e+00  1.08333334e+00  2.38025887e+00 -2.14625549e-04 
 1.08750001e+00  1.08750001e+00  2.37806396e+00 -2.17346915e-04 
 1.09166668e+00  1.09166668e+00  2.37583278e+00 -2.20084685e-04 
 1.09583334e+00  1.09583334e+00  2.37356456e+00 -2.22838827e-04 
 1.10000001e+00  1.10000001e+00  2.37125850e+00 -2.25609310e-04 
 1.10416668e+00  1.10416668e+00  2.36891374e+00 -2.28396101e-04 
 1.10833334e+00  1.10833334e+00  2.36652943e+00 -2.31199165e-04 
 1.11250001e+00  1.11250001e+00  2.36410467e+00 -2.34018467e-04 
 1.11666668e+00  1.11666668e+00  2.36163852e+00 -2.36853971e-04 
 1.12083334e+00  1.12083334e+00  2.35913001e+00 -2.39705639e-04 
 1.12500001e+00  1.12500001e+00  2.35657814e+00 -2.42573432e-04 
 1.12916668e+00  1.12916668e+00  2.35398187e+00 -2.45457310e-04 
 1.13333334e+00  1.13333334e+00  2.35134010e+00 -2.48357231e-04 
 1.13750001e+00  1.13750001e+00  2.34865172e+00 -2.51273152e-04 
 1.14166668e+00  1.14166668e+00  2.34591553e+00 -2.54205028e-04 
 1.14583334e+00  1.14583334e+00  2.34313033e+00 -2.57152813e-04 
 1.15000001e+00  1.15000001e+00  2.34029484e+00 -2.60116457e-04 
 1.15416668e+00  1.15416668e+00  2.33740771e+00 -2.63095913e-04 
 1.15833334e+00  1.15833334e+00  2.33446757e+00 -2.66091126e-04 
 1.16250001e+00  1.16250001e+00  2.33147297e+00 -2.69102044e-04 
 1.16666668e+00  1.16666668e+00  2.32842239e+00 -2.72128610e-04 
 1.17083334e+00  1.17083334e+00  2.32531424e+00 -2.75170766e-04 
 1.17500001e+00  1.17500001e+00  2.32214686e+00 -2.78228451e-04 
 1.17916668e+00  1.17916668e+00  2.31891851e+00 -2.81301601e-04 
 1.18333334e+00  1.18333334e+00  2.31562738e+00 -2.84390149e-04 
 1.18750001e+00  1.18750001e+00  2.31227154e+00 -2.87494028e-04 
 1.19166668e+00  1.19166668e+00  2.30884899e+00 -2.90613164e-04 
 1.19583334e+00  1.19583334e+00  2.30535761e+00 -2.93747482e-04 
 1.20000001e+00  1.20000001e+00  2.30179518e+00 -2.96896903e-04 
 1.20416668e+00  1.20416668e+00  2.29815934e+00 -3.00061344e-04 
 1.20833334e+00  1.20833334e+00  2.29444763e+00 -3.03240718e-04 
 1.21250001e+00  1.21250001e+00  2.29065742e+00 -3.06434934e-04 
 1.21666668e+00  1.21666668e+00  2.28678596e+00 -3.09643895e-04 
 1.22083334e+00  1.22083334e+00  2.28283031e+00 -3.12867501e-04 
 1.22500001e+00  1.22500001e+00  2.27878738e+00 -3.16105646e-04 
 1.22916668e+00  1.22916668e+00  2.27465386e+00 -3.19358216e-04 
 1.23333334e+00  1.23333334e+00  2.27042625e+00 -3.22625094e-04 
 1.23750001e+00  1.23750001e+00  2.26610083e+00 -3.25906153e-04 
 1.24166668e+00  1.24166668e+00  2.26167361e+00 -3.29201261e-04 
 1.24583334e+00  1.24583334e+00  2.25714034e+00 -3.32510276e-04 
 1.25000001e+00  1.25000001e+00  2.25249648e+00 -3.35833049e-04 
 1.25416668e+00  1.25416668e+00  2.24773713e+00 -3.39169418e-04 
 1.25833334e+00  1.25833334e+00  2.24285706e+00 -3.42519215e-04 
 1.26250001e+00  1.26250001e+00  2.23785062e+00 -3.45882256e-04 
 1.26666668e+00  1.26666668e+00  2.23271172e+00 -3.49258346e-04 
 1.27083334e+00  1.27083334e+00  2.22743378e+00 -3.52647275e-04 
 1.27500001e+00  1.27500001e+00  2.22200965e+00 -3.56048816e-04 
 1.27916668e+00  1.27916668e+00  2.21643155e+00 -3.59462727e-04 
 1.28333334e+00  1.28333334e+00  2.21069103e+00 -3.62888742e-04 
 1.28750001e+00  1.28750001e+00  2.20477881e+00 -3.66326575e-04 
 1.29166668e+00  1.29166668e+00  2.19868473e+00 -3.69775914e-04 
 1.29583334e+00  1.29583334e+00  2.19239759e+00 -3.73236418e-04 
 1.30000001e+00  1.30000001e+00  2.18590502e+00 -3.76707711e-04 
 1.30416668e+00  1.30416668e+00  2.17919327e+00 -3.80189382e-04 
 1.30833334e+00  1.30833334e+00  2.17224701e+00 -3.83680974e-04 
 1.31250001e+00  1.31250001e+00  2.16504909e+00 -3.87181980e-04 
 1.31666668e+00  1.31666668e+00  2.15758015e+00 -3.90691833e-04 
 1.32083334e+00  1.32083334e+00  2.14981826e+00 -3.94209895e-04 
 1.32500001e+00  1.32500001e+00  2.14173842e+00 -3.97735445e-04 
 1.32916668e+00  1.32916668e+00  2.13331187e+00 -4.01267661e-04 
 1.33333334e+00  1.33333334e+00  2.12450534e+00 -4.04805597e-04 
 1.33750001e+00  1.33750001e+00  2.11527989e+00 -4.08348159e-04 
 1.34166668e+00  1.34166668e+00  2.10558957e+00 -4.11894064e-04 
 1.34583334e+00  1.34583334e+00  2.09537944e+00 -4.15441791e-04 
 1.35000001e+00  1.35000001e+00  2.08458298e+00 -4.18989516e-04 
 1.35416668e+00  1.35416668e+00  2.07311835e+00 -4.22535012e-04 
 1.35833334e+00  1.35833334e+00  2.06088299e+00 -4.26075510e-04 
 1.36250001e+00  1.36250001e+00  2.04774549e+00 -4.29607497e-04 
 1.36666668e+00  1.36666668e+00  2.03353297e+00 -4.33126386e-04 
 1.37083334e+00  1.37083334e+00  2.01801030e+00 -4.36625995e-04 
 1.37500001e+00  1.37500001e+00  2.00084395e+00 -4.40097626e-04 
 1.37916668e+00  1.37916668e+00  1.98153399e+00 -4.43528356e-04 
 1.38333334e+00  1.38333334e+00  1.95728344e+00 -4.46853635e-04 
 1.38750001e+00  1.38750001e+00  1.92927697e+00 -4.50090374e-04 
 1.39166668e+00  1.39166668e+00  1.89123970e+00 -4.53087461e-04 
 1.39583334e+00  1.39583334e+00  1.79745823e+00 -4.54712662e-04 
 1.40000001e+00  1.40000001e+00  1.60960673e+00 -4.54009796e-04 
 1.40416668e+00  1.40416668e+00  1.42106869e+00 -4.53195174e-04 
 1.40833334e+00  1.40833334e+00  1.23211821e+00 -4.52305840e-04 
 1.41250001e+00  1.41250001e+00  1.04278609e+00 -4.51341844e-04 
 1.41666668e+00  1.41666668e+00  9.08594640e-01 -4.48897327e-04 
 1.42083334e+00  1.42083334e+00  8.48251591e-01 -4.44654599e-04 
 1.42500001e+00  1.42500001e+00  8.04943775e-01 -4.40002686e-04 
 1.42916668e+00  1.42916668e+00  7.69124112e-01 -4.35183553e-04 
 1.43333334e+00  1.43333334e+00  7.38220710e-01 -4.30264394e-04 
 1.43750001e+00  1.43750001e+00  7.10784280e-01 -4.25283314e-04 
 1.44166668e+00  1.44166668e+00  6.85959957e-01 -4.20263085e-04 
 1.44583334e+00  1.44583334e+00  6.63195854e-01 -4.15218612e-04 
 1.45000001e+00  1.45000001e+00  6.42111556e-01 -4.10160312e-04 
 1.45416668e+00  1.45416668e+00  6.22431748e-01 -4.05095831e-04 
 1.45833334e+00  1.45833334e+00  6.03381090e-01 -4.00030314e-04 
 1.46250001e+00  1.46250001e+00  5.86034853e-01 -3.94966881e-04 
 1.46666668e+00  1.46666668e+00  5.69553437e-01 -3.89912613e-04 
 1.47083335e+00  1.47083335e+00  5.53871610e-01 -3.84869481e-04 
 1.47500001e+00  1.47500001e+00  5.38905722e-01 -3.79839984e-04 
 1.47916668e+00  1.47916668e+00  5.24586993e-01 -3.74826204e-04 
 1.48333335e+00  1.48333335e+00  5.10857090e-01 -3.69829934e-04 
 1.48750001e+00  1.48750001e+00  4.97666076e-01 -3.64852727e-04 
 1.49166668e+00  1.49166668e+00  4.84970817e-01 -3.59895946e-04 
 1.49583335e+00  1.49583335e+00  4.72733745e-01 -3.54960792e-04 
 1.50000001e+00  1.50000001e+00  4.60921910e-01 -3.50048334e-04 
 1.50416668e+00  1.50416668e+00  4.49506217e-01 -3.45159528e-04 
 1.50833335e+00  1.50833335e+00  4.38460826e-01 -3.40295237e-04 
 1.51250001e+00  1.51250001e+00  4.27762662e-01 -3.35456237e-04 
 1.51666668e+00  1.51666668e+00  4.17391019e-01 -3.30643239e-04 
 1.52083335e+00  1.52083335e+00  4.07327231e-01 -3.25856889e-04 
 1.52500001e+00  1.52500001e+00  3.97554401e-01 -3.21097780e-04 
 1.52916668e+00  1.52916668e+00  3.88057174e-01 -3.16366458e-04 
 1.53333335e+00  1.53333335e+00  3.78821549e-01 -3.11663427e-04 
 1.53750001e+00  1.53750001e+00  3.69834715e-01 -3.06989155e-04 
 1.54166668e+00  1.54166668e+00  3.61084912e-01 -3.02344076e-04 
 1.54583335e+00  1.54583335e+00  3.52561319e-01 -2.97728594e-04 
 1.55000001e+00  1.55000001e+00  3.44253946e-01 -2.93143087e-04 
 1.55416668e+00  1.55416668e+00  3.36153551e-01 -2.88587909e-04 
 1.55833335e+00  1.55833335e+00  3.28251562e-01 -2.84063392e-04 
 1.56250001e+00  1.56250001e+00  3.20540011e-01 -2.79569848e-04 
 1.56666668e+00  1.56666668e+00  3.13011476e-01 -2.75107572e-04 
 1.57083335e+00  1.57083335e+00  3.05659029e-01 -2.70676840e-04 
 1.57500001e+00  1.57500001e+00  2.98476192e-01 -2.66277916e-04 
 1.57916668e+00  1.57916668e+00  2.91456896e-01 -2.61911047e-04 
 1.58333335e+00  1.58333335e+00  2.84595446e-01 -2.57576471e-04 
 1.58750001e+00  1.58750001e+00  2.77886490e-01 -2.53274410e-04 
 1.59166668e+00  1.59166668e+00  2.71324987e-01 -2.49005077e-04 
 1.59583335e+00  1.59583335e+00  2.64906189e-01 -2.44768676e-04 
 1.60000001e+00  1.60000001e+00  2.58625611e-01 -2.40565400e-04 
 1.60416668e+00  1.60416668e+00  2.52479013e-01 -2.36395433e-04 
 1.60833335e+00  1.60833335e+00  2.46462383e-01 -2.32258951e-04 
 1.61250001e+00  1.61250001e+00  2.40571920e-01 -2.28156124e-04 
 1.61666668e+00  1.61666668e+00  2.34804014e-01 -2.24087112e-04 
 1.62083335e+00  1.62083335e+00  2.29155241e-01 -2.20052072e-04 
 1.62500001e+00  1.62500001e+00  2.23622342e-01 -2.16051149e-04 
 1.62916668e+00  1.62916668e+00  2.18202216e-01 -2.12084489e-04 
 1.63333335e+00  1.63333335e+00  2.12891908e-01 -2.08152226e-04 
 1.63750001e+00  1.63750001e+00  2.07688602e-01 -2.04254493e-04 
 1.64166668e+00  1.64166668e+00  2.02589607e-01 -2.00391417e-04 
 1.64583335e+00  1.64583335e+00  1.97592354e-01 -1.96563118e-04 
 1.65000001e+00  1.65000001e+00  1.92694386e-01 -1.92769715e-04 
 1.65416668e+00  1.65416668e+00  1.87893352e-01 -1.89011321e-04 
 1.65833335e+00  1.65833335e+00  1.83187000e-01 -1.85288044e-04 
 1.66250001e+00  1.66250001e+00  1.78573171e-01 -1.81599990e-04 
 1.66666668e+00  1.66666668e+00  1.74049796e-01 -1.77947261e-04 
 1.67083335e+00  1.67083335e+00  1.69614888e-01 -1.74329954e-04 
 1.67500001e+00  1.67500001e+00  1.65266536e-01 -1.70748166e-04 
 1.67916668e+00  1.67916668e+00  1.61002908e-01 -1.67201986e-04 
 1.68333335e+00  1.68333335e+00  1.56822239e-01 -1.63691504e-04 
 1.68750001e+00  1.68750001e+00  1.52722829e-01 -1.60216806e-04 
 1.69166668e+00  1.69166668e+00  1.48703045e-01 -1.56777975e-04 
 1.69583335e+00  1.69583335e+00  1.44761311e-01 -1.53375091e-04 
 1.70000001e+00  1.70000001e+00  1.40896107e-01 -1.50008232e-04 
 1.70416668e+00  1.70416668e+00  1.37105967e-01 -1.46677474e-04 
 1.70833335e+00  1.70833335e+00  1.33389479e-01 -1.43382889e-04 
 1.71250001e+00  1.71250001e+00  1.29745275e-01 -1.40124549e-04 
 1.71666668e+00  1.71666668e+00  1.26172036e-01 -1.36902523e-04 
 1.72083335e+00  1.72083335e+00  1.22668487e-01 -1.33716877e-04 
 1.72500001e+00  1.72500001e+00  1.19233393e-01 -1.30567675e-04 
 1.72916668e+00  1.72916668e+00  1.15865562e-01 -1.27454981e-04 
 1.73333335e+00  1.73333335e+00  1.12563838e-01 -1.24378856e-04 
 1.73750001e+00  1.73750001e+00  1.09327102e-01 -1.21339359e-04 
 1.74166668e+00  1.74166668e+00  1.06154269e-01 -1.18336546e-04 
 1.74583335e+00  1.74583335e+00  1.03044288e-01 -1.15370475e-04 
 1.75000001e+00  1.75000001e+00  9.99961419e-02 -1.12441199e-04 
 1.75416668e+00  1.75416668e+00  9.70088404e-02 -1.09548771e-04 
 1.75833335e+00  1.75833335e+00  9.40814248e-02 -1.06693241e-04 
 1.76250001e+00  1.76250001e+00  9.12129635e-02 -1.03874661e-04 
 1.76666668e+00  1.76666668e+00  8.84025521e-02 -1.01093077e-04 
 1.77083335e+00  1.77083335e+00  8.56493117e-02 -9.83485369e-05 
 1.77500001e+00  1.77500001e+00  8.29523883e-02 -9.56410863e-05 
 1.77916668e+00  1.77916668e+00  8.03109514e-02 -9.29707695e-05 
 1.78333335e+00  1.78333335e+00  7.77241933e-02 -9.03376295e-05 
 1.78750001e+00  1.78750001e+00  7.51913283e-02 -8.77417081e-05 
 1.79166668e+00  1.79166668e+00  7.27115917e-02 -8.51830461e-05 
 1.79583335e+00  1.79583335e+00  7.02842389e-02 -8.26616829e-05 
 1.80000001e+00  1.80000001e+00  6.79085448e-02 -8.01776571e-05 
 1.80416668e+00  1.80416668e+00  6.55838033e-02 -7.77310059e-05 
 1.80833335e+00  1.80833335e+00  6.33093261e-02 -7.53217658e-05 
 1.81250001e+00  1.81250001e+00  6.10844423e-02 -7.29499719e-05 
 1.81666668e+00  1.81666668e+00  5.89084979e-02 -7.06156587e-05 
 1.82083335e+00  1.82083335e+00  5.67808549e-02 -6.83188594e-05 
 1.82500001e+00  1.82500001e+00  5.47008911e-02 -6.60596063e-05 
 1.82916668e+00  1.82916668e+00  5.26679991e-02 -6.38379311e-05 
 1.83333335e+00  1.83333335e+00  5.06815862e-02 -6.16538642e-05 
 1.83750001e+00  1.83750001e+00  4.87410736e-02 -5.95074353e-05 
 1.84166668e+00  1.84166668e+00  4.68458962e-02 -5.73986733e-05 
 1.84583335e+00  1.84583335e+00  4.49955020e-02 -5.53276062e-05 
 1.85000001e+00  1.85000001e+00  4.31893513e-02 -5.32942612e-05 
 1.85416668e+00  1.85416668e+00  4.14269171e-02 -5.12986646e-05 
 1.85833335e+00  1.85833335e+00  3.97076840e-02 -4.93408421e-05 
 1.86250001e+00  1.86250001e+00  3.80311481e-02 -4.74208186e-05 
 1.86666668e+00  1.86666668e+00  3.63968165e-02 -4.55386181e-05 
 1.87083335e+00  1.87083335e+00  3.48042071e-02 -4.36942641e-05 
 1.87500001e+00  1.87500001e+00  3.32528483e-02 -4.18877792e-05 
 1.87916668e+00  1.87916668e+00  3.17422783e-02 -4.01191854e-05 
 1.88333335e+00  1.88333335e+00  3.02720454e-02 -3.83885040e-05 
 1.88750002e+00  1.88750002e+00  2.88417070e-02 -3.66957557e-05 
 1.89166668e+00  1.89166668e+00  2.74508300e-02 -3.50409603e-05 
 1.89583335e+00  1.89583335e+00  2.60989898e-02 -3.34241373e-05 
 1.90000002e+00  1.90000002e+00  2.47857709e-02 -3.18453053e-05 
 1.90416668e+00  1.90416668e+00  2.35107658e-02 -3.03044825e-05 
 1.90833335e+00  1.90833335e+00  2.22735753e-02 -2.88016863e-05 
 1.91250002e+00  1.91250002e+00  2.10738079e-02 -2.73369336e-05 
 1.91666668e+00  1.91666668e+00  1.99110801e-02 -2.59102407e-05 
 1.92083335e+00  1.92083335e+00  1.87850156e-02 -2.45216235e-05 
 1.92500002e+00  1.92500002e+00  1.76952452e-02 -2.31710970e-05 
 1.92916668e+00  1.92916668e+00  1.66592545e-02 -2.18777322e-05 
 1.93333335e+00  1.93333335e+00  1.56408180e-02 -2.06034375e-05 
 1.93750002e+00  1.93750002e+00  1.46576132e-02 -1.93672756e-05 
 1.94166668e+00  1.94166668e+00  1.37092979e-02 -1.81692596e-05 
 1.94583335e+00  1.94583335e+00  1.27955363e-02 -1.70094020e-05 
 1.95000002e+00  1.95000002e+00  1.19159985e-02 -1.58877148e-05 
 1.95416668e+00  1.95416668e+00  1.10703607e-02 -1.48042096e-05 
 1.95833335e+00  1.95833335e+00  1.02583049e-02 -1.37588974e-05 
 1.96250002e+00  1.96250002e+00  9.47951863e-03 -1.27517888e-05 
 1.96666668e+00  1.96666668e+00  8.73369497e-03 -1.17828940e-05 
 1.97083335e+00  1.97083335e+00  8.02053235e-03 -1.08522226e-05 
 1.97500002e+00  1.97500002e+00  7.33973437e-03 -9.95978370e-06 
 1.97916668e+00  1.97916668e+00  6.69100973e-03 -9.10558616e-06 
 1.98333335e+00  1.98333335e+00  6.07407206e-03 -8.28963825e-06 
 1.98750002e+00  1.98750002e+00  5.48863982e-03 -7.51194784e-06 
 1.99166668e+00  1.99166668e+00  4.93443615e-03 -6.77252239e-06 
 1.99583335e+00  1.99583335e+00  4.41118877e-03 -6.07136892e-06 
 2.00000002e+00  2.00000002e+00  3.91862989e-03 -5.40849404e-06 
 2.00416668e+00  2.00416668e+00  3.45649604e-03 -4.78390396e-06 
 2.00833335e+00  2.00833335e+00  3.02452801e-03 -4.19760449e-06 
 2.01250002e+00  2.01250002e+00  2.62247077e-03 -3.64960104e-06 
 2.01666668e+00  2.01666668e+00  2.25007328e-03 -3.13989862e-06 
 2.02083335e+00  2.02083335e+00  1.90708848e-03 -2.66850188e-06 
 2.02500002e+00  2.02500002e+00  1.59327318e-03 -2.23541506e-06 
 2.02916668e+00  2.02916668e+00  1.30838792e-03 -1.84064205e-06 
 2.03333335e+00  2.03333335e+00  1.05219693e-03 -1.48418638e-06 
 2.03750002e+00  2.03750002e+00  8.24468050e-04 -1.16605118e-06 
 2.04166668e+00  2.04166668e+00  6.24972598e-04 -8.86239256e-07 
 2.04583335e+00  2.04583335e+00  4.53485335e-04 -6.44753048e-07 
 2.05000002e+00  2.05000002e+00  3.09784366e-04 -4.41594648e-07 
 2.05416668e+00  2.05416668e+00  1.93651071e-04 -2.76765806e-07 
 2.05833335e+00  2.05833335e+00  1.04870026e-04 -1.50267930e-07 
 2.06250002e+00  2.06250002e+00  4.32289380e-05 -6.21020967e-08 
 2.06666668e+00  2.06666668e+00  8.51853712e-06 -1.22690495e-08 
 2.07083335e+00  2.07083335e+00  1.64958744e-09 -2.51000000e-12 
 2.07500002e+00  2.07500002e+00  1.73411848e-09 -2.51000000e-12 
 2.07916668e+00  2.07916668e+00  1.72951198e-09 -2.51000000e-12 
 2.08333335e+00  2.08333335e+00  1.72515395e-09 -2.51000000e-12 
 2.08750002e+00  2.08750002e+00  1.72081727e-09 -2.51000000e-12 
 2.09166668e+00  2.09166668e+00  1.71650234e-09 -2.51000000e-12 
 2.09583335e+00  2.09583335e+00  1.71220899e-09 -2.51000000e-12 
 2.10000002e+00  2.10000002e+00  1.70793706e-09 -2.51000000e-12 
 2.10416668e+00  2.10416668e+00  1.70368640e-09 -2.51000000e-12 
 2.10833335e+00  2.10833335e+00  1.69945684e-09 -2.51000000e-12 
 2.11250002e+00  2.11250002e+00  1.69524824e-09 -2.51000000e-12 
 2.11666668e+00  2.11666668e+00  1.69106042e-09 -2.51000000e-12 
 2.12083335e+00  2.12083335e+00  1.68689325e-09 -2.51000000e-12 
 2.12500002e+00  2.12500002e+00  1.68274656e-09 -2.51000000e-12 
 2.12916668e+00  2.12916668e+00  1.67862021e-09 -2.51000000e-12 
 2.13333335e+00  2.13333335e+00  1.67451404e-09 -2.51000000e-12 
 2.13750002e+00  2.13750002e+00  1.67042792e-09 -2.51000000e-12 
 2.14166668e+00  2.14166668e+00  1.66636169e-09 -2.51000000e-12 
 2.14583335e+00  2.14583335e+00  1.66231520e-09 -2.51000000e-12 
 2.15000002e+00  2.15000002e+00  1.65828832e-09 -2.51000000e-12 
 2.15416668e+00  2.15416668e+00  1.65428091e-09 -2.51000000e-12 
 2.15833335e+00  2.15833335e+00  1.65029281e-09 -2.51000000e-12 
 2.16250002e+00  2.16250002e+00  1.64632390e-09 -2.51000000e-12 
 2.16666668e+00  2.16666668e+00  1.64237403e-09 -2.51000000e-12 
 2.17083335e+00  2.17083335e+00  1.63844307e-09 -2.51000000e-12 
 2.17500002e+00  2.17500002e+00  1.63453088e-09 -2.51000000e-12 
 2.17916668e+00  2.17916668e+00  1.63063734e-09 -2.51000000e-12 
 2.18333335e+00  2.18333335e+00  1.62676229e-09 -2.51000000e-12 
 2.18750002e+00  2.18750002e+00  1.62290562e-09 -2.51000000e-12 
 2.19166668e+00  2.19166668e+00  1.61906719e-09 -2.51000000e-12 
 2.19583335e+00  2.19583335e+00  1.61524688e-09 -2.51000000e-12 
 2.20000002e+00  2.20000002e+00  1.61144455e-09 -2.51000000e-12 
 2.20416668e+00  2.20416668e+00  1.60766008e-09 -2.51000000e-12 
 2.20833335e+00  2.20833335e+00  1.60389335e-09 -2.51000000e-12 
 2.21250002e+00  2.21250002e+00  1.60014422e-09 -2.51000000e-12 
 2.21666668e+00  2.21666668e+00  1.59641258e-09 -2.51000000e-12 
 2.22083335e+00  2.22083335e+00  1.59269831e-09 -2.51000000e-12 
 2.22500002e+00  2.22500002e+00  1.58900128e-09 -2.51000000e-12 
 2.22916668e+00  2.22916668e+00  1.58532137e-09 -2.51000000e-12 
 2.23333335e+00  2.23333335e+00  1.58165847e-09 -2.51000000e-12 
 2.23750002e+00  2.23750002e+00  1.57801245e-09 -2.51000000e-12 
 2.24166668e+00  2.24166668e+00  1.57438321e-09 -2.51000000e-12 
 2.24583335e+00  2.24583335e+00  1.57077062e-09 -2.51000000e-12 
 2.25000002e+00  2.25000002e+00  1.56717457e-09 -2.51000000e-12 
 2.25416668e+00  2.25416668e+00  1.56359495e-09 -2.51000000e-12 
 2.25833335e+00  2.25833335e+00  1.56003164e-09 -2.51000000e-12 
 2.26250002e+00  2.26250002e+00  1.55648454e-09 -2.51000000e-12 
 2.26666668e+00  2.26666668e+00  1.55295353e-09 -2.51000000e-12 
 2.27083335e+00  2.27083335e+00  1.54943851e-09 -2.51000000e-12 
 2.27500002e+00  2.27500002e+00  1.54593936e-09 -2.51000000e-12 
 2.27916668e+00  2.27916668e+00  1.54245598e-09 -2.51000000e-12 
 2.28333335e+00  2.28333335e+00  1.53898826e-09 -2.51000000e-12 
 2.28750002e+00  2.28750002e+00  1.53553610e-09 -2.51000000e-12 
 2.29166669e+00  2.29166669e+00  1.53209940e-09 -2.51000000e-12 
 2.29583335e+00  2.29583335e+00  1.52867804e-09 -2.51000000e-12 
 2.30000002e+00  2.30000002e+00  1.52527193e-09 -2.51000000e-12 
 2.30416669e+00  2.30416669e+00  1.52188096e-09 -2.51000000e-12 
 2.30833335e+00  2.30833335e+00  1.51850504e-09 -2.51000000e-12 
 2.31250002e+00  2.31250002e+00  1.51514406e-09 -2.51000000e-12 
 2.31666669e+00  2.31666669e+00  1.51179793e-09 -2.51000000e-12 
 2.32083335e+00  2.32083335e+00  1.50846654e-09 -2.51000000e-12 
 2.32500002e+00  2.32500002e+00  1.50514980e-09 -2.51000000e-12 
 2.32916669e+00  2.32916669e+00  1.50184762e-09 -2.51000000e-12 
 2.33333335e+00  2.33333335e+00  1.49855989e-09 -2.51000000e-12 
 2.33750002e+00  2.33750002e+00  1.49528653e-09 -2.51000000e-12 
 2.34166669e+00  2.34166669e+00  1.49202744e-09 -2.51000000e-12 
 2.34583335e+00  2.34583335e+00  1.48878252e-09 -2.51000000e-12 
 2.35000002e+00  2.35000002e+00  1.48555168e-09 -2.51000000e-12 
 2.35416669e+00  2.35416669e+00  1.48233484e-09 -2.51000000e-12 
 2.35833335e+00  2.35833335e+00  1.47913190e-09 -2.51000000e-12 
 2.36250002e+00  2.36250002e+00  1.47594277e-09 -2.51000000e-12 
 2.36666669e+00  2.36666669e+00  1.47276737e-09 -2.51000000e-12 
 2.37083335e+00  2.37083335e+00  1.46960559e-09 -2.51000000e-12 
 2.37500002e+00  2.37500002e+00  1.46645737e-09 -2.51000000e-12 
 2.37916669e+00  2.37916669e+00  1.46332260e-09 -2.51000000e-12 
 2.38333335e+00  2.38333335e+00  1.46020121e-09 -2.51000000e-12 
 2.38750002e+00  2.38750002e+00  1.45709310e-09 -2.51000000e-12 
 2.39166669e+00  2.39166669e+00  1.45399820e-09 -2.51000000e-12 
 2.39583335e+00  2.39583335e+00  1.45091642e-09 -2.51000000e-12 
 2.40000002e+00  2.40000002e+00  1.44784767e-09 -2.51000000e-12 
 2.40416669e+00  2.40416669e+00  1.44479188e-09 -2.51000000e-12 
 2.40833335e+00  2.40833335e+00  1.44174896e-09 -2.51000000e-12 
 2.41250002e+00  2.41250002e+00  1.43871883e-09 -2.51000000e-12 
 2.41666669e+00  2.41666669e+00  1.43570140e-09 -2.51000000e-12 
 2.42083335e+00  2.42083335e+00  1.43269661e-09 -2.51000000e-12 
 2.42500002e+00  2.42500002e+00  1.42970438e-09 -2.51000000e-12 
 2.42916669e+00  2.42916669e+00  1.42672461e-09 -2.51000000e-12 
 2.43333335e+00  2.43333335e+00  1.42375724e-09 -2.51000000e-12 
 2.43750002e+00  2.43750002e+00  1.42080218e-09 -2.51000000e-12 
 2.44166669e+00  2.44166669e+00  1.41785937e-09 -2.51000000e-12 
 2.44583335e+00  2.44583335e+00  1.41492872e-09 -2.51000000e-12 
 2.45000002e+00  2.45000002e+00  1.41201017e-09 -2.51000000e-12 
 2.45416669e+00  2.45416669e+00  1.40910362e-09 -2.51000000e-12 
 2.45833335e+00  2.45833335e+00  1.40620902e-09 -2.51000000e-12 
 2.46250002e+00  2.46250002e+00  1.40332629e-09 -2.51000000e-12 
 2.46666669e+00  2.46666669e+00  1.40045535e-09 -2.51000000e-12 
 2.47083335e+00  2.47083335e+00  1.39759614e-09 -2.51000000e-12 
 2.47500002e+00  2.47500002e+00  1.39474857e-09 -2.51000000e-12 
 2.47916669e+00  2.47916669e+00  1.39191259e-09 -2.51000000e-12 
 2.48333335e+00  2.48333335e+00  1.38908811e-09 -2.51000000e-12 
 2.48750002e+00  2.48750002e+00  1.38627508e-09 -2.51000000e-12 
 2.49166669e+00  2.49166669e+00  1.38347341e-09 -2.51000000e-12 
 2.49583335e+00  2.49583335e+00  1.38068305e-09 -2.51000000e-12 
